timestamp,accel_device_id_primary,accel_device_ids[0],accel_device_ids[1],accel_device_ids[2],accel_device_ids[3],accel_inconsistency_m_s_s[0],accel_inconsistency_m_s_s[1],accel_inconsistency_m_s_s[2],accel_inconsistency_m_s_s[3],gyro_device_id_primary,gyro_device_ids[0],gyro_device_ids[1],gyro_device_ids[2],gyro_device_ids[3],gyro_inconsistency_rad_s[0],gyro_inconsistency_rad_s[1],gyro_inconsistency_rad_s[2],gyro_inconsistency_rad_s[3],accel_healthy[0],accel_healthy[1],accel_healthy[2],accel_healthy[3],accel_priority[0],accel_priority[1],accel_priority[2],accel_priority[3],gyro_healthy[0],gyro_healthy[1],gyro_healthy[2],gyro_healthy[3],gyro_priority[0],gyro_priority[1],gyro_priority[2],gyro_priority[3]
539373838,2490378,4259850,2490378,0,0,0.1495892,0.14958918,0.0,0.0,2490378,4325386,2490378,0,0,0.012109354,0.012109354,0.0,0.0,1,1,0,0,50,50,0,0,1,1,0,0,50,50,0,0
539378819,2490378,4259850,2490378,0,0,0.14792842,0.14792839,0.0,0.0,2490378,4325386,2490378,0,0,0.012082505,0.012082505,0.0,0.0,1,1,0,0,50,50,0,0,1,1,0,0,50,50,0,0
539572922,2490378,4259850,2490378,0,0,0.15531164,0.15531161,0.0,0.0,2490378,4325386,2490378,0,0,0.012127815,0.012127815,0.0,0.0,1,1,0,0,50,50,0,0,1,1,0,0,50,50,0,0
539772019,2490378,4259850,2490378,0,0,0.14949393,0.14949393,0.0,0.0,2490378,4325386,2490378,0,0,0.011722225,0.011722227,0.0,0.0,1,1,0,0,50,50,0,0,1,1,0,0,50,50,0,0
539971109,2490378,4259850,2490378,0,0,0.15092453,0.15092452,0.0,0.0,2490378,4325386,2490378,0,0,0.0116936155,0.011693617,0.0,0.0,1,1,0,0,50,50,0,0,1,1,0,0,50,50,0,0
540175178,2490378,4259850,2490378,0,0,0.14685394,0.14685394,0.0,0.0,2490378,4325386,2490378,0,0,0.012034915,0.012034917,0.0,0.0,1,1,0,0,50,50,0,0,1,1,0,0,50,50,0,0
540374264,2490378,4259850,2490378,0,0,0.14772332,0.14772333,0.0,0.0,2490378,4325386,2490378,0,0,0.011554196,0.011554196,0.0,0.0,1,1,0,0,50,50,0,0,1,1,0,0,50,50,0,0
540573355,2490378,4259850,2490378,0,0,0.14739579,0.1473958,0.0,0.0,2490378,4325386,2490378,0,0,0.011685875,0.011685875,0.0,0.0,1,1,0,0,50,50,0,0,1,1,0,0,50,50,0,0
540777429,2490378,4259850,2490378,0,0,0.14535476,0.14535473,0.0,0.0,2490378,4325386,2490378,0,0,0.011574953,0.011574953,0.0,0.0,1,1,0,0,50,50,0,0,1,1,0,0,50,50,0,0
540976516,2490378,4259850,2490378,0,0,0.14397638,0.14397638,0.0,0.0,2490378,4325386,2490378,0,0,0.011466191,0.011466191,0.0,0.0,1,1,0,0,50,50,0,0,1,1,0,0,50,50,0,0
541175640,2490378,4259850,2490378,0,0,0.15050519,0.15050519,0.0,0.0,2490378,4325386,2490378,0,0,0.011645036,0.011645036,0.0,0.0,1,1,0,0,50,50,0,0,1,1,0,0,50,50,0,0
541374706,2490378,4259850,2490378,0,0,0.14998269,0.14998269,0.0,0.0,2490378,4325386,2490378,0,0,0.011828067,0.011828067,0.0,0.0,1,1,0,0,50,50,0,0,1,1,0,0,50,50,0,0
541578775,2490378,4259850,2490378,0,0,0.15126412,0.15126413,0.0,0.0,2490378,4325386,2490378,0,0,0.011567866,0.011567866,0.0,0.0,1,1,0,0,50,50,0,0,1,1,0,0,50,50,0,0
541777868,2490378,4259850,2490378,0,0,0.15166265,0.15166265,0.0,0.0,2490378,4325386,2490378,0,0,0.011600261,0.011600261,0.0,0.0,1,1,0,0,50,50,0,0,1,1,0,0,50,50,0,0
541976964,2490378,4259850,2490378,0,0,0.15184589,0.15184586,0.0,0.0,2490378,4325386,2490378,0,0,0.0121256905,0.0121256905,0.0,0.0,1,1,0,0,50,50,0,0,1,1,0,0,50,50,0,0
542176047,2490378,4259850,2490378,0,0,0.15059511,0.15059513,0.0,0.0,2490378,4325386,2490378,0,0,0.011835397,0.011835397,0.0,0.0,1,1,0,0,50,50,0,0,1,1,0,0,50,50,0,0
542375141,2490378,4259850,2490378,0,0,0.14928672,0.14928673,0.0,0.0,2490378,4325386,2490378,0,0,0.012106311,0.012106311,0.0,0.0,1,1,0,0,50,50,0,0,1,1,0,0,50,50,0,0
542574238,2490378,4259850,2490378,0,0,0.14991112,0.14991112,0.0,0.0,2490378,4325386,2490378,0,0,0.011815862,0.011815862,0.0,0.0,1,1,0,0,50,50,0,0,1,1,0,0,50,50,0,0
542773322,2490378,4259850,2490378,0,0,0.15003133,0.15003136,0.0,0.0,2490378,4325386,2490378,0,0,0.0122222705,0.012222271,0.0,0.0,1,1,0,0,50,50,0,0,1,1,0,0,50,50,0,0
542977395,2490378,4259850,2490378,0,0,0.14968337,0.14968334,0.0,0.0,2490378,4325386,2490378,0,0,0.012142957,0.012142957,0.0,0.0,1,1,0,0,50,50,0,0,1,1,0,0,50,50,0,0
543176488,2490378,4259850,2490378,0,0,0.14972158,0.1497216,0.0,0.0,2490378,4325386,2490378,0,0,0.012138366,0.012138366,0.0,0.0,1,1,0,0,50,50,0,0,1,1,0,0,50,50,0,0
543375577,2490378,4259850,2490378,0,0,0.1481567,0.14815672,0.0,0.0,2490378,4325386,2490378,0,0,0.011438778,0.011438778,0.0,0.0,1,1,0,0,50,50,0,0,1,1,0,0,50,50,0,0
543574680,2490378,4259850,2490378,0,0,0.14687312,0.14687312,0.0,0.0,2490378,4325386,2490378,0,0,0.0122789,0.0122789,0.0,0.0,1,1,0,0,50,50,0,0,1,1,0,0,50,50,0,0
543773766,2490378,4259850,2490378,0,0,0.15004766,0.15004766,0.0,0.0,2490378,4325386,2490378,0,0,0.01205812,0.01205812,0.0,0.0,1,1,0,0,50,50,0,0,1,1,0,0,50,50,0,0
543972887,2490378,4259850,2490378,0,0,0.14934456,0.14934453,0.0,0.0,2490378,4325386,2490378,0,0,0.012042571,0.012042571,0.0,0.0,1,1,0,0,50,50,0,0,1,1,0,0,50,50,0,0
544171947,2490378,4259850,2490378,0,0,0.14950398,0.14950399,0.0,0.0,2490378,4325386,2490378,0,0,0.011709139,0.011709139,0.0,0.0,1,1,0,0,50,50,0,0,1,1,0,0,50,50,0,0
544376015,2490378,4259850,2490378,0,0,0.15053646,0.15053648,0.0,0.0,2490378,4325386,2490378,0,0,0.011480613,0.011480613,0.0,0.0,1,1,0,0,50,50,0,0,1,1,0,0,50,50,0,0
544575135,2490378,4259850,2490378,0,0,0.14968678,0.14968681,0.0,0.0,2490378,4325386,2490378,0,0,0.011373896,0.011373896,0.0,0.0,1,1,0,0,50,50,0,0,1,1,0,0,50,50,0,0
544774203,2490378,4259850,2490378,0,0,0.15105718,0.15105721,0.0,0.0,2490378,4325386,2490378,0,0,0.011842721,0.011842721,0.0,0.0,1,1,0,0,50,50,0,0,1,1,0,0,50,50,0,0
544973292,2490378,4259850,2490378,0,0,0.15158339,0.15158339,0.0,0.0,2490378,4325386,2490378,0,0,0.011400223,0.011400223,0.0,0.0,1,1,0,0,50,50,0,0,1,1,0,0,50,50,0,0
545172386,2490378,4259850,2490378,0,0,0.14959879,0.14959878,0.0,0.0,2490378,4325386,2490378,0,0,0.011643107,0.011643107,0.0,0.0,1,1,0,0,50,50,0,0,1,1,0,0,50,50,0,0
545376475,2490378,4259850,2490378,0,0,0.15111183,0.15111184,0.0,0.0,2490378,4325386,2490378,0,0,0.012275298,0.012275297,0.0,0.0,1,1,0,0,50,50,0,0,1,1,0,0,50,50,0,0
545575546,2490378,4259850,2490378,0,0,0.14815821,0.14815821,0.0,0.0,2490378,4325386,2490378,0,0,0.01167933,0.01167933,0.0,0.0,1,1,0,0,50,50,0,0,1,1,0,0,50,50,0,0
545774660,2490378,4259850,2490378,0,0,0.15021762,0.15021764,0.0,0.0,2490378,4325386,2490378,0,0,0.0118448865,0.0118448865,0.0,0.0,1,1,0,0,50,50,0,0,1,1,0,0,50,50,0,0
545973732,2490378,4259850,2490378,0,0,0.1481526,0.14815263,0.0,0.0,2490378,4325386,2490378,0,0,0.011926348,0.011926349,0.0,0.0,1,1,0,0,50,50,0,0,1,1,0,0,50,50,0,0
546177925,2490378,4259850,2490378,0,0,0.1505239,0.15052389,0.0,0.0,2490378,4325386,2490378,0,0,0.011941712,0.011941712,0.0,0.0,1,1,0,0,50,50,0,0,1,1,0,0,50,50,0,0
546376893,2490378,4259850,2490378,0,0,0.15051663,0.15051661,0.0,0.0,2490378,4325386,2490378,0,0,0.012176146,0.012176148,0.0,0.0,1,1,0,0,50,50,0,0,1,1,0,0,50,50,0,0
546575965,2490378,4259850,2490378,0,0,0.14982462,0.14982462,0.0,0.0,2490378,4325386,2490378,0,0,0.011455562,0.011455562,0.0,0.0,1,1,0,0,50,50,0,0,1,1,0,0,50,50,0,0
546775216,2490378,4259850,2490378,0,0,0.1495409,0.14954092,0.0,0.0,2490378,4325386,2490378,0,0,0.011377167,0.011377167,0.0,0.0,1,1,0,0,50,50,0,0,1,1,0,0,50,50,0,0
546974173,2490378,4259850,2490378,0,0,0.15163119,0.15163119,0.0,0.0,2490378,4325386,2490378,0,0,0.0113934,0.011393399,0.0,0.0,1,1,0,0,50,50,0,0,1,1,0,0,50,50,0,0
547178241,2490378,4259850,2490378,0,0,0.1481795,0.1481795,0.0,0.0,2490378,4325386,2490378,0,0,0.011534309,0.011534309,0.0,0.0,1,1,0,0,50,50,0,0,1,1,0,0,50,50,0,0
547377364,2490378,4259850,2490378,0,0,0.14952514,0.14952514,0.0,0.0,2490378,4325386,2490378,0,0,0.011504381,0.011504381,0.0,0.0,1,1,0,0,50,50,0,0,1,1,0,0,50,50,0,0
547576425,2490378,4259850,2490378,0,0,0.1483686,0.1483686,0.0,0.0,2490378,4325386,2490378,0,0,0.0117565235,0.0117565235,0.0,0.0,1,1,0,0,50,50,0,0,1,1,0,0,50,50,0,0
547775565,2490378,4259850,2490378,0,0,0.1462425,0.14624248,0.0,0.0,2490378,4325386,2490378,0,0,0.011656862,0.011656862,0.0,0.0,1,1,0,0,50,50,0,0,1,1,0,0,50,50,0,0
547974609,2490378,4259850,2490378,0,0,0.14589442,0.14589441,0.0,0.0,2490378,4325386,2490378,0,0,0.012091141,0.012091141,0.0,0.0,1,1,0,0,50,50,0,0,1,1,0,0,50,50,0,0
548173712,2490378,4259850,2490378,0,0,0.14735821,0.14735825,0.0,0.0,2490378,4325386,2490378,0,0,0.011579272,0.011579272,0.0,0.0,1,1,0,0,50,50,0,0,1,1,0,0,50,50,0,0
548372809,2490378,4259850,2490378,0,0,0.14965354,0.14965355,0.0,0.0,2490378,4325386,2490378,0,0,0.011348613,0.011348613,0.0,0.0,1,1,0,0,50,50,0,0,1,1,0,0,50,50,0,0
548576871,2490378,4259850,2490378,0,0,0.14984865,0.14984865,0.0,0.0,2490378,4325386,2490378,0,0,0.011170752,0.011170752,0.0,0.0,1,1,0,0,50,50,0,0,1,1,0,0,50,50,0,0
548775956,2490378,4259850,2490378,0,0,0.1501453,0.1501453,0.0,0.0,2490378,4325386,2490378,0,0,0.012067507,0.012067507,0.0,0.0,1,1,0,0,50,50,0,0,1,1,0,0,50,50,0,0
548975049,2490378,4259850,2490378,0,0,0.14836462,0.1483646,0.0,0.0,2490378,4325386,2490378,0,0,0.011589825,0.011589825,0.0,0.0,1,1,0,0,50,50,0,0,1,1,0,0,50,50,0,0
549174172,2490378,4259850,2490378,0,0,0.14908464,0.14908466,0.0,0.0,2490378,4325386,2490378,0,0,0.01177459,0.011774588,0.0,0.0,1,1,0,0,50,50,0,0,1,1,0,0,50,50,0,0
549373233,2490378,4259850,2490378,0,0,0.14838144,0.14838144,0.0,0.0,2490378,4325386,2490378,0,0,0.011820514,0.011820514,0.0,0.0,1,1,0,0,50,50,0,0,1,1,0,0,50,50,0,0
549572327,2490378,4259850,2490378,0,0,0.1479797,0.1479797,0.0,0.0,2490378,4325386,2490378,0,0,0.011759698,0.011759698,0.0,0.0,1,1,0,0,50,50,0,0,1,1,0,0,50,50,0,0
549771422,2490378,4259850,2490378,0,0,0.14936559,0.14936557,0.0,0.0,2490378,4325386,2490378,0,0,0.011547163,0.011547164,0.0,0.0,1,1,0,0,50,50,0,0,1,1,0,0,50,50,0,0
549975489,2490378,4259850,2490378,0,0,0.14882815,0.14882815,0.0,0.0,2490378,4325386,2490378,0,0,0.011843671,0.011843673,0.0,0.0,1,1,0,0,50,50,0,0,1,1,0,0,50,50,0,0
550174610,2490378,4259850,2490378,0,0,0.15176469,0.15176469,0.0,0.0,2490378,4325386,2490378,0,0,0.01179638,0.01179638,0.0,0.0,1,1,0,0,50,50,0,0,1,1,0,0,50,50,0,0
550373711,2490378,4259850,2490378,0,0,0.15029685,0.15029688,0.0,0.0,2490378,4325386,2490378,0,0,0.012183314,0.012183313,0.0,0.0,1,1,0,0,50,50,0,0,1,1,0,0,50,50,0,0
550572764,2490378,4259850,2490378,0,0,0.14843255,0.14843255,0.0,0.0,2490378,4325386,2490378,0,0,0.011673805,0.011673805,0.0,0.0,1,1,0,0,50,50,0,0,1,1,0,0,50,50,0,0
550776835,2490378,4259850,2490378,0,0,0.14859964,0.14859962,0.0,0.0,2490378,4325386,2490378,0,0,0.011381201,0.011381201,0.0,0.0,1,1,0,0,50,50,0,0,1,1,0,0,50,50,0,0
550975926,2490378,4259850,2490378,0,0,0.14911935,0.14911936,0.0,0.0,2490378,4325386,2490378,0,0,0.011438094,0.011438093,0.0,0.0,1,1,0,0,50,50,0,0,1,1,0,0,50,50,0,0
551175020,2490378,4259850,2490378,0,0,0.1503758,0.1503758,0.0,0.0,2490378,4325386,2490378,0,0,0.011856767,0.011856767,0.0,0.0,1,1,0,0,50,50,0,0,1,1,0,0,50,50,0,0
551374116,2490378,4259850,2490378,0,0,0.14921919,0.14921919,0.0,0.0,2490378,4325386,2490378,0,0,0.0117113525,0.0117113525,0.0,0.0,1,1,0,0,50,50,0,0,1,1,0,0,50,50,0,0
551578216,2490378,4259850,2490378,0,0,0.14765792,0.14765793,0.0,0.0,2490378,4325386,2490378,0,0,0.011740117,0.011740117,0.0,0.0,1,1,0,0,50,50,0,0,1,1,0,0,50,50,0,0
551777278,2490378,4259850,2490378,0,0,0.14964442,0.1496444,0.0,0.0,2490378,4325386,2490378,0,0,0.011384996,0.011384996,0.0,0.0,1,1,0,0,50,50,0,0,1,1,0,0,50,50,0,0
551976369,2490378,4259850,2490378,0,0,0.15244341,0.15244341,0.0,0.0,2490378,4325386,2490378,0,0,0.011521317,0.011521317,0.0,0.0,1,1,0,0,50,50,0,0,1,1,0,0,50,50,0,0
552175461,2490378,4259850,2490378,0,0,0.15090261,0.1509026,0.0,0.0,2490378,4325386,2490378,0,0,0.011756962,0.011756962,0.0,0.0,1,1,0,0,50,50,0,0,1,1,0,0,50,50,0,0
552374552,2490378,4259850,2490378,0,0,0.15107809,0.1510781,0.0,0.0,2490378,4325386,2490378,0,0,0.012007901,0.012007901,0.0,0.0,1,1,0,0,50,50,0,0,1,1,0,0,50,50,0,0
552573655,2490378,4259850,2490378,0,0,0.15049846,0.15049848,0.0,0.0,2490378,4325386,2490378,0,0,0.011472291,0.01147229,0.0,0.0,1,1,0,0,50,50,0,0,1,1,0,0,50,50,0,0
552777749,2490378,4259850,2490378,0,0,0.14930817,0.14930819,0.0,0.0,2490378,4325386,2490378,0,0,0.011371051,0.011371051,0.0,0.0,1,1,0,0,50,50,0,0,1,1,0,0,50,50,0,0
552976837,2490378,4259850,2490378,0,0,0.15010859,0.15010859,0.0,0.0,2490378,4325386,2490378,0,0,0.011864349,0.011864349,0.0,0.0,1,1,0,0,50,50,0,0,1,1,0,0,50,50,0,0
553175903,2490378,4259850,2490378,0,0,0.14880131,0.14880131,0.0,0.0,2490378,4325386,2490378,0,0,0.011523543,0.011523543,0.0,0.0,1,1,0,0,50,50,0,0,1,1,0,0,50,50,0,0
553374992,2490378,4259850,2490378,0,0,0.15138292,0.15138294,0.0,0.0,2490378,4325386,2490378,0,0,0.012152536,0.012152536,0.0,0.0,1,1,0,0,50,50,0,0,1,1,0,0,50,50,0,0
553574109,2490378,4259850,2490378,0,0,0.14923064,0.14923063,0.0,0.0,2490378,4325386,2490378,0,0,0.01174469,0.011744691,0.0,0.0,1,1,0,0,50,50,0,0,1,1,0,0,50,50,0,0
553773183,2490378,4259850,2490378,0,0,0.14996214,0.14996216,0.0,0.0,2490378,4325386,2490378,0,0,0.012004377,0.012004377,0.0,0.0,1,1,0,0,50,50,0,0,1,1,0,0,50,50,0,0
553972318,2490378,4259850,2490378,0,0,0.15243812,0.15243812,0.0,0.0,2490378,4325386,2490378,0,0,0.011948131,0.011948132,0.0,0.0,1,1,0,0,50,50,0,0,1,1,0,0,50,50,0,0
554176354,2490378,4259850,2490378,0,0,0.1499823,0.1499823,0.0,0.0,2490378,4325386,2490378,0,0,0.011944637,0.011944637,0.0,0.0,1,1,0,0,50,50,0,0,1,1,0,0,50,50,0,0
554375437,2490378,4259850,2490378,0,0,0.15106669,0.1510667,0.0,0.0,2490378,4325386,2490378,0,0,0.0113901915,0.0113901915,0.0,0.0,1,1,0,0,50,50,0,0,1,1,0,0,50,50,0,0
554574526,2490378,4259850,2490378,0,0,0.1481099,0.14810988,0.0,0.0,2490378,4325386,2490378,0,0,0.012247247,0.012247247,0.0,0.0,1,1,0,0,50,50,0,0,1,1,0,0,50,50,0,0
554773625,2490378,4259850,2490378,0,0,0.14905706,0.14905706,0.0,0.0,2490378,4325386,2490378,0,0,0.01182154,0.01182154,0.0,0.0,1,1,0,0,50,50,0,0,1,1,0,0,50,50,0,0
554972715,2490378,4259850,2490378,0,0,0.14939095,0.14939095,0.0,0.0,2490378,4325386,2490378,0,0,0.01182205,0.011822051,0.0,0.0,1,1,0,0,50,50,0,0,1,1,0,0,50,50,0,0
555176896,2490378,4259850,2490378,0,0,0.14836188,0.14836189,0.0,0.0,2490378,4325386,2490378,0,0,0.011806259,0.01180626,0.0,0.0,1,1,0,0,50,50,0,0,1,1,0,0,50,50,0,0
555375872,2490378,4259850,2490378,0,0,0.14955595,0.14955597,0.0,0.0,2490378,4325386,2490378,0,0,0.011390657,0.011390656,0.0,0.0,1,1,0,0,50,50,0,0,1,1,0,0,50,50,0,0
555574983,2490378,4259850,2490378,0,0,0.1492286,0.14922863,0.0,0.0,2490378,4325386,2490378,0,0,0.011783064,0.011783064,0.0,0.0,1,1,0,0,50,50,0,0,1,1,0,0,50,50,0,0
555774117,2490378,4259850,2490378,0,0,0.14828934,0.14828934,0.0,0.0,2490378,4325386,2490378,0,0,0.0116991075,0.0116991075,0.0,0.0,1,1,0,0,50,50,0,0,1,1,0,0,50,50,0,0
555973151,2490378,4259850,2490378,0,0,0.14862505,0.14862505,0.0,0.0,2490378,4325386,2490378,0,0,0.011236777,0.011236777,0.0,0.0,1,1,0,0,50,50,0,0,1,1,0,0,50,50,0,0
556177224,2490378,4259850,2490378,0,0,0.15101622,0.15101624,0.0,0.0,2490378,4325386,2490378,0,0,0.011431833,0.011431833,0.0,0.0,1,1,0,0,50,50,0,0,1,1,0,0,50,50,0,0
556376349,2490378,4259850,2490378,0,0,0.14604251,0.1460425,0.0,0.0,2490378,4325386,2490378,0,0,0.011927278,0.011927277,0.0,0.0,1,1,0,0,50,50,0,0,1,1,0,0,50,50,0,0
556575408,2490378,4259850,2490378,0,0,0.15015861,0.15015857,0.0,0.0,2490378,4325386,2490378,0,0,0.011855172,0.011855172,0.0,0.0,1,1,0,0,50,50,0,0,1,1,0,0,50,50,0,0
556774499,2490378,4259850,2490378,0,0,0.14694312,0.14694312,0.0,0.0,2490378,4325386,2490378,0,0,0.011962971,0.011962971,0.0,0.0,1,1,0,0,50,50,0,0,1,1,0,0,50,50,0,0
556978571,2490378,4259850,2490378,0,0,0.14635384,0.14635387,0.0,0.0,2490378,4325386,2490378,0,0,0.011618519,0.011618519,0.0,0.0,1,1,0,0,50,50,0,0,1,1,0,0,50,50,0,0
557177667,2490378,4259850,2490378,0,0,0.14974496,0.14974496,0.0,0.0,2490378,4325386,2490378,0,0,0.01185152,0.01185152,0.0,0.0,1,1,0,0,50,50,0,0,1,1,0,0,50,50,0,0
557376757,2490378,4259850,2490378,0,0,0.14762913,0.14762911,0.0,0.0,2490378,4325386,2490378,0,0,0.01185976,0.01185976,0.0,0.0,1,1,0,0,50,50,0,0,1,1,0,0,50,50,0,0
557575848,2490378,4259850,2490378,0,0,0.14789477,0.14789476,0.0,0.0,2490378,4325386,2490378,0,0,0.011549708,0.0115497075,0.0,0.0,1,1,0,0,50,50,0,0,1,1,0,0,50,50,0,0
557774971,2490378,4259850,2490378,0,0,0.15000917,0.15000916,0.0,0.0,2490378,4325386,2490378,0,0,0.011650111,0.011650111,0.0,0.0,1,1,0,0,50,50,0,0,1,1,0,0,50,50,0,0
557974033,2490378,4259850,2490378,0,0,0.14918101,0.14918101,0.0,0.0,2490378,4325386,2490378,0,0,0.011804427,0.011804427,0.0,0.0,1,1,0,0,50,50,0,0,1,1,0,0,50,50,0,0
558173128,2490378,4259850,2490378,0,0,0.14899185,0.14899185,0.0,0.0,2490378,4325386,2490378,0,0,0.01190377,0.01190377,0.0,0.0,1,1,0,0,50,50,0,0,1,1,0,0,50,50,0,0
558377199,2490378,4259850,2490378,0,0,0.15017638,0.15017636,0.0,0.0,2490378,4325386,2490378,0,0,0.011386398,0.011386398,0.0,0.0,1,1,0,0,50,50,0,0,1,1,0,0,50,50,0,0
558576525,2490378,4259850,2490378,0,0,0.1497845,0.14978455,0.0,0.0,2490378,4325386,2490378,0,0,0.011635688,0.011635688,0.0,0.0,1,1,0,0,50,50,0,0,1,1,0,0,50,50,0,0
558775381,2490378,4259850,2490378,0,0,0.14880764,0.14880766,0.0,0.0,2490378,4325386,2490378,0,0,0.011545109,0.011545109,0.0,0.0,1,1,0,0,50,50,0,0,1,1,0,0,50,50,0,0
558974477,2490378,4259850,2490378,0,0,0.14991066,0.14991066,0.0,0.0,2490378,4325386,2490378,0,0,0.0118251685,0.0118251685,0.0,0.0,1,1,0,0,50,50,0,0,1,1,0,0,50,50,0,0
559173600,2490378,4259850,2490378,0,0,0.14833866,0.14833866,0.0,0.0,2490378,4325386,2490378,0,0,0.011599719,0.011599719,0.0,0.0,1,1,0,0,50,50,0,0,1,1,0,0,50,50,0,0
559372666,2490378,4259850,2490378,0,0,0.14680474,0.14680472,0.0,0.0,2490378,4325386,2490378,0,0,0.011259753,0.011259753,0.0,0.0,1,1,0,0,50,50,0,0,1,1,0,0,50,50,0,0
559571770,2490378,4259850,2490378,0,0,0.14874265,0.14874266,0.0,0.0,2490378,4325386,2490378,0,0,0.011800022,0.011800022,0.0,0.0,1,1,0,0,50,50,0,0,1,1,0,0,50,50,0,0
559775854,2490378,4259850,2490378,0,0,0.14993717,0.14993721,0.0,0.0,2490378,4325386,2490378,0,0,0.011784779,0.011784779,0.0,0.0,1,1,0,0,50,50,0,0,1,1,0,0,50,50,0,0
559974915,2490378,4259850,2490378,0,0,0.14898549,0.14898549,0.0,0.0,2490378,4325386,2490378,0,0,0.011534154,0.011534154,0.0,0.0,1,1,0,0,50,50,0,0,1,1,0,0,50,50,0,0
560174009,2490378,4259850,2490378,0,0,0.1502246,0.15022458,0.0,0.0,2490378,4325386,2490378,0,0,0.012220363,0.012220363,0.0,0.0,1,1,0,0,50,50,0,0,1,1,0,0,50,50,0,0
560373123,2490378,4259850,2490378,0,0,0.14818566,0.14818566,0.0,0.0,2490378,4325386,2490378,0,0,0.012022135,0.012022135,0.0,0.0,1,1,0,0,50,50,0,0,1,1,0,0,50,50,0,0
560572194,2490378,4259850,2490378,0,0,0.14761959,0.14761962,0.0,0.0,2490378,4325386,2490378,0,0,0.012016925,0.012016925,0.0,0.0,1,1,0,0,50,50,0,0,1,1,0,0,50,50,0,0
560776268,2490378,4259850,2490378,0,0,0.14822008,0.14822008,0.0,0.0,2490378,4325386,2490378,0,0,0.011887519,0.011887519,0.0,0.0,1,1,0,0,50,50,0,0,1,1,0,0,50,50,0,0
560975389,2490378,4259850,2490378,0,0,0.14828086,0.14828086,0.0,0.0,2490378,4325386,2490378,0,0,0.012001525,0.012001525,0.0,0.0,1,1,0,0,50,50,0,0,1,1,0,0,50,50,0,0
561174449,2490378,4259850,2490378,0,0,0.14915346,0.14915343,0.0,0.0,2490378,4325386,2490378,0,0,0.011718995,0.011718995,0.0,0.0,1,1,0,0,50,50,0,0,1,1,0,0,50,50,0,0
561378533,2490378,4259850,2490378,0,0,0.14688852,0.14688852,0.0,0.0,2490378,4325386,2490378,0,0,0.012078006,0.012078006,0.0,0.0,1,1,0,0,50,50,0,0,1,1,0,0,50,50,0,0
561577615,2490378,4259850,2490378,0,0,0.14966871,0.1496687,0.0,0.0,2490378,4325386,2490378,0,0,0.011620984,0.011620984,0.0,0.0,1,1,0,0,50,50,0,0,1,1,0,0,50,50,0,0
561776711,2490378,4259850,2490378,0,0,0.14986467,0.14986467,0.0,0.0,2490378,4325386,2490378,0,0,0.01164632,0.01164632,0.0,0.0,1,1,0,0,50,50,0,0,1,1,0,0,50,50,0,0
561975832,2490378,4259850,2490378,0,0,0.14854757,0.14854755,0.0,0.0,2490378,4325386,2490378,0,0,0.011705877,0.011705877,0.0,0.0,1,1,0,0,50,50,0,0,1,1,0,0,50,50,0,0
562174895,2490378,4259850,2490378,0,0,0.14529362,0.14529364,0.0,0.0,2490378,4325386,2490378,0,0,0.011637989,0.011637989,0.0,0.0,1,1,0,0,50,50,0,0,1,1,0,0,50,50,0,0
562373988,2490378,4259850,2490378,0,0,0.14922385,0.14922386,0.0,0.0,2490378,4325386,2490378,0,0,0.011631975,0.011631975,0.0,0.0,1,1,0,0,50,50,0,0,1,1,0,0,50,50,0,0
562578077,2490378,4259850,2490378,0,0,0.14994241,0.1499424,0.0,0.0,2490378,4325386,2490378,0,0,0.011354592,0.011354591,0.0,0.0,1,1,0,0,50,50,0,0,1,1,0,0,50,50,0,0
562777157,2490378,4259850,2490378,0,0,0.106861725,0.10686174,0.0,0.0,2490378,4325386,2490378,0,0,0.011924875,0.011924875,0.0,0.0,1,1,0,0,50,50,0,0,1,1,0,0,50,50,0,0
562976244,2490378,4259850,2490378,0,0,0.1241293,0.124129295,0.0,0.0,2490378,4325386,2490378,0,0,0.01151086,0.011510861,0.0,0.0,1,1,0,0,50,50,0,0,1,1,0,0,50,50,0,0
563175337,2490378,4259850,2490378,0,0,0.14440353,0.14440356,0.0,0.0,2490378,4325386,2490378,0,0,0.011864636,0.011864638,0.0,0.0,1,1,0,0,50,50,0,0,1,1,0,0,50,50,0,0
563374427,2490378,4259850,2490378,0,0,0.14734444,0.14734446,0.0,0.0,2490378,4325386,2490378,0,0,0.011622595,0.011622595,0.0,0.0,1,1,0,0,50,50,0,0,1,1,0,0,50,50,0,0
563573524,2490378,4259850,2490378,0,0,0.15152138,0.15152137,0.0,0.0,2490378,4325386,2490378,0,0,0.011880897,0.011880899,0.0,0.0,1,1,0,0,50,50,0,0,1,1,0,0,50,50,0,0
563772618,2490378,4259850,2490378,0,0,0.15164116,0.15164116,0.0,0.0,2490378,4325386,2490378,0,0,0.0114603,0.011460299,0.0,0.0,1,1,0,0,50,50,0,0,1,1,0,0,50,50,0,0
563976695,2490378,4259850,2490378,0,0,0.14262377,0.14262378,0.0,0.0,2490378,4325386,2490378,0,0,0.012172037,0.012172037,0.0,0.0,1,1,0,0,50,50,0,0,1,1,0,0,50,50,0,0
564175822,2490378,4259850,2490378,0,0,0.15024473,0.1502447,0.0,0.0,2490378,4325386,2490378,0,0,0.011876801,0.011876803,0.0,0.0,1,1,0,0,50,50,0,0,1,1,0,0,50,50,0,0
564374902,2490378,4259850,2490378,0,0,0.14562389,0.14562389,0.0,0.0,2490378,4325386,2490378,0,0,0.011788232,0.011788232,0.0,0.0,1,1,0,0,50,50,0,0,1,1,0,0,50,50,0,0
564573965,2490378,4259850,2490378,0,0,0.14867008,0.14867006,0.0,0.0,2490378,4325386,2490378,0,0,0.011775128,0.011775128,0.0,0.0,1,1,0,0,50,50,0,0,1,1,0,0,50,50,0,0
564773112,2490378,4259850,2490378,0,0,0.1501677,0.15016772,0.0,0.0,2490378,4325386,2490378,0,0,0.011990279,0.011990279,0.0,0.0,1,1,0,0,50,50,0,0,1,1,0,0,50,50,0,0
564972149,2490378,4259850,2490378,0,0,0.14937215,0.14937212,0.0,0.0,2490378,4325386,2490378,0,0,0.011990951,0.011990951,0.0,0.0,1,1,0,0,50,50,0,0,1,1,0,0,50,50,0,0
565171242,2490378,4259850,2490378,0,0,0.1463139,0.1463139,0.0,0.0,2490378,4325386,2490378,0,0,0.011652721,0.011652719,0.0,0.0,1,1,0,0,50,50,0,0,1,1,0,0,50,50,0,0
565375423,2490378,4259850,2490378,0,0,0.15123025,0.15123028,0.0,0.0,2490378,4325386,2490378,0,0,0.011875347,0.011875347,0.0,0.0,1,1,0,0,50,50,0,0,1,1,0,0,50,50,0,0
565574436,2490378,4259850,2490378,0,0,0.15043989,0.15043989,0.0,0.0,2490378,4325386,2490378,0,0,0.011914969,0.011914969,0.0,0.0,1,1,0,0,50,50,0,0,1,1,0,0,50,50,0,0
565773502,2490378,4259850,2490378,0,0,0.14643885,0.14643884,0.0,0.0,2490378,4325386,2490378,0,0,0.011895368,0.011895368,0.0,0.0,1,1,0,0,50,50,0,0,1,1,0,0,50,50,0,0
565972592,2490378,4259850,2490378,0,0,0.14893706,0.14893708,0.0,0.0,2490378,4325386,2490378,0,0,0.011474953,0.011474953,0.0,0.0,1,1,0,0,50,50,0,0,1,1,0,0,50,50,0,0
566176665,2490378,4259850,2490378,0,0,0.14417486,0.14417486,0.0,0.0,2490378,4325386,2490378,0,0,0.011575198,0.011575198,0.0,0.0,1,1,0,0,50,50,0,0,1,1,0,0,50,50,0,0
566375773,2490378,4259850,2490378,0,0,0.14802542,0.14802542,0.0,0.0,2490378,4325386,2490378,0,0,0.011732188,0.011732188,0.0,0.0,1,1,0,0,50,50,0,0,1,1,0,0,50,50,0,0
566574852,2490378,4259850,2490378,0,0,0.15025301,0.15025301,0.0,0.0,2490378,4325386,2490378,0,0,0.01125472,0.01125472,0.0,0.0,1,1,0,0,50,50,0,0,1,1,0,0,50,50,0,0
566778992,2490378,4259850,2490378,0,0,0.14735027,0.14735025,0.0,0.0,2490378,4325386,2490378,0,0,0.0117368605,0.0117368605,0.0,0.0,1,1,0,0,50,50,0,0,1,1,0,0,50,50,0,0
566978011,2490378,4259850,2490378,0,0,0.14790745,0.14790744,0.0,0.0,2490378,4325386,2490378,0,0,0.011382534,0.011382534,0.0,0.0,1,1,0,0,50,50,0,0,1,1,0,0,50,50,0,0
567177106,2490378,4259850,2490378,0,0,0.14760695,0.14760695,0.0,0.0,2490378,4325386,2490378,0,0,0.011190571,0.011190571,0.0,0.0,1,1,0,0,50,50,0,0,1,1,0,0,50,50,0,0
567376202,2490378,4259850,2490378,0,0,0.14484473,0.14484474,0.0,0.0,2490378,4325386,2490378,0,0,0.0118740415,0.011874042,0.0,0.0,1,1,0,0,50,50,0,0,1,1,0,0,50,50,0,0
567575439,2490378,4259850,2490378,0,0,0.151247,0.15124701,0.0,0.0,2490378,4325386,2490378,0,0,0.011603727,0.011603727,0.0,0.0,1,1,0,0,50,50,0,0,1,1,0,0,50,50,0,0
567774418,2490378,4259850,2490378,0,0,0.14895909,0.14895909,0.0,0.0,2490378,4325386,2490378,0,0,0.012105511,0.012105511,0.0,0.0,1,1,0,0,50,50,0,0,1,1,0,0,50,50,0,0
567973501,2490378,4259850,2490378,0,0,0.15155669,0.15155667,0.0,0.0,2490378,4325386,2490378,0,0,0.011912603,0.011912603,0.0,0.0,1,1,0,0,50,50,0,0,1,1,0,0,50,50,0,0
568177590,2490378,4259850,2490378,0,0,0.1465433,0.1465433,0.0,0.0,2490378,4325386,2490378,0,0,0.012037177,0.012037177,0.0,0.0,1,1,0,0,50,50,0,0,1,1,0,0,50,50,0,0
568376644,2490378,4259850,2490378,0,0,0.14382535,0.14382535,0.0,0.0,2490378,4325386,2490378,0,0,0.012091918,0.012091918,0.0,0.0,1,1,0,0,50,50,0,0,1,1,0,0,50,50,0,0
568575730,2490378,4259850,2490378,0,0,0.14099802,0.14099802,0.0,0.0,2490378,4325386,2490378,0,0,0.011982526,0.011982527,0.0,0.0,1,1,0,0,50,50,0,0,1,1,0,0,50,50,0,0
568774836,2490378,4259850,2490378,0,0,0.14814545,0.14814544,0.0,0.0,2490378,4325386,2490378,0,0,0.011667692,0.011667692,0.0,0.0,1,1,0,0,50,50,0,0,1,1,0,0,50,50,0,0
568973922,2490378,4259850,2490378,0,0,0.14692259,0.14692254,0.0,0.0,2490378,4325386,2490378,0,0,0.011855774,0.011855774,0.0,0.0,1,1,0,0,50,50,0,0,1,1,0,0,50,50,0,0
569173015,2490378,4259850,2490378,0,0,0.15015408,0.15015408,0.0,0.0,2490378,4325386,2490378,0,0,0.01234437,0.01234437,0.0,0.0,1,1,0,0,50,50,0,0,1,1,0,0,50,50,0,0
569372104,2490378,4259850,2490378,0,0,0.15159981,0.15159978,0.0,0.0,2490378,4325386,2490378,0,0,0.011488217,0.011488217,0.0,0.0,1,1,0,0,50,50,0,0,1,1,0,0,50,50,0,0
569576177,2490378,4259850,2490378,0,0,0.14973794,0.14973794,0.0,0.0,2490378,4325386,2490378,0,0,0.011621601,0.0116216,0.0,0.0,1,1,0,0,50,50,0,0,1,1,0,0,50,50,0,0
569775272,2490378,4259850,2490378,0,0,0.14956725,0.14956722,0.0,0.0,2490378,4325386,2490378,0,0,0.011800323,0.011800323,0.0,0.0,1,1,0,0,50,50,0,0,1,1,0,0,50,50,0,0
569974364,2490378,4259850,2490378,0,0,0.14780387,0.14780389,0.0,0.0,2490378,4325386,2490378,0,0,0.011964343,0.011964343,0.0,0.0,1,1,0,0,50,50,0,0,1,1,0,0,50,50,0,0
570173458,2490378,4259850,2490378,0,0,0.14962909,0.1496291,0.0,0.0,2490378,4325386,2490378,0,0,0.0119211655,0.0119211655,0.0,0.0,1,1,0,0,50,50,0,0,1,1,0,0,50,50,0,0
570372589,2490378,4259850,2490378,0,0,0.14465363,0.1446536,0.0,0.0,2490378,4325386,2490378,0,0,0.011330435,0.011330435,0.0,0.0,1,1,0,0,50,50,0,0,1,1,0,0,50,50,0,0
570571644,2490378,4259850,2490378,0,0,0.14502916,0.14502916,0.0,0.0,2490378,4325386,2490378,0,0,0.011432583,0.011432583,0.0,0.0,1,1,0,0,50,50,0,0,1,1,0,0,50,50,0,0
570775715,2490378,4259850,2490378,0,0,0.14636049,0.14636049,0.0,0.0,2490378,4325386,2490378,0,0,0.011853957,0.011853957,0.0,0.0,1,1,0,0,50,50,0,0,1,1,0,0,50,50,0,0
570974858,2490378,4259850,2490378,0,0,0.14686394,0.14686397,0.0,0.0,2490378,4325386,2490378,0,0,0.011411332,0.011411333,0.0,0.0,1,1,0,0,50,50,0,0,1,1,0,0,50,50,0,0
571173902,2490378,4259850,2490378,0,0,0.1473937,0.14739367,0.0,0.0,2490378,4325386,2490378,0,0,0.011832163,0.011832163,0.0,0.0,1,1,0,0,50,50,0,0,1,1,0,0,50,50,0,0
571377972,2490378,4259850,2490378,0,0,0.14690636,0.14690635,0.0,0.0,2490378,4325386,2490378,0,0,0.011980718,0.011980718,0.0,0.0,1,1,0,0,50,50,0,0,1,1,0,0,50,50,0,0
571577144,2490378,4259850,2490378,0,0,0.14556146,0.14556147,0.0,0.0,2490378,4325386,2490378,0,0,0.011614229,0.011614229,0.0,0.0,1,1,0,0,50,50,0,0,1,1,0,0,50,50,0,0
571776153,2490378,4259850,2490378,0,0,0.14758128,0.14758128,0.0,0.0,2490378,4325386,2490378,0,0,0.011725901,0.011725901,0.0,0.0,1,1,0,0,50,50,0,0,1,1,0,0,50,50,0,0
571975249,2490378,4259850,2490378,0,0,0.1472442,0.1472442,0.0,0.0,2490378,4325386,2490378,0,0,0.011750236,0.011750236,0.0,0.0,1,1,0,0,50,50,0,0,1,1,0,0,50,50,0,0
572174344,2490378,4259850,2490378,0,0,0.14946415,0.14946413,0.0,0.0,2490378,4325386,2490378,0,0,0.011839172,0.011839172,0.0,0.0,1,1,0,0,50,50,0,0,1,1,0,0,50,50,0,0
572378414,2490378,4259850,2490378,0,0,0.1460972,0.14609721,0.0,0.0,2490378,4325386,2490378,0,0,0.011644187,0.011644187,0.0,0.0,1,1,0,0,50,50,0,0,1,1,0,0,50,50,0,0
572577503,2490378,4259850,2490378,0,0,0.14838791,0.14838791,0.0,0.0,2490378,4325386,2490378,0,0,0.011741691,0.011741691,0.0,0.0,1,1,0,0,50,50,0,0,1,1,0,0,50,50,0,0
572776600,2490378,4259850,2490378,0,0,0.14437152,0.14437151,0.0,0.0,2490378,4325386,2490378,0,0,0.011114429,0.01111443,0.0,0.0,1,1,0,0,50,50,0,0,1,1,0,0,50,50,0,0
572975697,2490378,4259850,2490378,0,0,0.13648476,0.13648476,0.0,0.0,2490378,4325386,2490378,0,0,0.011728584,0.011728584,0.0,0.0,1,1,0,0,50,50,0,0,1,1,0,0,50,50,0,0
573174877,2490378,4259850,2490378,0,0,0.14480509,0.14480506,0.0,0.0,2490378,4325386,2490378,0,0,0.011562966,0.011562965,0.0,0.0,1,1,0,0,50,50,0,0,1,1,0,0,50,50,0,0
573373878,2490378,4259850,2490378,0,0,0.14533992,0.14533992,0.0,0.0,2490378,4325386,2490378,0,0,0.011480891,0.011480891,0.0,0.0,1,1,0,0,50,50,0,0,1,1,0,0,50,50,0,0
573572987,2490378,4259850,2490378,0,0,0.14480764,0.14480764,0.0,0.0,2490378,4325386,2490378,0,0,0.011381147,0.011381147,0.0,0.0,1,1,0,0,50,50,0,0,1,1,0,0,50,50,0,0
573777085,2490378,4259850,2490378,0,0,0.14688736,0.14688732,0.0,0.0,2490378,4325386,2490378,0,0,0.011711181,0.011711181,0.0,0.0,1,1,0,0,50,50,0,0,1,1,0,0,50,50,0,0
573976135,2490378,4259850,2490378,0,0,0.14372158,0.14372152,0.0,0.0,2490378,4325386,2490378,0,0,0.011243999,0.011244001,0.0,0.0,1,1,0,0,50,50,0,0,1,1,0,0,50,50,0,0
574175228,2490378,4259850,2490378,0,0,0.13830848,0.1383085,0.0,0.0,2490378,4325386,2490378,0,0,0.011529933,0.011529933,0.0,0.0,1,1,0,0,50,50,0,0,1,1,0,0,50,50,0,0
574374354,2490378,4259850,2490378,0,0,0.1242523,0.124252275,0.0,0.0,2490378,4325386,2490378,0,0,0.011500554,0.011500551,0.0,0.0,1,1,0,0,50,50,0,0,1,1,0,0,50,50,0,0
574573411,2490378,4259850,2490378,0,0,0.10578684,0.105786875,0.0,0.0,2490378,4325386,2490378,0,0,0.0116522815,0.0116522815,0.0,0.0,1,1,0,0,50,50,0,0,1,1,0,0,50,50,0,0
574772505,2490378,4259850,2490378,0,0,0.11102889,0.111028925,0.0,0.0,2490378,4325386,2490378,0,0,0.011554116,0.011554116,0.0,0.0,1,1,0,0,50,50,0,0,1,1,0,0,50,50,0,0
574971632,2490378,4259850,2490378,0,0,0.10437687,0.10437684,0.0,0.0,2490378,4325386,2490378,0,0,0.0116348,0.0116348,0.0,0.0,1,1,0,0,50,50,0,0,1,1,0,0,50,50,0,0
575175674,2490378,4259850,2490378,0,0,0.09898961,0.09898959,0.0,0.0,2490378,4325386,2490378,0,0,0.011436863,0.011436863,0.0,0.0,1,1,0,0,50,50,0,0,1,1,0,0,50,50,0,0
575374766,2490378,4259850,2490378,0,0,0.10229914,0.10229915,0.0,0.0,2490378,4325386,2490378,0,0,0.011791718,0.011791718,0.0,0.0,1,1,0,0,50,50,0,0,1,1,0,0,50,50,0,0
575573857,2490378,4259850,2490378,0,0,0.10205964,0.102059655,0.0,0.0,2490378,4325386,2490378,0,0,0.0118877785,0.011887778,0.0,0.0,1,1,0,0,50,50,0,0,1,1,0,0,50,50,0,0
575772947,2490378,4259850,2490378,0,0,0.10180246,0.101802476,0.0,0.0,2490378,4325386,2490378,0,0,0.012052195,0.012052195,0.0,0.0,1,1,0,0,50,50,0,0,1,1,0,0,50,50,0,0
575977021,2490378,4259850,2490378,0,0,0.08984153,0.089841545,0.0,0.0,2490378,4325386,2490378,0,0,0.011757941,0.011757941,0.0,0.0,1,1,0,0,50,50,0,0,1,1,0,0,50,50,0,0
576176155,2490378,4259850,2490378,0,0,0.093850985,0.09385096,0.0,0.0,2490378,4325386,2490378,0,0,0.0115019465,0.0115019465,0.0,0.0,1,1,0,0,50,50,0,0,1,1,0,0,50,50,0,0
576375205,2490378,4259850,2490378,0,0,0.10275985,0.102759875,0.0,0.0,2490378,4325386,2490378,0,0,0.01204323,0.012043229,0.0,0.0,1,1,0,0,50,50,0,0,1,1,0,0,50,50,0,0
576574516,2490378,4259850,2490378,0,0,0.10923902,0.10923903,0.0,0.0,2490378,4325386,2490378,0,0,0.012064689,0.012064689,0.0,0.0,1,1,0,0,50,50,0,0,1,1,0,0,50,50,0,0
576778365,2490378,4259850,2490378,0,0,0.084810376,0.084810376,0.0,0.0,2490378,4325386,2490378,0,0,0.011360084,0.011360084,0.0,0.0,1,1,0,0,50,50,0,0,1,1,0,0,50,50,0,0
576977461,2490378,4259850,2490378,0,0,0.09502015,0.09502013,0.0,0.0,2490378,4325386,2490378,0,0,0.011405216,0.011405216,0.0,0.0,1,1,0,0,50,50,0,0,1,1,0,0,50,50,0,0
577176592,2490378,4259850,2490378,0,0,0.10346653,0.103466555,0.0,0.0,2490378,4325386,2490378,0,0,0.0116879465,0.011687947,0.0,0.0,1,1,0,0,50,50,0,0,1,1,0,0,50,50,0,0
577375680,2490378,4259850,2490378,0,0,0.106611304,0.106611334,0.0,0.0,2490378,4325386,2490378,0,0,0.011547492,0.011547492,0.0,0.0,1,1,0,0,50,50,0,0,1,1,0,0,50,50,0,0
577574763,2490378,4259850,2490378,0,0,0.10865059,0.108650565,0.0,0.0,2490378,4325386,2490378,0,0,0.012014615,0.012014615,0.0,0.0,1,1,0,0,50,50,0,0,1,1,0,0,50,50,0,0
577773853,2490378,4259850,2490378,0,0,0.108597,0.108596995,0.0,0.0,2490378,4325386,2490378,0,0,0.01176278,0.011762781,0.0,0.0,1,1,0,0,50,50,0,0,1,1,0,0,50,50,0,0
577977922,2490378,4259850,2490378,0,0,0.11714633,0.11714634,0.0,0.0,2490378,4325386,2490378,0,0,0.01171506,0.01171506,0.0,0.0,1,1,0,0,50,50,0,0,1,1,0,0,50,50,0,0
578177010,2490378,4259850,2490378,0,0,0.10685028,0.10685029,0.0,0.0,2490378,4325386,2490378,0,0,0.011891042,0.011891042,0.0,0.0,1,1,0,0,50,50,0,0,1,1,0,0,50,50,0,0
578376094,2490378,4259850,2490378,0,0,0.11133278,0.11133281,0.0,0.0,2490378,4325386,2490378,0,0,0.012439452,0.012439452,0.0,0.0,1,1,0,0,50,50,0,0,1,1,0,0,50,50,0,0
578575214,2490378,4259850,2490378,0,0,0.104294986,0.10429496,0.0,0.0,2490378,4325386,2490378,0,0,0.011783283,0.011783283,0.0,0.0,1,1,0,0,50,50,0,0,1,1,0,0,50,50,0,0
578774279,2490378,4259850,2490378,0,0,0.10895075,0.10895072,0.0,0.0,2490378,4325386,2490378,0,0,0.011953415,0.011953415,0.0,0.0,1,1,0,0,50,50,0,0,1,1,0,0,50,50,0,0
578973370,2490378,4259850,2490378,0,0,0.11231602,0.11231603,0.0,0.0,2490378,4325386,2490378,0,0,0.011671436,0.011671436,0.0,0.0,1,1,0,0,50,50,0,0,1,1,0,0,50,50,0,0
579172463,2490378,4259850,2490378,0,0,0.11145513,0.11145513,0.0,0.0,2490378,4325386,2490378,0,0,0.011874229,0.01187423,0.0,0.0,1,1,0,0,50,50,0,0,1,1,0,0,50,50,0,0
579376545,2490378,4259850,2490378,0,0,0.11790912,0.11790916,0.0,0.0,2490378,4325386,2490378,0,0,0.011845943,0.011845941,0.0,0.0,1,1,0,0,50,50,0,0,1,1,0,0,50,50,0,0
579575630,2490378,4259850,2490378,0,0,0.11680215,0.11680215,0.0,0.0,2490378,4325386,2490378,0,0,0.011496047,0.011496047,0.0,0.0,1,1,0,0,50,50,0,0,1,1,0,0,50,50,0,0
579774765,2490378,4259850,2490378,0,0,0.11451642,0.114516445,0.0,0.0,2490378,4325386,2490378,0,0,0.011475499,0.0114755,0.0,0.0,1,1,0,0,50,50,0,0,1,1,0,0,50,50,0,0
579973838,2490378,4259850,2490378,0,0,0.111800864,0.111800835,0.0,0.0,2490378,4325386,2490378,0,0,0.011652634,0.011652634,0.0,0.0,1,1,0,0,50,50,0,0,1,1,0,0,50,50,0,0
580172904,2490378,4259850,2490378,0,0,0.11647298,0.116472974,0.0,0.0,2490378,4325386,2490378,0,0,0.011954972,0.011954972,0.0,0.0,1,1,0,0,50,50,0,0,1,1,0,0,50,50,0,0
580371997,2490378,4259850,2490378,0,0,0.10464321,0.10464323,0.0,0.0,2490378,4325386,2490378,0,0,0.011720982,0.011720982,0.0,0.0,1,1,0,0,50,50,0,0,1,1,0,0,50,50,0,0
580571122,2490378,4259850,2490378,0,0,0.10252266,0.10252266,0.0,0.0,2490378,4325386,2490378,0,0,0.01166275,0.01166275,0.0,0.0,1,1,0,0,50,50,0,0,1,1,0,0,50,50,0,0
580775160,2490378,4259850,2490378,0,0,0.11677256,0.11677253,0.0,0.0,2490378,4325386,2490378,0,0,0.012013247,0.012013247,0.0,0.0,1,1,0,0,50,50,0,0,1,1,0,0,50,50,0,0
580974257,2490378,4259850,2490378,0,0,0.11101451,0.1110145,0.0,0.0,2490378,4325386,2490378,0,0,0.011906151,0.01190615,0.0,0.0,1,1,0,0,50,50,0,0,1,1,0,0,50,50,0,0
581173372,2490378,4259850,2490378,0,0,0.11462656,0.11462658,0.0,0.0,2490378,4325386,2490378,0,0,0.011892071,0.011892071,0.0,0.0,1,1,0,0,50,50,0,0,1,1,0,0,50,50,0,0
581377413,2490378,4259850,2490378,0,0,0.10751355,0.107513525,0.0,0.0,2490378,4325386,2490378,0,0,0.011404111,0.01140411,0.0,0.0,1,1,0,0,50,50,0,0,1,1,0,0,50,50,0,0
581576507,2490378,4259850,2490378,0,0,0.11464747,0.11464748,0.0,0.0,2490378,4325386,2490378,0,0,0.01136421,0.01136421,0.0,0.0,1,1,0,0,50,50,0,0,1,1,0,0,50,50,0,0
581775603,2490378,4259850,2490378,0,0,0.12073562,0.120735645,0.0,0.0,2490378,4325386,2490378,0,0,0.01173106,0.01173106,0.0,0.0,1,1,0,0,50,50,0,0,1,1,0,0,50,50,0,0
581974701,2490378,4259850,2490378,0,0,0.09405527,0.09405527,0.0,0.0,2490378,4325386,2490378,0,0,0.011777908,0.011777908,0.0,0.0,1,1,0,0,50,50,0,0,1,1,0,0,50,50,0,0
582178764,2490378,4259850,2490378,0,0,0.09972232,0.09972228,0.0,0.0,2490378,4325386,2490378,0,0,0.012231865,0.012231865,0.0,0.0,1,1,0,0,50,50,0,0,1,1,0,0,50,50,0,0
582377891,2490378,4259850,2490378,0,0,0.105499215,0.10549923,0.0,0.0,2490378,4325386,2490378,0,0,0.012059201,0.012059201,0.0,0.0,1,1,0,0,50,50,0,0,1,1,0,0,50,50,0,0
582576976,2490378,4259850,2490378,0,0,0.1156129,0.11561291,0.0,0.0,2490378,4325386,2490378,0,0,0.012315977,0.012315976,0.0,0.0,1,1,0,0,50,50,0,0,1,1,0,0,50,50,0,0
582776074,2490378,4259850,2490378,0,0,0.11355962,0.11355961,0.0,0.0,2490378,4325386,2490378,0,0,0.011984053,0.011984052,0.0,0.0,1,1,0,0,50,50,0,0,1,1,0,0,50,50,0,0
582975136,2490378,4259850,2490378,0,0,0.11336495,0.11336497,0.0,0.0,2490378,4325386,2490378,0,0,0.0116316285,0.0116316285,0.0,0.0,1,1,0,0,50,50,0,0,1,1,0,0,50,50,0,0
583174233,2490378,4259850,2490378,0,0,0.11793683,0.11793683,0.0,0.0,2490378,4325386,2490378,0,0,0.011517719,0.011517719,0.0,0.0,1,1,0,0,50,50,0,0,1,1,0,0,50,50,0,0
583373375,2490378,4259850,2490378,0,0,0.11613962,0.11613961,0.0,0.0,2490378,4325386,2490378,0,0,0.012131577,0.012131576,0.0,0.0,1,1,0,0,50,50,0,0,1,1,0,0,50,50,0,0
583577426,2490378,4259850,2490378,0,0,0.12071931,0.120719336,0.0,0.0,2490378,4325386,2490378,0,0,0.011716196,0.011716195,0.0,0.0,1,1,0,0,50,50,0,0,1,1,0,0,50,50,0,0
583776513,2490378,4259850,2490378,0,0,0.115757614,0.115757614,0.0,0.0,2490378,4325386,2490378,0,0,0.011688103,0.011688102,0.0,0.0,1,1,0,0,50,50,0,0,1,1,0,0,50,50,0,0
583975658,2490378,4259850,2490378,0,0,0.11786118,0.117861226,0.0,0.0,2490378,4325386,2490378,0,0,0.012033779,0.012033779,0.0,0.0,1,1,0,0,50,50,0,0,1,1,0,0,50,50,0,0
584174682,2490378,4259850,2490378,0,0,0.12285481,0.1228548,0.0,0.0,2490378,4325386,2490378,0,0,0.011501507,0.011501506,0.0,0.0,1,1,0,0,50,50,0,0,1,1,0,0,50,50,0,0
584373766,2490378,4259850,2490378,0,0,0.119453356,0.11945332,0.0,0.0,2490378,4325386,2490378,0,0,0.0116889365,0.0116889365,0.0,0.0,1,1,0,0,50,50,0,0,1,1,0,0,50,50,0,0
584572858,2490378,4259850,2490378,0,0,0.122493014,0.122493,0.0,0.0,2490378,4325386,2490378,0,0,0.0120870285,0.0120870285,0.0,0.0,1,1,0,0,50,50,0,0,1,1,0,0,50,50,0,0
584771980,2490378,4259850,2490378,0,0,0.12393479,0.123934776,0.0,0.0,2490378,4325386,2490378,0,0,0.012128735,0.012128734,0.0,0.0,1,1,0,0,50,50,0,0,1,1,0,0,50,50,0,0
584976046,2490378,4259850,2490378,0,0,0.1297779,0.1297779,0.0,0.0,2490378,4325386,2490378,0,0,0.011656482,0.011656482,0.0,0.0,1,1,0,0,50,50,0,0,1,1,0,0,50,50,0,0
585175112,2490378,4259850,2490378,0,0,0.12503949,0.12503947,0.0,0.0,2490378,4325386,2490378,0,0,0.012172926,0.012172927,0.0,0.0,1,1,0,0,50,50,0,0,1,1,0,0,50,50,0,0
585374205,2490378,4259850,2490378,0,0,0.1310093,0.13100931,0.0,0.0,2490378,4325386,2490378,0,0,0.011664756,0.011664756,0.0,0.0,1,1,0,0,50,50,0,0,1,1,0,0,50,50,0,0
585573491,2490378,4259850,2490378,0,0,0.13316265,0.13316263,0.0,0.0,2490378,4325386,2490378,0,0,0.011836675,0.011836675,0.0,0.0,1,1,0,0,50,50,0,0,1,1,0,0,50,50,0,0
585772388,2490378,4259850,2490378,0,0,0.13591504,0.13591506,0.0,0.0,2490378,4325386,2490378,0,0,0.01182282,0.01182282,0.0,0.0,1,1,0,0,50,50,0,0,1,1,0,0,50,50,0,0
585976491,2490378,4259850,2490378,0,0,0.13192537,0.13192534,0.0,0.0,2490378,4325386,2490378,0,0,0.011545828,0.011545827,0.0,0.0,1,1,0,0,50,50,0,0,1,1,0,0,50,50,0,0
586175594,2490378,4259850,2490378,0,0,0.12999819,0.12999816,0.0,0.0,2490378,4325386,2490378,0,0,0.012025618,0.012025618,0.0,0.0,1,1,0,0,50,50,0,0,1,1,0,0,50,50,0,0
586374649,2490378,4259850,2490378,0,0,0.13780038,0.13780037,0.0,0.0,2490378,4325386,2490378,0,0,0.012093841,0.012093841,0.0,0.0,1,1,0,0,50,50,0,0,1,1,0,0,50,50,0,0
586573736,2490378,4259850,2490378,0,0,0.135227,0.13522698,0.0,0.0,2490378,4325386,2490378,0,0,0.0118383765,0.0118383765,0.0,0.0,1,1,0,0,50,50,0,0,1,1,0,0,50,50,0,0
586777805,2490378,4259850,2490378,0,0,0.1317372,0.13173719,0.0,0.0,2490378,4325386,2490378,0,0,0.011904777,0.011904777,0.0,0.0,1,1,0,0,50,50,0,0,1,1,0,0,50,50,0,0
586976899,2490378,4259850,2490378,0,0,0.13088971,0.1308897,0.0,0.0,2490378,4325386,2490378,0,0,0.011845643,0.011845643,0.0,0.0,1,1,0,0,50,50,0,0,1,1,0,0,50,50,0,0
587176026,2490378,4259850,2490378,0,0,0.12617125,0.1261712,0.0,0.0,2490378,4325386,2490378,0,0,0.011975897,0.011975897,0.0,0.0,1,1,0,0,50,50,0,0,1,1,0,0,50,50,0,0
587375115,2490378,4259850,2490378,0,0,0.12696095,0.12696095,0.0,0.0,2490378,4325386,2490378,0,0,0.011867874,0.011867874,0.0,0.0,1,1,0,0,50,50,0,0,1,1,0,0,50,50,0,0
587574177,2490378,4259850,2490378,0,0,0.12822236,0.12822236,0.0,0.0,2490378,4325386,2490378,0,0,0.012062706,0.012062706,0.0,0.0,1,1,0,0,50,50,0,0,1,1,0,0,50,50,0,0
587778246,2490378,4259850,2490378,0,0,0.12638775,0.12638775,0.0,0.0,2490378,4325386,2490378,0,0,0.011789517,0.011789517,0.0,0.0,1,1,0,0,50,50,0,0,1,1,0,0,50,50,0,0
587977359,2490378,4259850,2490378,0,0,0.12803477,0.1280348,0.0,0.0,2490378,4325386,2490378,0,0,0.011286635,0.011286635,0.0,0.0,1,1,0,0,50,50,0,0,1,1,0,0,50,50,0,0
588176434,2490378,4259850,2490378,0,0,0.12676209,0.12676206,0.0,0.0,2490378,4325386,2490378,0,0,0.011769847,0.011769847,0.0,0.0,1,1,0,0,50,50,0,0,1,1,0,0,50,50,0,0
588375545,2490378,4259850,2490378,0,0,0.11257958,0.11257956,0.0,0.0,2490378,4325386,2490378,0,0,0.011821974,0.011821974,0.0,0.0,1,1,0,0,50,50,0,0,1,1,0,0,50,50,0,0
588574652,2490378,4259850,2490378,0,0,0.114570655,0.114570655,0.0,0.0,2490378,4325386,2490378,0,0,0.011887992,0.011887992,0.0,0.0,1,1,0,0,50,50,0,0,1,1,0,0,50,50,0,0
588773713,2490378,4259850,2490378,0,0,0.12421532,0.12421532,0.0,0.0,2490378,4325386,2490378,0,0,0.011900522,0.011900522,0.0,0.0,1,1,0,0,50,50,0,0,1,1,0,0,50,50,0,0
588972829,2490378,4259850,2490378,0,0,0.12068022,0.12068021,0.0,0.0,2490378,4325386,2490378,0,0,0.011981649,0.011981649,0.0,0.0,1,1,0,0,50,50,0,0,1,1,0,0,50,50,0,0
589176871,2490378,4259850,2490378,0,0,0.11989169,0.11989169,0.0,0.0,2490378,4325386,2490378,0,0,0.01144886,0.01144886,0.0,0.0,1,1,0,0,50,50,0,0,1,1,0,0,50,50,0,0
589375976,2490378,4259850,2490378,0,0,0.12240089,0.12240091,0.0,0.0,2490378,4325386,2490378,0,0,0.011701182,0.011701182,0.0,0.0,1,1,0,0,50,50,0,0,1,1,0,0,50,50,0,0
589575079,2490378,4259850,2490378,0,0,0.12813544,0.12813543,0.0,0.0,2490378,4325386,2490378,0,0,0.0115212295,0.0115212295,0.0,0.0,1,1,0,0,50,50,0,0,1,1,0,0,50,50,0,0
589774173,2490378,4259850,2490378,0,0,0.12646729,0.1264673,0.0,0.0,2490378,4325386,2490378,0,0,0.011600893,0.011600894,0.0,0.0,1,1,0,0,50,50,0,0,1,1,0,0,50,50,0,0
589973241,2490378,4259850,2490378,0,0,0.12286848,0.12286849,0.0,0.0,2490378,4325386,2490378,0,0,0.011944316,0.011944316,0.0,0.0,1,1,0,0,50,50,0,0,1,1,0,0,50,50,0,0
590172333,2490378,4259850,2490378,0,0,0.124687485,0.1246875,0.0,0.0,2490378,4325386,2490378,0,0,0.012094332,0.012094333,0.0,0.0,1,1,0,0,50,50,0,0,1,1,0,0,50,50,0,0
590371426,2490378,4259850,2490378,0,0,0.12939012,0.12939015,0.0,0.0,2490378,4325386,2490378,0,0,0.011923164,0.011923166,0.0,0.0,1,1,0,0,50,50,0,0,1,1,0,0,50,50,0,0
590575496,2490378,4259850,2490378,0,0,0.12844439,0.1284444,0.0,0.0,2490378,4325386,2490378,0,0,0.01164789,0.01164789,0.0,0.0,1,1,0,0,50,50,0,0,1,1,0,0,50,50,0,0
590774587,2490378,4259850,2490378,0,0,0.12853304,0.12853305,0.0,0.0,2490378,4325386,2490378,0,0,0.011721402,0.011721402,0.0,0.0,1,1,0,0,50,50,0,0,1,1,0,0,50,50,0,0
590973688,2490378,4259850,2490378,0,0,0.12854765,0.12854764,0.0,0.0,2490378,4325386,2490378,0,0,0.012272615,0.012272615,0.0,0.0,1,1,0,0,50,50,0,0,1,1,0,0,50,50,0,0
591172858,2490378,4259850,2490378,0,0,0.12547909,0.12547907,0.0,0.0,2490378,4325386,2490378,0,0,0.011870222,0.011870222,0.0,0.0,1,1,0,0,50,50,0,0,1,1,0,0,50,50,0,0
591376842,2490378,4259850,2490378,0,0,0.12397022,0.12397021,0.0,0.0,2490378,4325386,2490378,0,0,0.01137928,0.01137928,0.0,0.0,1,1,0,0,50,50,0,0,1,1,0,0,50,50,0,0
591575933,2490378,4259850,2490378,0,0,0.12286418,0.12286417,0.0,0.0,2490378,4325386,2490378,0,0,0.011917492,0.011917492,0.0,0.0,1,1,0,0,50,50,0,0,1,1,0,0,50,50,0,0
591775069,2490378,4259850,2490378,0,0,0.12469492,0.12469493,0.0,0.0,2490378,4325386,2490378,0,0,0.011982866,0.011982866,0.0,0.0,1,1,0,0,50,50,0,0,1,1,0,0,50,50,0,0
591974118,2490378,4259850,2490378,0,0,0.11357275,0.11357274,0.0,0.0,2490378,4325386,2490378,0,0,0.011984077,0.011984077,0.0,0.0,1,1,0,0,50,50,0,0,1,1,0,0,50,50,0,0
592178187,2490378,4259850,2490378,0,0,0.111941166,0.11194116,0.0,0.0,2490378,4325386,2490378,0,0,0.011459806,0.011459807,0.0,0.0,1,1,0,0,50,50,0,0,1,1,0,0,50,50,0,0
592377321,2490378,4259850,2490378,0,0,0.04637132,0.04637132,0.0,0.0,2490378,4325386,2490378,0,0,0.018380035,0.018380038,0.0,0.0,1,1,0,0,50,50,0,0,1,1,0,0,50,50,0,0
592576372,2490378,4259850,2490378,0,0,0.03974132,0.039741315,0.0,0.0,2490378,4325386,2490378,0,0,0.0125028305,0.01250283,0.0,0.0,1,1,0,0,50,50,0,0,1,1,0,0,50,50,0,0
592775468,2490378,4259850,2490378,0,0,0.052214023,0.052214015,0.0,0.0,2490378,4325386,2490378,0,0,0.011267177,0.011267177,0.0,0.0,1,1,0,0,50,50,0,0,1,1,0,0,50,50,0,0
592974566,2490378,4259850,2490378,0,0,0.065534115,0.06553414,0.0,0.0,2490378,4325386,2490378,0,0,0.0042597866,0.0042597847,0.0,0.0,1,1,0,0,50,50,0,0,1,1,0,0,50,50,0,0
593173654,2490378,4259850,2490378,0,0,0.048589308,0.0485893,0.0,0.0,2490378,4325386,2490378,0,0,0.014252586,0.014252584,0.0,0.0,1,1,0,0,50,50,0,0,1,1,0,0,50,50,0,0
593377718,2490378,4259850,2490378,0,0,0.043293934,0.0432939,0.0,0.0,2490378,4325386,2490378,0,0,0.012214074,0.012214073,0.0,0.0,1,1,0,0,50,50,0,0,1,1,0,0,50,50,0,0
593576833,2490378,4259850,2490378,0,0,0.04584549,0.045845486,0.0,0.0,2490378,4325386,2490378,0,0,0.011722423,0.011722422,0.0,0.0,1,1,0,0,50,50,0,0,1,1,0,0,50,50,0,0
593775901,2490378,4259850,2490378,0,0,0.043768685,0.043768678,0.0,0.0,2490378,4325386,2490378,0,0,0.011962062,0.011962063,0.0,0.0,1,1,0,0,50,50,0,0,1,1,0,0,50,50,0,0
593974994,2490378,4259850,2490378,0,0,0.054871023,0.054871038,0.0,0.0,2490378,4325386,2490378,0,0,0.011837974,0.011837974,0.0,0.0,1,1,0,0,50,50,0,0,1,1,0,0,50,50,0,0
594174088,2490378,4259850,2490378,0,0,0.05848724,0.058487248,0.0,0.0,2490378,4325386,2490378,0,0,0.011532229,0.011532231,0.0,0.0,1,1,0,0,50,50,0,0,1,1,0,0,50,50,0,0
594373184,2490378,4259850,2490378,0,0,0.055736043,0.055736024,0.0,0.0,2490378,4325386,2490378,0,0,0.01184034,0.01184034,0.0,0.0,1,1,0,0,50,50,0,0,1,1,0,0,50,50,0,0
594572440,2490378,4259850,2490378,0,0,0.06381545,0.06381541,0.0,0.0,2490378,4325386,2490378,0,0,0.011721452,0.011721451,0.0,0.0,1,1,0,0,50,50,0,0,1,1,0,0,50,50,0,0
594776348,2490378,4259850,2490378,0,0,0.06281955,0.06281953,0.0,0.0,2490378,4325386,2490378,0,0,0.011565764,0.011565765,0.0,0.0,1,1,0,0,50,50,0,0,1,1,0,0,50,50,0,0
594975431,2490378,4259850,2490378,0,0,0.06315866,0.06315863,0.0,0.0,2490378,4325386,2490378,0,0,0.011882665,0.011882665,0.0,0.0,1,1,0,0,50,50,0,0,1,1,0,0,50,50,0,0
595174553,2490378,4259850,2490378,0,0,0.067303784,0.06730378,0.0,0.0,2490378,4325386,2490378,0,0,0.011697336,0.011697336,0.0,0.0,1,1,0,0,50,50,0,0,1,1,0,0,50,50,0,0
595373620,2490378,4259850,2490378,0,0,0.06533021,0.06533019,0.0,0.0,2490378,4325386,2490378,0,0,0.011828243,0.011828242,0.0,0.0,1,1,0,0,50,50,0,0,1,1,0,0,50,50,0,0
595572712,2490378,4259850,2490378,0,0,0.064180076,0.06418004,0.0,0.0,2490378,4325386,2490378,0,0,0.01211058,0.01211058,0.0,0.0,1,1,0,0,50,50,0,0,1,1,0,0,50,50,0,0
595771802,2490378,4259850,2490378,0,0,0.06729112,0.06729112,0.0,0.0,2490378,4325386,2490378,0,0,0.011658669,0.0116586685,0.0,0.0,1,1,0,0,50,50,0,0,1,1,0,0,50,50,0,0
595975869,2490378,4259850,2490378,0,0,0.06500365,0.06500361,0.0,0.0,2490378,4325386,2490378,0,0,0.011655105,0.011655104,0.0,0.0,1,1,0,0,50,50,0,0,1,1,0,0,50,50,0,0
596174987,2490378,4259850,2490378,0,0,0.066667445,0.06666744,0.0,0.0,2490378,4325386,2490378,0,0,0.012031013,0.012031013,0.0,0.0,1,1,0,0,50,50,0,0,1,1,0,0,50,50,0,0
596374052,2490378,4259850,2490378,0,0,0.065408245,0.06540822,0.0,0.0,2490378,4325386,2490378,0,0,0.011585683,0.011585683,0.0,0.0,1,1,0,0,50,50,0,0,1,1,0,0,50,50,0,0
596573147,2490378,4259850,2490378,0,0,0.066514425,0.0665144,0.0,0.0,2490378,4325386,2490378,0,0,0.011934348,0.011934348,0.0,0.0,1,1,0,0,50,50,0,0,1,1,0,0,50,50,0,0
596777212,2490378,4259850,2490378,0,0,0.06990897,0.06990896,0.0,0.0,2490378,4325386,2490378,0,0,0.012093072,0.012093073,0.0,0.0,1,1,0,0,50,50,0,0,1,1,0,0,50,50,0,0
596976315,2490378,4259850,2490378,0,0,0.07501324,0.07501321,0.0,0.0,2490378,4325386,2490378,0,0,0.011908268,0.011908268,0.0,0.0,1,1,0,0,50,50,0,0,1,1,0,0,50,50,0,0
597175398,2490378,4259850,2490378,0,0,0.07412276,0.07412277,0.0,0.0,2490378,4325386,2490378,0,0,0.011956224,0.011956224,0.0,0.0,1,1,0,0,50,50,0,0,1,1,0,0,50,50,0,0
597374489,2490378,4259850,2490378,0,0,0.07566405,0.075664066,0.0,0.0,2490378,4325386,2490378,0,0,0.011832279,0.01183228,0.0,0.0,1,1,0,0,50,50,0,0,1,1,0,0,50,50,0,0
597578560,2490378,4259850,2490378,0,0,0.07457811,0.074578084,0.0,0.0,2490378,4325386,2490378,0,0,0.011807884,0.011807884,0.0,0.0,1,1,0,0,50,50,0,0,1,1,0,0,50,50,0,0
597777653,2490378,4259850,2490378,0,0,0.07861859,0.07861858,0.0,0.0,2490378,4325386,2490378,0,0,0.012123147,0.012123147,0.0,0.0,1,1,0,0,50,50,0,0,1,1,0,0,50,50,0,0
597976792,2490378,4259850,2490378,0,0,0.07784782,0.07784783,0.0,0.0,2490378,4325386,2490378,0,0,0.0119531555,0.0119531555,0.0,0.0,1,1,0,0,50,50,0,0,1,1,0,0,50,50,0,0
598175834,2490378,4259850,2490378,0,0,0.08140434,0.08140434,0.0,0.0,2490378,4325386,2490378,0,0,0.0119391745,0.0119391745,0.0,0.0,1,1,0,0,50,50,0,0,1,1,0,0,50,50,0,0
598374925,2490378,4259850,2490378,0,0,0.08296591,0.08296592,0.0,0.0,2490378,4325386,2490378,0,0,0.0115981605,0.0115981605,0.0,0.0,1,1,0,0,50,50,0,0,1,1,0,0,50,50,0,0
598574038,2490378,4259850,2490378,0,0,0.082165904,0.08216588,0.0,0.0,2490378,4325386,2490378,0,0,0.011853708,0.011853708,0.0,0.0,1,1,0,0,50,50,0,0,1,1,0,0,50,50,0,0
598773138,2490378,4259850,2490378,0,0,0.080708,0.08070798,0.0,0.0,2490378,4325386,2490378,0,0,0.012118398,0.012118398,0.0,0.0,1,1,0,0,50,50,0,0,1,1,0,0,50,50,0,0
598977207,2490378,4259850,2490378,0,0,0.083719306,0.08371928,0.0,0.0,2490378,4325386,2490378,0,0,0.01170851,0.01170851,0.0,0.0,1,1,0,0,50,50,0,0,1,1,0,0,50,50,0,0
599176267,2490378,4259850,2490378,0,0,0.085485004,0.085485,0.0,0.0,2490378,4325386,2490378,0,0,0.01160207,0.01160207,0.0,0.0,1,1,0,0,50,50,0,0,1,1,0,0,50,50,0,0
599375368,2490378,4259850,2490378,0,0,0.08368549,0.08368548,0.0,0.0,2490378,4325386,2490378,0,0,0.011493747,0.011493747,0.0,0.0,1,1,0,0,50,50,0,0,1,1,0,0,50,50,0,0
599574453,2490378,4259850,2490378,0,0,0.08516577,0.085165754,0.0,0.0,2490378,4325386,2490378,0,0,0.011628174,0.011628174,0.0,0.0,1,1,0,0,50,50,0,0,1,1,0,0,50,50,0,0
599773550,2490378,4259850,2490378,0,0,0.08607262,0.08607261,0.0,0.0,2490378,4325386,2490378,0,0,0.011171195,0.011171196,0.0,0.0,1,1,0,0,50,50,0,0,1,1,0,0,50,50,0,0
599972642,2490378,4259850,2490378,0,0,0.08639533,0.08639533,0.0,0.0,2490378,4325386,2490378,0,0,0.011596164,0.011596164,0.0,0.0,1,1,0,0,50,50,0,0,1,1,0,0,50,50,0,0
600171779,2490378,4259850,2490378,0,0,0.086958416,0.08695843,0.0,0.0,2490378,4325386,2490378,0,0,0.011668693,0.011668693,0.0,0.0,1,1,0,0,50,50,0,0,1,1,0,0,50,50,0,0
600375796,2490378,4259850,2490378,0,0,0.082360454,0.08236045,0.0,0.0,2490378,4325386,2490378,0,0,0.011655664,0.011655664,0.0,0.0,1,1,0,0,50,50,0,0,1,1,0,0,50,50,0,0
600574886,2490378,4259850,2490378,0,0,0.08689621,0.08689623,0.0,0.0,2490378,4325386,2490378,0,0,0.011431415,0.011431415,0.0,0.0,1,1,0,0,50,50,0,0,1,1,0,0,50,50,0,0
600774019,2490378,4259850,2490378,0,0,0.08229781,0.08229782,0.0,0.0,2490378,4325386,2490378,0,0,0.011962067,0.011962067,0.0,0.0,1,1,0,0,50,50,0,0,1,1,0,0,50,50,0,0
600973068,2490378,4259850,2490378,0,0,0.08243285,0.08243288,0.0,0.0,2490378,4325386,2490378,0,0,0.011824187,0.011824187,0.0,0.0,1,1,0,0,50,50,0,0,1,1,0,0,50,50,0,0
601172163,2490378,4259850,2490378,0,0,0.08240388,0.08240387,0.0,0.0,2490378,4325386,2490378,0,0,0.01213088,0.01213088,0.0,0.0,1,1,0,0,50,50,0,0,1,1,0,0,50,50,0,0
601376263,2490378,4259850,2490378,0,0,0.07817869,0.0781787,0.0,0.0,2490378,4325386,2490378,0,0,0.011239903,0.011239903,0.0,0.0,1,1,0,0,50,50,0,0,1,1,0,0,50,50,0,0
601575321,2490378,4259850,2490378,0,0,0.05939056,0.05939056,0.0,0.0,2490378,4325386,2490378,0,0,0.011611049,0.011611049,0.0,0.0,1,1,0,0,50,50,0,0,1,1,0,0,50,50,0,0
601774440,2490378,4259850,2490378,0,0,0.04776791,0.047767904,0.0,0.0,2490378,4325386,2490378,0,0,0.01170269,0.011702688,0.0,0.0,1,1,0,0,50,50,0,0,1,1,0,0,50,50,0,0
601978483,2490378,4259850,2490378,0,0,0.059147086,0.05914711,0.0,0.0,2490378,4325386,2490378,0,0,0.011850269,0.011850269,0.0,0.0,1,1,0,0,50,50,0,0,1,1,0,0,50,50,0,0
602177571,2490378,4259850,2490378,0,0,0.07262135,0.072621375,0.0,0.0,2490378,4325386,2490378,0,0,0.012187207,0.012187207,0.0,0.0,1,1,0,0,50,50,0,0,1,1,0,0,50,50,0,0
602376664,2490378,4259850,2490378,0,0,0.074687794,0.0746878,0.0,0.0,2490378,4325386,2490378,0,0,0.01178741,0.01178741,0.0,0.0,1,1,0,0,50,50,0,0,1,1,0,0,50,50,0,0
602575855,2490378,4259850,2490378,0,0,0.07391306,0.07391313,0.0,0.0,2490378,4325386,2490378,0,0,0.012117182,0.012117183,0.0,0.0,1,1,0,0,50,50,0,0,1,1,0,0,50,50,0,0
602774856,2490378,4259850,2490378,0,0,0.06982878,0.06982882,0.0,0.0,2490378,4325386,2490378,0,0,0.011984181,0.011984181,0.0,0.0,1,1,0,0,50,50,0,0,1,1,0,0,50,50,0,0
602973935,2490378,4259850,2490378,0,0,0.071428604,0.071428604,0.0,0.0,2490378,4325386,2490378,0,0,0.0118498765,0.0118498765,0.0,0.0,1,1,0,0,50,50,0,0,1,1,0,0,50,50,0,0
603178013,2490378,4259850,2490378,0,0,0.07450737,0.07450738,0.0,0.0,2490378,4325386,2490378,0,0,0.011504602,0.011504602,0.0,0.0,1,1,0,0,50,50,0,0,1,1,0,0,50,50,0,0
603377095,2490378,4259850,2490378,0,0,0.07267434,0.07267438,0.0,0.0,2490378,4325386,2490378,0,0,0.011487651,0.011487651,0.0,0.0,1,1,0,0,50,50,0,0,1,1,0,0,50,50,0,0
603576237,2490378,4259850,2490378,0,0,0.071586326,0.07158635,0.0,0.0,2490378,4325386,2490378,0,0,0.011635687,0.011635687,0.0,0.0,1,1,0,0,50,50,0,0,1,1,0,0,50,50,0,0
603775278,2490378,4259850,2490378,0,0,0.06327923,0.06327924,0.0,0.0,2490378,4325386,2490378,0,0,0.012146159,0.012146157,0.0,0.0,1,1,0,0,50,50,0,0,1,1,0,0,50,50,0,0
603974375,2490378,4259850,2490378,0,0,0.06439403,0.06439404,0.0,0.0,2490378,4325386,2490378,0,0,0.010090156,0.010090155,0.0,0.0,1,1,0,0,50,50,0,0,1,1,0,0,50,50,0,0
604173496,2490378,4259850,2490378,0,0,0.046081748,0.046081737,0.0,0.0,2490378,4325386,2490378,0,0,0.013313125,0.013313126,0.0,0.0,1,1,0,0,50,50,0,0,1,1,0,0,50,50,0,0
604372583,2490378,4259850,2490378,0,0,0.055646658,0.05564669,0.0,0.0,2490378,4325386,2490378,0,0,0.01225582,0.0122558195,0.0,0.0,1,1,0,0,50,50,0,0,1,1,0,0,50,50,0,0
604576622,2490378,4259850,2490378,0,0,0.054720182,0.054720182,0.0,0.0,2490378,4325386,2490378,0,0,0.0119632315,0.0119632315,0.0,0.0,1,1,0,0,50,50,0,0,1,1,0,0,50,50,0,0
604775715,2490378,4259850,2490378,0,0,0.05348312,0.05348313,0.0,0.0,2490378,4325386,2490378,0,0,0.009313176,0.009313178,0.0,0.0,1,1,0,0,50,50,0,0,1,1,0,0,50,50,0,0
604974806,2490378,4259850,2490378,0,0,0.046585336,0.046585288,0.0,0.0,2490378,4325386,2490378,0,0,0.013144332,0.013144332,0.0,0.0,1,1,0,0,50,50,0,0,1,1,0,0,50,50,0,0
605173891,2490378,4259850,2490378,0,0,0.05193041,0.0519304,0.0,0.0,2490378,4325386,2490378,0,0,0.012071279,0.012071278,0.0,0.0,1,1,0,0,50,50,0,0,1,1,0,0,50,50,0,0
605372984,2490378,4259850,2490378,0,0,0.034612354,0.034612346,0.0,0.0,2490378,4325386,2490378,0,0,0.011854024,0.011854024,0.0,0.0,1,1,0,0,50,50,0,0,1,1,0,0,50,50,0,0
605572077,2490378,4259850,2490378,0,0,0.048412472,0.048412487,0.0,0.0,2490378,4325386,2490378,0,0,0.011645471,0.01164547,0.0,0.0,1,1,0,0,50,50,0,0,1,1,0,0,50,50,0,0
605771204,2490378,4259850,2490378,0,0,0.0545435,0.054543532,0.0,0.0,2490378,4325386,2490378,0,0,0.011919648,0.01191965,0.0,0.0,1,1,0,0,50,50,0,0,1,1,0,0,50,50,0,0
605975235,2490378,4259850,2490378,0,0,0.047268774,0.04726879,0.0,0.0,2490378,4325386,2490378,0,0,0.012351648,0.012351648,0.0,0.0,1,1,0,0,50,50,0,0,1,1,0,0,50,50,0,0
606174324,2490378,4259850,2490378,0,0,0.05591733,0.055917334,0.0,0.0,2490378,4325386,2490378,0,0,0.011896014,0.011896014,0.0,0.0,1,1,0,0,50,50,0,0,1,1,0,0,50,50,0,0
606373416,2490378,4259850,2490378,0,0,0.055962335,0.055962257,0.0,0.0,2490378,4325386,2490378,0,0,0.011915269,0.01191527,0.0,0.0,1,1,0,0,50,50,0,0,1,1,0,0,50,50,0,0
606577487,2490378,4259850,2490378,0,0,0.065222256,0.065222256,0.0,0.0,2490378,4325386,2490378,0,0,0.011654269,0.011654269,0.0,0.0,1,1,0,0,50,50,0,0,1,1,0,0,50,50,0,0
606776577,2490378,4259850,2490378,0,0,0.06305915,0.063059166,0.0,0.0,2490378,4325386,2490378,0,0,0.011785177,0.011785175,0.0,0.0,1,1,0,0,50,50,0,0,1,1,0,0,50,50,0,0
606975714,2490378,4259850,2490378,0,0,0.061391715,0.061391726,0.0,0.0,2490378,4325386,2490378,0,0,0.011445161,0.011445161,0.0,0.0,1,1,0,0,50,50,0,0,1,1,0,0,50,50,0,0
607174778,2490378,4259850,2490378,0,0,0.068770245,0.06877025,0.0,0.0,2490378,4325386,2490378,0,0,0.012152826,0.0121528255,0.0,0.0,1,1,0,0,50,50,0,0,1,1,0,0,50,50,0,0
607378822,2490378,4259850,2490378,0,0,0.06559686,0.06559686,0.0,0.0,2490378,4325386,2490378,0,0,0.011296956,0.011296956,0.0,0.0,1,1,0,0,50,50,0,0,1,1,0,0,50,50,0,0
607577918,2490378,4259850,2490378,0,0,0.06990156,0.06990156,0.0,0.0,2490378,4325386,2490378,0,0,0.012053564,0.012053564,0.0,0.0,1,1,0,0,50,50,0,0,1,1,0,0,50,50,0,0
607777018,2490378,4259850,2490378,0,0,0.06906919,0.069069155,0.0,0.0,2490378,4325386,2490378,0,0,0.012199215,0.012199213,0.0,0.0,1,1,0,0,50,50,0,0,1,1,0,0,50,50,0,0
607976117,2490378,4259850,2490378,0,0,0.06863312,0.06863311,0.0,0.0,2490378,4325386,2490378,0,0,0.01233364,0.01233364,0.0,0.0,1,1,0,0,50,50,0,0,1,1,0,0,50,50,0,0
608175188,2490378,4259850,2490378,0,0,0.073338926,0.073338896,0.0,0.0,2490378,4325386,2490378,0,0,0.011940247,0.011940247,0.0,0.0,1,1,0,0,50,50,0,0,1,1,0,0,50,50,0,0
608374280,2490378,4259850,2490378,0,0,0.07238861,0.072388574,0.0,0.0,2490378,4325386,2490378,0,0,0.01171866,0.011718658,0.0,0.0,1,1,0,0,50,50,0,0,1,1,0,0,50,50,0,0
608573399,2490378,4259850,2490378,0,0,0.075979725,0.07597973,0.0,0.0,2490378,4325386,2490378,0,0,0.01187749,0.01187749,0.0,0.0,1,1,0,0,50,50,0,0,1,1,0,0,50,50,0,0
608777440,2490378,4259850,2490378,0,0,0.06835709,0.06835707,0.0,0.0,2490378,4325386,2490378,0,0,0.011971508,0.011971508,0.0,0.0,1,1,0,0,50,50,0,0,1,1,0,0,50,50,0,0
608976526,2490378,4259850,2490378,0,0,0.07372037,0.07372039,0.0,0.0,2490378,4325386,2490378,0,0,0.012111325,0.012111325,0.0,0.0,1,1,0,0,50,50,0,0,1,1,0,0,50,50,0,0
609175635,2490378,4259850,2490378,0,0,0.08127213,0.081272155,0.0,0.0,2490378,4325386,2490378,0,0,0.011815863,0.011815864,0.0,0.0,1,1,0,0,50,50,0,0,1,1,0,0,50,50,0,0
609374711,2490378,4259850,2490378,0,0,0.08069476,0.08069472,0.0,0.0,2490378,4325386,2490378,0,0,0.011955386,0.011955386,0.0,0.0,1,1,0,0,50,50,0,0,1,1,0,0,50,50,0,0
609573804,2490378,4259850,2490378,0,0,0.07627964,0.076279685,0.0,0.0,2490378,4325386,2490378,0,0,0.011752643,0.011752643,0.0,0.0,1,1,0,0,50,50,0,0,1,1,0,0,50,50,0,0
609772916,2490378,4259850,2490378,0,0,0.07611467,0.0761147,0.0,0.0,2490378,4325386,2490378,0,0,0.011896672,0.011896672,0.0,0.0,1,1,0,0,50,50,0,0,1,1,0,0,50,50,0,0
609972008,2490378,4259850,2490378,0,0,0.07951867,0.07951866,0.0,0.0,2490378,4325386,2490378,0,0,0.011854948,0.011854948,0.0,0.0,1,1,0,0,50,50,0,0,1,1,0,0,50,50,0,0
610176047,2490378,4259850,2490378,0,0,0.082077764,0.08207777,0.0,0.0,2490378,4325386,2490378,0,0,0.011954768,0.011954767,0.0,0.0,1,1,0,0,50,50,0,0,1,1,0,0,50,50,0,0
610375160,2490378,4259850,2490378,0,0,0.07307201,0.073071994,0.0,0.0,2490378,4325386,2490378,0,0,0.011805327,0.011805326,0.0,0.0,1,1,0,0,50,50,0,0,1,1,0,0,50,50,0,0
610574238,2490378,4259850,2490378,0,0,0.07535079,0.0753508,0.0,0.0,2490378,4325386,2490378,0,0,0.012388493,0.012388493,0.0,0.0,1,1,0,0,50,50,0,0,1,1,0,0,50,50,0,0
610773319,2490378,4259850,2490378,0,0,0.07463084,0.074630864,0.0,0.0,2490378,4325386,2490378,0,0,0.011824613,0.011824613,0.0,0.0,1,1,0,0,50,50,0,0,1,1,0,0,50,50,0,0
610972410,2490378,4259850,2490378,0,0,0.07790474,0.0779047,0.0,0.0,2490378,4325386,2490378,0,0,0.012087464,0.012087464,0.0,0.0,1,1,0,0,50,50,0,0,1,1,0,0,50,50,0,0
611176479,2490378,4259850,2490378,0,0,0.0740959,0.07409588,0.0,0.0,2490378,4325386,2490378,0,0,0.012014261,0.012014263,0.0,0.0,1,1,0,0,50,50,0,0,1,1,0,0,50,50,0,0
611375571,2490378,4259850,2490378,0,0,0.06776895,0.06776895,0.0,0.0,2490378,4325386,2490378,0,0,0.011940412,0.011940412,0.0,0.0,1,1,0,0,50,50,0,0,1,1,0,0,50,50,0,0
611574659,2490378,4259850,2490378,0,0,0.064732306,0.064732336,0.0,0.0,2490378,4325386,2490378,0,0,0.012158944,0.012158944,0.0,0.0,1,1,0,0,50,50,0,0,1,1,0,0,50,50,0,0
611773748,2490378,4259850,2490378,0,0,0.05955061,0.059550613,0.0,0.0,2490378,4325386,2490378,0,0,0.011847364,0.011847364,0.0,0.0,1,1,0,0,50,50,0,0,1,1,0,0,50,50,0,0
611977811,2490378,4259850,2490378,0,0,0.057179734,0.057179753,0.0,0.0,2490378,4325386,2490378,0,0,0.012475021,0.012475021,0.0,0.0,1,1,0,0,50,50,0,0,1,1,0,0,50,50,0,0
612176925,2490378,4259850,2490378,0,0,0.053153265,0.053153295,0.0,0.0,2490378,4325386,2490378,0,0,0.012038212,0.012038212,0.0,0.0,1,1,0,0,50,50,0,0,1,1,0,0,50,50,0,0
612375995,2490378,4259850,2490378,0,0,0.056928564,0.0569286,0.0,0.0,2490378,4325386,2490378,0,0,0.0118963765,0.011896377,0.0,0.0,1,1,0,0,50,50,0,0,1,1,0,0,50,50,0,0
612575097,2490378,4259850,2490378,0,0,0.057367213,0.05736724,0.0,0.0,2490378,4325386,2490378,0,0,0.011161744,0.011161745,0.0,0.0,1,1,0,0,50,50,0,0,1,1,0,0,50,50,0,0
612774180,2490378,4259850,2490378,0,0,0.061799593,0.061799593,0.0,0.0,2490378,4325386,2490378,0,0,0.013348109,0.013348113,0.0,0.0,1,1,0,0,50,50,0,0,1,1,0,0,50,50,0,0
612978245,2490378,4259850,2490378,0,0,0.055779766,0.055779763,0.0,0.0,2490378,4325386,2490378,0,0,0.012047516,0.012047516,0.0,0.0,1,1,0,0,50,50,0,0,1,1,0,0,50,50,0,0
613177361,2490378,4259850,2490378,0,0,0.052015737,0.05201572,0.0,0.0,2490378,4325386,2490378,0,0,0.012019481,0.012019481,0.0,0.0,1,1,0,0,50,50,0,0,1,1,0,0,50,50,0,0
613376427,2490378,4259850,2490378,0,0,0.060319964,0.060319975,0.0,0.0,2490378,4325386,2490378,0,0,0.012105011,0.012105011,0.0,0.0,1,1,0,0,50,50,0,0,1,1,0,0,50,50,0,0
613575512,2490378,4259850,2490378,0,0,0.073114395,0.07311442,0.0,0.0,2490378,4325386,2490378,0,0,0.011753989,0.011753989,0.0,0.0,1,1,0,0,50,50,0,0,1,1,0,0,50,50,0,0
613774596,2490378,4259850,2490378,0,0,0.07872949,0.07872947,0.0,0.0,2490378,4325386,2490378,0,0,0.011491996,0.011491997,0.0,0.0,1,1,0,0,50,50,0,0,1,1,0,0,50,50,0,0
613973699,2490378,4259850,2490378,0,0,0.074842416,0.07484241,0.0,0.0,2490378,4325386,2490378,0,0,0.011762811,0.01176281,0.0,0.0,1,1,0,0,50,50,0,0,1,1,0,0,50,50,0,0
614172783,2490378,4259850,2490378,0,0,0.069775864,0.06977586,0.0,0.0,2490378,4325386,2490378,0,0,0.011519179,0.01151918,0.0,0.0,1,1,0,0,50,50,0,0,1,1,0,0,50,50,0,0
614376852,2490378,4259850,2490378,0,0,0.07083047,0.070830435,0.0,0.0,2490378,4325386,2490378,0,0,0.011628883,0.011628884,0.0,0.0,1,1,0,0,50,50,0,0,1,1,0,0,50,50,0,0
614575968,2490378,4259850,2490378,0,0,0.069780625,0.069780596,0.0,0.0,2490378,4325386,2490378,0,0,0.011968075,0.011968075,0.0,0.0,1,1,0,0,50,50,0,0,1,1,0,0,50,50,0,0
614775029,2490378,4259850,2490378,0,0,0.07437427,0.074374296,0.0,0.0,2490378,4325386,2490378,0,0,0.011834975,0.011834974,0.0,0.0,1,1,0,0,50,50,0,0,1,1,0,0,50,50,0,0
614974138,2490378,4259850,2490378,0,0,0.059195414,0.059195444,0.0,0.0,2490378,4325386,2490378,0,0,0.011452701,0.0114527,0.0,0.0,1,1,0,0,50,50,0,0,1,1,0,0,50,50,0,0
615173214,2490378,4259850,2490378,0,0,0.04573126,0.04573126,0.0,0.0,2490378,4325386,2490378,0,0,0.014122528,0.014122528,0.0,0.0,1,1,0,0,50,50,0,0,1,1,0,0,50,50,0,0
615372320,2490378,4259850,2490378,0,0,0.041395158,0.04139516,0.0,0.0,2490378,4325386,2490378,0,0,0.011697833,0.011697833,0.0,0.0,1,1,0,0,50,50,0,0,1,1,0,0,50,50,0,0
615571391,2490378,4259850,2490378,0,0,0.037808012,0.037808,0.0,0.0,2490378,4325386,2490378,0,0,0.011922814,0.011922814,0.0,0.0,1,1,0,0,50,50,0,0,1,1,0,0,50,50,0,0
615775460,2490378,4259850,2490378,0,0,0.037351094,0.03735108,0.0,0.0,2490378,4325386,2490378,0,0,0.011880295,0.011880295,0.0,0.0,1,1,0,0,50,50,0,0,1,1,0,0,50,50,0,0
615974588,2490378,4259850,2490378,0,0,0.03364175,0.033641763,0.0,0.0,2490378,4325386,2490378,0,0,0.011759921,0.011759921,0.0,0.0,1,1,0,0,50,50,0,0,1,1,0,0,50,50,0,0
616173638,2490378,4259850,2490378,0,0,0.042906225,0.042906217,0.0,0.0,2490378,4325386,2490378,0,0,0.012550625,0.012550625,0.0,0.0,1,1,0,0,50,50,0,0,1,1,0,0,50,50,0,0
616372723,2490378,4259850,2490378,0,0,0.0410152,0.04101521,0.0,0.0,2490378,4325386,2490378,0,0,0.012066453,0.012066453,0.0,0.0,1,1,0,0,50,50,0,0,1,1,0,0,50,50,0,0
616576792,2490378,4259850,2490378,0,0,0.040829238,0.04082925,0.0,0.0,2490378,4325386,2490378,0,0,0.012329984,0.012329984,0.0,0.0,1,1,0,0,50,50,0,0,1,1,0,0,50,50,0,0
616775881,2490378,4259850,2490378,0,0,0.04982354,0.04982348,0.0,0.0,2490378,4325386,2490378,0,0,0.0118480455,0.0118480455,0.0,0.0,1,1,0,0,50,50,0,0,1,1,0,0,50,50,0,0
616974970,2490378,4259850,2490378,0,0,0.044749774,0.044749778,0.0,0.0,2490378,4325386,2490378,0,0,0.012404662,0.012404661,0.0,0.0,1,1,0,0,50,50,0,0,1,1,0,0,50,50,0,0
617179042,2490378,4259850,2490378,0,0,0.058836903,0.058836922,0.0,0.0,2490378,4325386,2490378,0,0,0.011751901,0.011751898,0.0,0.0,1,1,0,0,50,50,0,0,1,1,0,0,50,50,0,0
617378125,2490378,4259850,2490378,0,0,0.048146464,0.048146445,0.0,0.0,2490378,4325386,2490378,0,0,0.011729751,0.011729751,0.0,0.0,1,1,0,0,50,50,0,0,1,1,0,0,50,50,0,0
617577244,2490378,4259850,2490378,0,0,0.052319214,0.052319214,0.0,0.0,2490378,4325386,2490378,0,0,0.0119561795,0.01195618,0.0,0.0,1,1,0,0,50,50,0,0,1,1,0,0,50,50,0,0
617776352,2490378,4259850,2490378,0,0,0.057095066,0.057095062,0.0,0.0,2490378,4325386,2490378,0,0,0.011651068,0.011651066,0.0,0.0,1,1,0,0,50,50,0,0,1,1,0,0,50,50,0,0
617975420,2490378,4259850,2490378,0,0,0.050805267,0.050805252,0.0,0.0,2490378,4325386,2490378,0,0,0.011790349,0.011790348,0.0,0.0,1,1,0,0,50,50,0,0,1,1,0,0,50,50,0,0
618174484,2490378,4259850,2490378,0,0,0.058011875,0.05801193,0.0,0.0,2490378,4325386,2490378,0,0,0.012094299,0.012094299,0.0,0.0,1,1,0,0,50,50,0,0,1,1,0,0,50,50,0,0
618373577,2490378,4259850,2490378,0,0,0.059714623,0.059714615,0.0,0.0,2490378,4325386,2490378,0,0,0.011776886,0.011776886,0.0,0.0,1,1,0,0,50,50,0,0,1,1,0,0,50,50,0,0
618577644,2490378,4259850,2490378,0,0,0.06081101,0.06081099,0.0,0.0,2490378,4325386,2490378,0,0,0.011796178,0.011796178,0.0,0.0,1,1,0,0,50,50,0,0,1,1,0,0,50,50,0,0
618776774,2490378,4259850,2490378,0,0,0.062454756,0.06245474,0.0,0.0,2490378,4325386,2490378,0,0,0.011688059,0.011688059,0.0,0.0,1,1,0,0,50,50,0,0,1,1,0,0,50,50,0,0
618975827,2490378,4259850,2490378,0,0,0.051705908,0.051705886,0.0,0.0,2490378,4325386,2490378,0,0,0.0126457205,0.012645721,0.0,0.0,1,1,0,0,50,50,0,0,1,1,0,0,50,50,0,0
619174911,2490378,4259850,2490378,0,0,0.039146535,0.039146498,0.0,0.0,2490378,4325386,2490378,0,0,0.011867681,0.01186768,0.0,0.0,1,1,0,0,50,50,0,0,1,1,0,0,50,50,0,0
619374001,2490378,4259850,2490378,0,0,0.03429358,0.03429358,0.0,0.0,2490378,4325386,2490378,0,0,0.011014337,0.011014336,0.0,0.0,1,1,0,0,50,50,0,0,1,1,0,0,50,50,0,0
619573092,2490378,4259850,2490378,0,0,0.038466528,0.038466502,0.0,0.0,2490378,4325386,2490378,0,0,0.0077509787,0.0077509787,0.0,0.0,1,1,0,0,50,50,0,0,1,1,0,0,50,50,0,0
619772176,2490378,4259850,2490378,0,0,0.034066305,0.034066293,0.0,0.0,2490378,4325386,2490378,0,0,0.014010136,0.014010137,0.0,0.0,1,1,0,0,50,50,0,0,1,1,0,0,50,50,0,0
619976245,2490378,4259850,2490378,0,0,0.041559234,0.041559186,0.0,0.0,2490378,4325386,2490378,0,0,0.011712815,0.011712815,0.0,0.0,1,1,0,0,50,50,0,0,1,1,0,0,50,50,0,0
620175336,2490378,4259850,2490378,0,0,0.050947517,0.050947547,0.0,0.0,2490378,4325386,2490378,0,0,0.011774062,0.011774062,0.0,0.0,1,1,0,0,50,50,0,0,1,1,0,0,50,50,0,0
620374424,2490378,4259850,2490378,0,0,0.055459853,0.055459898,0.0,0.0,2490378,4325386,2490378,0,0,0.0123635335,0.0123635335,0.0,0.0,1,1,0,0,50,50,0,0,1,1,0,0,50,50,0,0
620573517,2490378,4259850,2490378,0,0,0.06378619,0.063786194,0.0,0.0,2490378,4325386,2490378,0,0,0.011442187,0.011442187,0.0,0.0,1,1,0,0,50,50,0,0,1,1,0,0,50,50,0,0
620772634,2490378,4259850,2490378,0,0,0.06604885,0.06604888,0.0,0.0,2490378,4325386,2490378,0,0,0.011722791,0.011722791,0.0,0.0,1,1,0,0,50,50,0,0,1,1,0,0,50,50,0,0
620971693,2490378,4259850,2490378,0,0,0.069563515,0.06956351,0.0,0.0,2490378,4325386,2490378,0,0,0.011403285,0.011403283,0.0,0.0,1,1,0,0,50,50,0,0,1,1,0,0,50,50,0,0
621175849,2490378,4259850,2490378,0,0,0.058991496,0.058991503,0.0,0.0,2490378,4325386,2490378,0,0,0.011423084,0.011423083,0.0,0.0,1,1,0,0,50,50,0,0,1,1,0,0,50,50,0,0
621374846,2490378,4259850,2490378,0,0,0.05200332,0.05200334,0.0,0.0,2490378,4325386,2490378,0,0,0.01152969,0.01152969,0.0,0.0,1,1,0,0,50,50,0,0,1,1,0,0,50,50,0,0
621573965,2490378,4259850,2490378,0,0,0.049847603,0.049847595,0.0,0.0,2490378,4325386,2490378,0,0,0.013336693,0.013336691,0.0,0.0,1,1,0,0,50,50,0,0,1,1,0,0,50,50,0,0
621778007,2490378,4259850,2490378,0,0,0.041614667,0.04161468,0.0,0.0,2490378,4325386,2490378,0,0,0.012264603,0.012264603,0.0,0.0,1,1,0,0,50,50,0,0,1,1,0,0,50,50,0,0
621977088,2490378,4259850,2490378,0,0,0.050438505,0.050438505,0.0,0.0,2490378,4325386,2490378,0,0,0.012172472,0.012172472,0.0,0.0,1,1,0,0,50,50,0,0,1,1,0,0,50,50,0,0
622176201,2490378,4259850,2490378,0,0,0.05649698,0.056496955,0.0,0.0,2490378,4325386,2490378,0,0,0.012058224,0.012058223,0.0,0.0,1,1,0,0,50,50,0,0,1,1,0,0,50,50,0,0
622375335,2490378,4259850,2490378,0,0,0.057594154,0.057594094,0.0,0.0,2490378,4325386,2490378,0,0,0.012180665,0.012180664,0.0,0.0,1,1,0,0,50,50,0,0,1,1,0,0,50,50,0,0
622574393,2490378,4259850,2490378,0,0,0.05849336,0.058493372,0.0,0.0,2490378,4325386,2490378,0,0,0.011936266,0.011936266,0.0,0.0,1,1,0,0,50,50,0,0,1,1,0,0,50,50,0,0
622778424,2490378,4259850,2490378,0,0,0.061893437,0.06189347,0.0,0.0,2490378,4325386,2490378,0,0,0.012381802,0.012381802,0.0,0.0,1,1,0,0,50,50,0,0,1,1,0,0,50,50,0,0
622977517,2490378,4259850,2490378,0,0,0.07210062,0.07210065,0.0,0.0,2490378,4325386,2490378,0,0,0.011963503,0.011963503,0.0,0.0,1,1,0,0,50,50,0,0,1,1,0,0,50,50,0,0
623176601,2490378,4259850,2490378,0,0,0.0803053,0.080305316,0.0,0.0,2490378,4325386,2490378,0,0,0.011750041,0.011750041,0.0,0.0,1,1,0,0,50,50,0,0,1,1,0,0,50,50,0,0
623375696,2490378,4259850,2490378,0,0,0.076083675,0.076083705,0.0,0.0,2490378,4325386,2490378,0,0,0.011681926,0.0116819255,0.0,0.0,1,1,0,0,50,50,0,0,1,1,0,0,50,50,0,0
623574781,2490378,4259850,2490378,0,0,0.070341654,0.07034167,0.0,0.0,2490378,4325386,2490378,0,0,0.011635821,0.011635821,0.0,0.0,1,1,0,0,50,50,0,0,1,1,0,0,50,50,0,0
623773868,2490378,4259850,2490378,0,0,0.06763858,0.067638636,0.0,0.0,2490378,4325386,2490378,0,0,0.012021038,0.012021038,0.0,0.0,1,1,0,0,50,50,0,0,1,1,0,0,50,50,0,0
623972960,2490378,4259850,2490378,0,0,0.05832363,0.058323663,0.0,0.0,2490378,4325386,2490378,0,0,0.011935529,0.011935529,0.0,0.0,1,1,0,0,50,50,0,0,1,1,0,0,50,50,0,0
624177059,2490378,4259850,2490378,0,0,0.055721804,0.055721804,0.0,0.0,2490378,4325386,2490378,0,0,0.011792731,0.011792731,0.0,0.0,1,1,0,0,50,50,0,0,1,1,0,0,50,50,0,0
624376139,2490378,4259850,2490378,0,0,0.04972626,0.049726237,0.0,0.0,2490378,4325386,2490378,0,0,0.011416229,0.011416229,0.0,0.0,1,1,0,0,50,50,0,0,1,1,0,0,50,50,0,0
624575212,2490378,4259850,2490378,0,0,0.04911146,0.04911142,0.0,0.0,2490378,4325386,2490378,0,0,0.012104703,0.012104703,0.0,0.0,1,1,0,0,50,50,0,0,1,1,0,0,50,50,0,0
624774291,2490378,4259850,2490378,0,0,0.05083203,0.050832022,0.0,0.0,2490378,4325386,2490378,0,0,0.010256389,0.010256389,0.0,0.0,1,1,0,0,50,50,0,0,1,1,0,0,50,50,0,0
624973408,2490378,4259850,2490378,0,0,0.056456212,0.05645622,0.0,0.0,2490378,4325386,2490378,0,0,0.012000843,0.012000842,0.0,0.0,1,1,0,0,50,50,0,0,1,1,0,0,50,50,0,0
625172466,2490378,4259850,2490378,0,0,0.05833023,0.05833019,0.0,0.0,2490378,4325386,2490378,0,0,0.011628144,0.011628144,0.0,0.0,1,1,0,0,50,50,0,0,1,1,0,0,50,50,0,0
625371555,2490378,4259850,2490378,0,0,0.06365583,0.06365579,0.0,0.0,2490378,4325386,2490378,0,0,0.011817798,0.011817797,0.0,0.0,1,1,0,0,50,50,0,0,1,1,0,0,50,50,0,0
625575627,2490378,4259850,2490378,0,0,0.06363185,0.06363185,0.0,0.0,2490378,4325386,2490378,0,0,0.01200904,0.012009042,0.0,0.0,1,1,0,0,50,50,0,0,1,1,0,0,50,50,0,0
625774743,2490378,4259850,2490378,0,0,0.06700148,0.067001484,0.0,0.0,2490378,4325386,2490378,0,0,0.011544007,0.011544007,0.0,0.0,1,1,0,0,50,50,0,0,1,1,0,0,50,50,0,0
625973826,2490378,4259850,2490378,0,0,0.068748966,0.06874892,0.0,0.0,2490378,4325386,2490378,0,0,0.011731319,0.011731318,0.0,0.0,1,1,0,0,50,50,0,0,1,1,0,0,50,50,0,0
626172886,2490378,4259850,2490378,0,0,0.064785495,0.06478549,0.0,0.0,2490378,4325386,2490378,0,0,0.012118223,0.012118224,0.0,0.0,1,1,0,0,50,50,0,0,1,1,0,0,50,50,0,0
626376955,2490378,4259850,2490378,0,0,0.062395196,0.062395193,0.0,0.0,2490378,4325386,2490378,0,0,0.012519707,0.012519707,0.0,0.0,1,1,0,0,50,50,0,0,1,1,0,0,50,50,0,0
626576038,2490378,4259850,2490378,0,0,0.06298033,0.06298033,0.0,0.0,2490378,4325386,2490378,0,0,0.01248862,0.01248862,0.0,0.0,1,1,0,0,50,50,0,0,1,1,0,0,50,50,0,0
626775128,2490378,4259850,2490378,0,0,0.06504376,0.065043725,0.0,0.0,2490378,4325386,2490378,0,0,0.011706128,0.011706128,0.0,0.0,1,1,0,0,50,50,0,0,1,1,0,0,50,50,0,0
626974219,2490378,4259850,2490378,0,0,0.063051194,0.06305121,0.0,0.0,2490378,4325386,2490378,0,0,0.011931019,0.011931019,0.0,0.0,1,1,0,0,50,50,0,0,1,1,0,0,50,50,0,0
627178568,2490378,4259850,2490378,0,0,0.065802895,0.065802924,0.0,0.0,2490378,4325386,2490378,0,0,0.0119790025,0.0119790025,0.0,0.0,1,1,0,0,50,50,0,0,1,1,0,0,50,50,0,0
627377379,2490378,4259850,2490378,0,0,0.06985182,0.069851816,0.0,0.0,2490378,4325386,2490378,0,0,0.012128837,0.0121288365,0.0,0.0,1,1,0,0,50,50,0,0,1,1,0,0,50,50,0,0
627576489,2490378,4259850,2490378,0,0,0.07367092,0.07367095,0.0,0.0,2490378,4325386,2490378,0,0,0.012148033,0.012148033,0.0,0.0,1,1,0,0,50,50,0,0,1,1,0,0,50,50,0,0
627775578,2490378,4259850,2490378,0,0,0.07457004,0.07457006,0.0,0.0,2490378,4325386,2490378,0,0,0.011636659,0.0116366595,0.0,0.0,1,1,0,0,50,50,0,0,1,1,0,0,50,50,0,0
627974660,2490378,4259850,2490378,0,0,0.07572381,0.07572378,0.0,0.0,2490378,4325386,2490378,0,0,0.011959526,0.011959526,0.0,0.0,1,1,0,0,50,50,0,0,1,1,0,0,50,50,0,0
628173733,2490378,4259850,2490378,0,0,0.0784189,0.07841888,0.0,0.0,2490378,4325386,2490378,0,0,0.011754754,0.011754752,0.0,0.0,1,1,0,0,50,50,0,0,1,1,0,0,50,50,0,0
628377793,2490378,4259850,2490378,0,0,0.078451194,0.07845119,0.0,0.0,2490378,4325386,2490378,0,0,0.011927763,0.011927762,0.0,0.0,1,1,0,0,50,50,0,0,1,1,0,0,50,50,0,0
628576882,2490378,4259850,2490378,0,0,0.073986754,0.07398675,0.0,0.0,2490378,4325386,2490378,0,0,0.011557971,0.011557971,0.0,0.0,1,1,0,0,50,50,0,0,1,1,0,0,50,50,0,0
628775967,2490378,4259850,2490378,0,0,0.07427238,0.07427235,0.0,0.0,2490378,4325386,2490378,0,0,0.011494381,0.011494381,0.0,0.0,1,1,0,0,50,50,0,0,1,1,0,0,50,50,0,0
628975059,2490378,4259850,2490378,0,0,0.07711044,0.07711045,0.0,0.0,2490378,4325386,2490378,0,0,0.011974753,0.011974753,0.0,0.0,1,1,0,0,50,50,0,0,1,1,0,0,50,50,0,0
629174177,2490378,4259850,2490378,0,0,0.07359736,0.0735974,0.0,0.0,2490378,4325386,2490378,0,0,0.011840267,0.011840268,0.0,0.0,1,1,0,0,50,50,0,0,1,1,0,0,50,50,0,0
629373235,2490378,4259850,2490378,0,0,0.07107276,0.07107278,0.0,0.0,2490378,4325386,2490378,0,0,0.011817584,0.011817584,0.0,0.0,1,1,0,0,50,50,0,0,1,1,0,0,50,50,0,0
629572318,2490378,4259850,2490378,0,0,0.069259375,0.06925935,0.0,0.0,2490378,4325386,2490378,0,0,0.011633061,0.011633061,0.0,0.0,1,1,0,0,50,50,0,0,1,1,0,0,50,50,0,0
629776385,2490378,4259850,2490378,0,0,0.07113214,0.071132146,0.0,0.0,2490378,4325386,2490378,0,0,0.011983549,0.011983549,0.0,0.0,1,1,0,0,50,50,0,0,1,1,0,0,50,50,0,0
629975493,2490378,4259850,2490378,0,0,0.070287846,0.07028782,0.0,0.0,2490378,4325386,2490378,0,0,0.0115297865,0.011529785,0.0,0.0,1,1,0,0,50,50,0,0,1,1,0,0,50,50,0,0
630174578,2490378,4259850,2490378,0,0,0.06953152,0.06953153,0.0,0.0,2490378,4325386,2490378,0,0,0.012170961,0.01217096,0.0,0.0,1,1,0,0,50,50,0,0,1,1,0,0,50,50,0,0
630373653,2490378,4259850,2490378,0,0,0.07333865,0.07333867,0.0,0.0,2490378,4325386,2490378,0,0,0.011992994,0.011992994,0.0,0.0,1,1,0,0,50,50,0,0,1,1,0,0,50,50,0,0
630572768,2490378,4259850,2490378,0,0,0.07774133,0.07774134,0.0,0.0,2490378,4325386,2490378,0,0,0.011736972,0.011736971,0.0,0.0,1,1,0,0,50,50,0,0,1,1,0,0,50,50,0,0
630771828,2490378,4259850,2490378,0,0,0.078290924,0.078290984,0.0,0.0,2490378,4325386,2490378,0,0,0.012106585,0.012106585,0.0,0.0,1,1,0,0,50,50,0,0,1,1,0,0,50,50,0,0
630975917,2490378,4259850,2490378,0,0,0.08263362,0.08263364,0.0,0.0,2490378,4325386,2490378,0,0,0.0122124115,0.01221241,0.0,0.0,1,1,0,0,50,50,0,0,1,1,0,0,50,50,0,0
631174979,2490378,4259850,2490378,0,0,0.078651406,0.07865141,0.0,0.0,2490378,4325386,2490378,0,0,0.011735993,0.011735993,0.0,0.0,1,1,0,0,50,50,0,0,1,1,0,0,50,50,0,0
631374067,2490378,4259850,2490378,0,0,0.08378174,0.083781764,0.0,0.0,2490378,4325386,2490378,0,0,0.012412595,0.012412594,0.0,0.0,1,1,0,0,50,50,0,0,1,1,0,0,50,50,0,0
631573154,2490378,4259850,2490378,0,0,0.083682165,0.08368216,0.0,0.0,2490378,4325386,2490378,0,0,0.01194917,0.011949171,0.0,0.0,1,1,0,0,50,50,0,0,1,1,0,0,50,50,0,0
631777219,2490378,4259850,2490378,0,0,0.0842782,0.08427818,0.0,0.0,2490378,4325386,2490378,0,0,0.011809654,0.0118096545,0.0,0.0,1,1,0,0,50,50,0,0,1,1,0,0,50,50,0,0
631976310,2490378,4259850,2490378,0,0,0.08348769,0.08348772,0.0,0.0,2490378,4325386,2490378,0,0,0.011587775,0.011587775,0.0,0.0,1,1,0,0,50,50,0,0,1,1,0,0,50,50,0,0
632175394,2490378,4259850,2490378,0,0,0.07923245,0.07923243,0.0,0.0,2490378,4325386,2490378,0,0,0.011710332,0.011710334,0.0,0.0,1,1,0,0,50,50,0,0,1,1,0,0,50,50,0,0
632374485,2490378,4259850,2490378,0,0,0.07841147,0.078411475,0.0,0.0,2490378,4325386,2490378,0,0,0.011588725,0.011588725,0.0,0.0,1,1,0,0,50,50,0,0,1,1,0,0,50,50,0,0
632578551,2490378,4259850,2490378,0,0,0.070507444,0.07050748,0.0,0.0,2490378,4325386,2490378,0,0,0.011836048,0.011836048,0.0,0.0,1,1,0,0,50,50,0,0,1,1,0,0,50,50,0,0
632777771,2490378,4259850,2490378,0,0,0.06981251,0.06981251,0.0,0.0,2490378,4325386,2490378,0,0,0.01158894,0.01158894,0.0,0.0,1,1,0,0,50,50,0,0,1,1,0,0,50,50,0,0
632976729,2490378,4259850,2490378,0,0,0.06886495,0.06886495,0.0,0.0,2490378,4325386,2490378,0,0,0.011834522,0.01183452,0.0,0.0,1,1,0,0,50,50,0,0,1,1,0,0,50,50,0,0
633175848,2490378,4259850,2490378,0,0,0.07020673,0.07020671,0.0,0.0,2490378,4325386,2490378,0,0,0.012041109,0.012041109,0.0,0.0,1,1,0,0,50,50,0,0,1,1,0,0,50,50,0,0
633374939,2490378,4259850,2490378,0,0,0.06838351,0.06838354,0.0,0.0,2490378,4325386,2490378,0,0,0.01190991,0.01190991,0.0,0.0,1,1,0,0,50,50,0,0,1,1,0,0,50,50,0,0
633573987,2490378,4259850,2490378,0,0,0.07582278,0.07582279,0.0,0.0,2490378,4325386,2490378,0,0,0.012135948,0.012135948,0.0,0.0,1,1,0,0,50,50,0,0,1,1,0,0,50,50,0,0
633773077,2490378,4259850,2490378,0,0,0.07584527,0.07584527,0.0,0.0,2490378,4325386,2490378,0,0,0.011747261,0.011747262,0.0,0.0,1,1,0,0,50,50,0,0,1,1,0,0,50,50,0,0
633977139,2490378,4259850,2490378,0,0,0.08009393,0.080093935,0.0,0.0,2490378,4325386,2490378,0,0,0.01232233,0.01232233,0.0,0.0,1,1,0,0,50,50,0,0,1,1,0,0,50,50,0,0
634176240,2490378,4259850,2490378,0,0,0.08321003,0.08321001,0.0,0.0,2490378,4325386,2490378,0,0,0.012282671,0.0122826705,0.0,0.0,1,1,0,0,50,50,0,0,1,1,0,0,50,50,0,0
634375316,2490378,4259850,2490378,0,0,0.09283603,0.092836015,0.0,0.0,2490378,4325386,2490378,0,0,0.012473975,0.012473975,0.0,0.0,1,1,0,0,50,50,0,0,1,1,0,0,50,50,0,0
634574407,2490378,4259850,2490378,0,0,0.0852937,0.08529371,0.0,0.0,2490378,4325386,2490378,0,0,0.011975821,0.011975821,0.0,0.0,1,1,0,0,50,50,0,0,1,1,0,0,50,50,0,0
634773498,2490378,4259850,2490378,0,0,0.084727414,0.0847274,0.0,0.0,2490378,4325386,2490378,0,0,0.012209982,0.012209982,0.0,0.0,1,1,0,0,50,50,0,0,1,1,0,0,50,50,0,0
634972609,2490378,4259850,2490378,0,0,0.08366173,0.08366171,0.0,0.0,2490378,4325386,2490378,0,0,0.011639154,0.011639154,0.0,0.0,1,1,0,0,50,50,0,0,1,1,0,0,50,50,0,0
635171671,2490378,4259850,2490378,0,0,0.07557027,0.07557024,0.0,0.0,2490378,4325386,2490378,0,0,0.011763294,0.011763294,0.0,0.0,1,1,0,0,50,50,0,0,1,1,0,0,50,50,0,0
635375731,2490378,4259850,2490378,0,0,0.07277826,0.072778285,0.0,0.0,2490378,4325386,2490378,0,0,0.011735876,0.011735876,0.0,0.0,1,1,0,0,50,50,0,0,1,1,0,0,50,50,0,0
635574815,2490378,4259850,2490378,0,0,0.075202525,0.07520254,0.0,0.0,2490378,4325386,2490378,0,0,0.012082495,0.012082495,0.0,0.0,1,1,0,0,50,50,0,0,1,1,0,0,50,50,0,0
635773912,2490378,4259850,2490378,0,0,0.076182336,0.07618232,0.0,0.0,2490378,4325386,2490378,0,0,0.011806478,0.011806478,0.0,0.0,1,1,0,0,50,50,0,0,1,1,0,0,50,50,0,0
635972992,2490378,4259850,2490378,0,0,0.07949663,0.07949659,0.0,0.0,2490378,4325386,2490378,0,0,0.011890924,0.011890924,0.0,0.0,1,1,0,0,50,50,0,0,1,1,0,0,50,50,0,0
636177085,2490378,4259850,2490378,0,0,0.07627008,0.07627008,0.0,0.0,2490378,4325386,2490378,0,0,0.011958339,0.01195834,0.0,0.0,1,1,0,0,50,50,0,0,1,1,0,0,50,50,0,0
636376142,2490378,4259850,2490378,0,0,0.08470173,0.08470172,0.0,0.0,2490378,4325386,2490378,0,0,0.011899656,0.011899656,0.0,0.0,1,1,0,0,50,50,0,0,1,1,0,0,50,50,0,0
636575234,2490378,4259850,2490378,0,0,0.07943539,0.07943538,0.0,0.0,2490378,4325386,2490378,0,0,0.012198265,0.012198265,0.0,0.0,1,1,0,0,50,50,0,0,1,1,0,0,50,50,0,0
636774338,2490378,4259850,2490378,0,0,0.08526889,0.08526891,0.0,0.0,2490378,4325386,2490378,0,0,0.011812015,0.011812015,0.0,0.0,1,1,0,0,50,50,0,0,1,1,0,0,50,50,0,0
636978425,2490378,4259850,2490378,0,0,0.09435965,0.094359644,0.0,0.0,2490378,4325386,2490378,0,0,0.011522845,0.011522845,0.0,0.0,1,1,0,0,50,50,0,0,1,1,0,0,50,50,0,0
637177470,2490378,4259850,2490378,0,0,0.08992057,0.08992058,0.0,0.0,2490378,4325386,2490378,0,0,0.011713376,0.011713376,0.0,0.0,1,1,0,0,50,50,0,0,1,1,0,0,50,50,0,0
637376559,2490378,4259850,2490378,0,0,0.0969831,0.0969831,0.0,0.0,2490378,4325386,2490378,0,0,0.011954636,0.011954636,0.0,0.0,1,1,0,0,50,50,0,0,1,1,0,0,50,50,0,0
637575647,2490378,4259850,2490378,0,0,0.09851888,0.09851891,0.0,0.0,2490378,4325386,2490378,0,0,0.01175845,0.01175845,0.0,0.0,1,1,0,0,50,50,0,0,1,1,0,0,50,50,0,0
637774728,2490378,4259850,2490378,0,0,0.10118827,0.1011883,0.0,0.0,2490378,4325386,2490378,0,0,0.01182764,0.011827639,0.0,0.0,1,1,0,0,50,50,0,0,1,1,0,0,50,50,0,0
637973838,2490378,4259850,2490378,0,0,0.09236652,0.09236655,0.0,0.0,2490378,4325386,2490378,0,0,0.011715901,0.0117159,0.0,0.0,1,1,0,0,50,50,0,0,1,1,0,0,50,50,0,0
638177903,2490378,4259850,2490378,0,0,0.08615722,0.08615722,0.0,0.0,2490378,4325386,2490378,0,0,0.012382777,0.012382776,0.0,0.0,1,1,0,0,50,50,0,0,1,1,0,0,50,50,0,0
638377074,2490378,4259850,2490378,0,0,0.083046176,0.08304615,0.0,0.0,2490378,4325386,2490378,0,0,0.012006266,0.012006266,0.0,0.0,1,1,0,0,50,50,0,0,1,1,0,0,50,50,0,0
638576056,2490378,4259850,2490378,0,0,0.093847066,0.09384707,0.0,0.0,2490378,4325386,2490378,0,0,0.011746696,0.011746696,0.0,0.0,1,1,0,0,50,50,0,0,1,1,0,0,50,50,0,0
638775143,2490378,4259850,2490378,0,0,0.08683478,0.086834796,0.0,0.0,2490378,4325386,2490378,0,0,0.011847523,0.011847522,0.0,0.0,1,1,0,0,50,50,0,0,1,1,0,0,50,50,0,0
638974272,2490378,4259850,2490378,0,0,0.07420757,0.07420757,0.0,0.0,2490378,4325386,2490378,0,0,0.0120573845,0.0120573845,0.0,0.0,1,1,0,0,50,50,0,0,1,1,0,0,50,50,0,0
639173316,2490378,4259850,2490378,0,0,0.085004196,0.08500418,0.0,0.0,2490378,4325386,2490378,0,0,0.01201825,0.01201825,0.0,0.0,1,1,0,0,50,50,0,0,1,1,0,0,50,50,0,0
639372401,2490378,4259850,2490378,0,0,0.087096445,0.08709646,0.0,0.0,2490378,4325386,2490378,0,0,0.011279813,0.011279813,0.0,0.0,1,1,0,0,50,50,0,0,1,1,0,0,50,50,0,0
639576807,2490378,4259850,2490378,0,0,0.08386563,0.083865665,0.0,0.0,2490378,4325386,2490378,0,0,0.011598964,0.011598964,0.0,0.0,1,1,0,0,50,50,0,0,1,1,0,0,50,50,0,0
639775637,2490378,4259850,2490378,0,0,0.096309826,0.09630982,0.0,0.0,2490378,4325386,2490378,0,0,0.012155577,0.0121555785,0.0,0.0,1,1,0,0,50,50,0,0,1,1,0,0,50,50,0,0
639974646,2490378,4259850,2490378,0,0,0.11008342,0.1100834,0.0,0.0,2490378,4325386,2490378,0,0,0.0116998255,0.0116998255,0.0,0.0,1,1,0,0,50,50,0,0,1,1,0,0,50,50,0,0
640173733,2490378,4259850,2490378,0,0,0.10872225,0.10872225,0.0,0.0,2490378,4325386,2490378,0,0,0.011655845,0.011655846,0.0,0.0,1,1,0,0,50,50,0,0,1,1,0,0,50,50,0,0
640372815,2490378,4259850,2490378,0,0,0.11344446,0.113444515,0.0,0.0,2490378,4325386,2490378,0,0,0.01168276,0.01168276,0.0,0.0,1,1,0,0,50,50,0,0,1,1,0,0,50,50,0,0
640571901,2490378,4259850,2490378,0,0,0.12689638,0.12689635,0.0,0.0,2490378,4325386,2490378,0,0,0.011994028,0.011994028,0.0,0.0,1,1,0,0,50,50,0,0,1,1,0,0,50,50,0,0
640775999,2490378,4259850,2490378,0,0,0.12035816,0.12035813,0.0,0.0,2490378,4325386,2490378,0,0,0.012121904,0.012121904,0.0,0.0,1,1,0,0,50,50,0,0,1,1,0,0,50,50,0,0
640975053,2490378,4259850,2490378,0,0,0.1155587,0.115558684,0.0,0.0,2490378,4325386,2490378,0,0,0.011863939,0.011863939,0.0,0.0,1,1,0,0,50,50,0,0,1,1,0,0,50,50,0,0
641174139,2490378,4259850,2490378,0,0,0.11927882,0.11927883,0.0,0.0,2490378,4325386,2490378,0,0,0.012205787,0.012205788,0.0,0.0,1,1,0,0,50,50,0,0,1,1,0,0,50,50,0,0
641373232,2490378,4259850,2490378,0,0,0.12601864,0.1260187,0.0,0.0,2490378,4325386,2490378,0,0,0.011842347,0.011842346,0.0,0.0,1,1,0,0,50,50,0,0,1,1,0,0,50,50,0,0
641577292,2490378,4259850,2490378,0,0,0.11657844,0.11657845,0.0,0.0,2490378,4325386,2490378,0,0,0.01192144,0.01192144,0.0,0.0,1,1,0,0,50,50,0,0,1,1,0,0,50,50,0,0
641776387,2490378,4259850,2490378,0,0,0.114139356,0.11413936,0.0,0.0,2490378,4325386,2490378,0,0,0.012246259,0.012246259,0.0,0.0,1,1,0,0,50,50,0,0,1,1,0,0,50,50,0,0
641975489,2490378,4259850,2490378,0,0,0.11224525,0.11224526,0.0,0.0,2490378,4325386,2490378,0,0,0.012065786,0.012065786,0.0,0.0,1,1,0,0,50,50,0,0,1,1,0,0,50,50,0,0
642174553,2490378,4259850,2490378,0,0,0.106605195,0.10660521,0.0,0.0,2490378,4325386,2490378,0,0,0.011494901,0.011494901,0.0,0.0,1,1,0,0,50,50,0,0,1,1,0,0,50,50,0,0
642378646,2490378,4259850,2490378,0,0,0.11539,0.11539001,0.0,0.0,2490378,4325386,2490378,0,0,0.01217446,0.01217446,0.0,0.0,1,1,0,0,50,50,0,0,1,1,0,0,50,50,0,0
642577704,2490378,4259850,2490378,0,0,0.11865509,0.1186551,0.0,0.0,2490378,4325386,2490378,0,0,0.011624023,0.011624023,0.0,0.0,1,1,0,0,50,50,0,0,1,1,0,0,50,50,0,0
642776789,2490378,4259850,2490378,0,0,0.118964106,0.118964106,0.0,0.0,2490378,4325386,2490378,0,0,0.011643382,0.011643382,0.0,0.0,1,1,0,0,50,50,0,0,1,1,0,0,50,50,0,0
642975908,2490378,4259850,2490378,0,0,0.12208374,0.12208373,0.0,0.0,2490378,4325386,2490378,0,0,0.011794281,0.011794281,0.0,0.0,1,1,0,0,50,50,0,0,1,1,0,0,50,50,0,0
643174959,2490378,4259850,2490378,0,0,0.124071,0.12407098,0.0,0.0,2490378,4325386,2490378,0,0,0.011536223,0.011536223,0.0,0.0,1,1,0,0,50,50,0,0,1,1,0,0,50,50,0,0
643374048,2490378,4259850,2490378,0,0,0.124853976,0.124853976,0.0,0.0,2490378,4325386,2490378,0,0,0.011679729,0.011679729,0.0,0.0,1,1,0,0,50,50,0,0,1,1,0,0,50,50,0,0
643573178,2490378,4259850,2490378,0,0,0.12827341,0.12827338,0.0,0.0,2490378,4325386,2490378,0,0,0.011940561,0.011940561,0.0,0.0,1,1,0,0,50,50,0,0,1,1,0,0,50,50,0,0
643777197,2490378,4259850,2490378,0,0,0.124635555,0.12463551,0.0,0.0,2490378,4325386,2490378,0,0,0.011716414,0.011716414,0.0,0.0,1,1,0,0,50,50,0,0,1,1,0,0,50,50,0,0
643976286,2490378,4259850,2490378,0,0,0.12258183,0.12258182,0.0,0.0,2490378,4325386,2490378,0,0,0.012060624,0.012060624,0.0,0.0,1,1,0,0,50,50,0,0,1,1,0,0,50,50,0,0
644175371,2490378,4259850,2490378,0,0,0.1189231,0.11892309,0.0,0.0,2490378,4325386,2490378,0,0,0.012202994,0.012202994,0.0,0.0,1,1,0,0,50,50,0,0,1,1,0,0,50,50,0,0
644374457,2490378,4259850,2490378,0,0,0.11357727,0.113577284,0.0,0.0,2490378,4325386,2490378,0,0,0.011900851,0.011900851,0.0,0.0,1,1,0,0,50,50,0,0,1,1,0,0,50,50,0,0
644573581,2490378,4259850,2490378,0,0,0.107680924,0.10768087,0.0,0.0,2490378,4325386,2490378,0,0,0.011953169,0.011953169,0.0,0.0,1,1,0,0,50,50,0,0,1,1,0,0,50,50,0,0
644772631,2490378,4259850,2490378,0,0,0.10392319,0.1039232,0.0,0.0,2490378,4325386,2490378,0,0,0.012171295,0.012171295,0.0,0.0,1,1,0,0,50,50,0,0,1,1,0,0,50,50,0,0
644971734,2490378,4259850,2490378,0,0,0.10046694,0.10046692,0.0,0.0,2490378,4325386,2490378,0,0,0.011812091,0.011812091,0.0,0.0,1,1,0,0,50,50,0,0,1,1,0,0,50,50,0,0
645175810,2490378,4259850,2490378,0,0,0.08711679,0.087116815,0.0,0.0,2490378,4325386,2490378,0,0,0.0125526935,0.0125526935,0.0,0.0,1,1,0,0,50,50,0,0,1,1,0,0,50,50,0,0
645374896,2490378,4259850,2490378,0,0,0.10595256,0.10595258,0.0,0.0,2490378,4325386,2490378,0,0,0.012194481,0.012194481,0.0,0.0,1,1,0,0,50,50,0,0,1,1,0,0,50,50,0,0
645573954,2490378,4259850,2490378,0,0,0.11509279,0.11509282,0.0,0.0,2490378,4325386,2490378,0,0,0.011481766,0.011481766,0.0,0.0,1,1,0,0,50,50,0,0,1,1,0,0,50,50,0,0
645773036,2490378,4259850,2490378,0,0,0.11808473,0.11808476,0.0,0.0,2490378,4325386,2490378,0,0,0.012152194,0.012152194,0.0,0.0,1,1,0,0,50,50,0,0,1,1,0,0,50,50,0,0
645972122,2490378,4259850,2490378,0,0,0.121624015,0.12162404,0.0,0.0,2490378,4325386,2490378,0,0,0.011548453,0.011548453,0.0,0.0,1,1,0,0,50,50,0,0,1,1,0,0,50,50,0,0
646176189,2490378,4259850,2490378,0,0,0.12364887,0.1236489,0.0,0.0,2490378,4325386,2490378,0,0,0.011533416,0.011533416,0.0,0.0,1,1,0,0,50,50,0,0,1,1,0,0,50,50,0,0
646375272,2490378,4259850,2490378,0,0,0.12276504,0.12276504,0.0,0.0,2490378,4325386,2490378,0,0,0.011458941,0.011458942,0.0,0.0,1,1,0,0,50,50,0,0,1,1,0,0,50,50,0,0
646574363,2490378,4259850,2490378,0,0,0.12230634,0.12230635,0.0,0.0,2490378,4325386,2490378,0,0,0.01156769,0.011567691,0.0,0.0,1,1,0,0,50,50,0,0,1,1,0,0,50,50,0,0
646778424,2490378,4259850,2490378,0,0,0.11961106,0.119611084,0.0,0.0,2490378,4325386,2490378,0,0,0.011854563,0.011854563,0.0,0.0,1,1,0,0,50,50,0,0,1,1,0,0,50,50,0,0
646977509,2490378,4259850,2490378,0,0,0.12102574,0.12102573,0.0,0.0,2490378,4325386,2490378,0,0,0.011591733,0.011591733,0.0,0.0,1,1,0,0,50,50,0,0,1,1,0,0,50,50,0,0
647176595,2490378,4259850,2490378,0,0,0.11564518,0.11564515,0.0,0.0,2490378,4325386,2490378,0,0,0.011423004,0.011423004,0.0,0.0,1,1,0,0,50,50,0,0,1,1,0,0,50,50,0,0
647375905,2490378,4259850,2490378,0,0,0.114611916,0.11461188,0.0,0.0,2490378,4325386,2490378,0,0,0.011593875,0.011593875,0.0,0.0,1,1,0,0,50,50,0,0,1,1,0,0,50,50,0,0
647574768,2490378,4259850,2490378,0,0,0.11365383,0.11365383,0.0,0.0,2490378,4325386,2490378,0,0,0.012001878,0.012001878,0.0,0.0,1,1,0,0,50,50,0,0,1,1,0,0,50,50,0,0
647773884,2490378,4259850,2490378,0,0,0.10899689,0.1089969,0.0,0.0,2490378,4325386,2490378,0,0,0.011760358,0.011760358,0.0,0.0,1,1,0,0,50,50,0,0,1,1,0,0,50,50,0,0
647977941,2490378,4259850,2490378,0,0,0.111406505,0.1114065,0.0,0.0,2490378,4325386,2490378,0,0,0.011548851,0.011548849,0.0,0.0,1,1,0,0,50,50,0,0,1,1,0,0,50,50,0,0
648177021,2490378,4259850,2490378,0,0,0.11179854,0.111798495,0.0,0.0,2490378,4325386,2490378,0,0,0.01180007,0.01180007,0.0,0.0,1,1,0,0,50,50,0,0,1,1,0,0,50,50,0,0
648376086,2490378,4259850,2490378,0,0,0.118636,0.11863601,0.0,0.0,2490378,4325386,2490378,0,0,0.011996274,0.011996274,0.0,0.0,1,1,0,0,50,50,0,0,1,1,0,0,50,50,0,0
648575172,2490378,4259850,2490378,0,0,0.11640861,0.1164086,0.0,0.0,2490378,4325386,2490378,0,0,0.012007025,0.012007025,0.0,0.0,1,1,0,0,50,50,0,0,1,1,0,0,50,50,0,0
648774259,2490378,4259850,2490378,0,0,0.11744423,0.117444225,0.0,0.0,2490378,4325386,2490378,0,0,0.012141495,0.012141495,0.0,0.0,1,1,0,0,50,50,0,0,1,1,0,0,50,50,0,0
648973344,2490378,4259850,2490378,0,0,0.11792248,0.11792248,0.0,0.0,2490378,4325386,2490378,0,0,0.011710765,0.011710765,0.0,0.0,1,1,0,0,50,50,0,0,1,1,0,0,50,50,0,0
649172427,2490378,4259850,2490378,0,0,0.12072949,0.1207295,0.0,0.0,2490378,4325386,2490378,0,0,0.012180578,0.012180578,0.0,0.0,1,1,0,0,50,50,0,0,1,1,0,0,50,50,0,0
649376509,2490378,4259850,2490378,0,0,0.11750103,0.117501006,0.0,0.0,2490378,4325386,2490378,0,0,0.0116043845,0.011604384,0.0,0.0,1,1,0,0,50,50,0,0,1,1,0,0,50,50,0,0
649575598,2490378,4259850,2490378,0,0,0.11891246,0.11891244,0.0,0.0,2490378,4325386,2490378,0,0,0.011785268,0.011785267,0.0,0.0,1,1,0,0,50,50,0,0,1,1,0,0,50,50,0,0
649774668,2490378,4259850,2490378,0,0,0.1160792,0.11607917,0.0,0.0,2490378,4325386,2490378,0,0,0.012191985,0.012191984,0.0,0.0,1,1,0,0,50,50,0,0,1,1,0,0,50,50,0,0
649973748,2490378,4259850,2490378,0,0,0.10854493,0.10854492,0.0,0.0,2490378,4325386,2490378,0,0,0.012195157,0.012195158,0.0,0.0,1,1,0,0,50,50,0,0,1,1,0,0,50,50,0,0
650172873,2490378,4259850,2490378,0,0,0.11213316,0.11213316,0.0,0.0,2490378,4325386,2490378,0,0,0.011761352,0.011761353,0.0,0.0,1,1,0,0,50,50,0,0,1,1,0,0,50,50,0,0
650371917,2490378,4259850,2490378,0,0,0.11890093,0.11890094,0.0,0.0,2490378,4325386,2490378,0,0,0.011769433,0.011769432,0.0,0.0,1,1,0,0,50,50,0,0,1,1,0,0,50,50,0,0
650575984,2490378,4259850,2490378,0,0,0.11815738,0.118157394,0.0,0.0,2490378,4325386,2490378,0,0,0.011765166,0.011765167,0.0,0.0,1,1,0,0,50,50,0,0,1,1,0,0,50,50,0,0
650775111,2490378,4259850,2490378,0,0,0.1191207,0.1191207,0.0,0.0,2490378,4325386,2490378,0,0,0.012038122,0.012038124,0.0,0.0,1,1,0,0,50,50,0,0,1,1,0,0,50,50,0,0
650974152,2490378,4259850,2490378,0,0,0.11879154,0.11879155,0.0,0.0,2490378,4325386,2490378,0,0,0.0118884295,0.0118884295,0.0,0.0,1,1,0,0,50,50,0,0,1,1,0,0,50,50,0,0
651173236,2490378,4259850,2490378,0,0,0.11941674,0.119416766,0.0,0.0,2490378,4325386,2490378,0,0,0.012129732,0.012129732,0.0,0.0,1,1,0,0,50,50,0,0,1,1,0,0,50,50,0,0
651377302,2490378,4259850,2490378,0,0,0.11497835,0.114978366,0.0,0.0,2490378,4325386,2490378,0,0,0.011775461,0.011775461,0.0,0.0,1,1,0,0,50,50,0,0,1,1,0,0,50,50,0,0
651576389,2490378,4259850,2490378,0,0,0.11854621,0.11854621,0.0,0.0,2490378,4325386,2490378,0,0,0.011502965,0.011502965,0.0,0.0,1,1,0,0,50,50,0,0,1,1,0,0,50,50,0,0
651775474,2490378,4259850,2490378,0,0,0.11959654,0.11959654,0.0,0.0,2490378,4325386,2490378,0,0,0.012015922,0.012015922,0.0,0.0,1,1,0,0,50,50,0,0,1,1,0,0,50,50,0,0
651974566,2490378,4259850,2490378,0,0,0.11797069,0.117970705,0.0,0.0,2490378,4325386,2490378,0,0,0.012080401,0.0120804,0.0,0.0,1,1,0,0,50,50,0,0,1,1,0,0,50,50,0,0
652178623,2490378,4259850,2490378,0,0,0.12033574,0.12033573,0.0,0.0,2490378,4325386,2490378,0,0,0.012279567,0.012279567,0.0,0.0,1,1,0,0,50,50,0,0,1,1,0,0,50,50,0,0
652377706,2490378,4259850,2490378,0,0,0.11668806,0.11668812,0.0,0.0,2490378,4325386,2490378,0,0,0.0118212355,0.011821234,0.0,0.0,1,1,0,0,50,50,0,0,1,1,0,0,50,50,0,0
652576794,2490378,4259850,2490378,0,0,0.11869408,0.118694074,0.0,0.0,2490378,4325386,2490378,0,0,0.012046724,0.0120467255,0.0,0.0,1,1,0,0,50,50,0,0,1,1,0,0,50,50,0,0
652775910,2490378,4259850,2490378,0,0,0.118089065,0.118089065,0.0,0.0,2490378,4325386,2490378,0,0,0.011956985,0.011956986,0.0,0.0,1,1,0,0,50,50,0,0,1,1,0,0,50,50,0,0
652975195,2490378,4259850,2490378,0,0,0.11972024,0.11972025,0.0,0.0,2490378,4325386,2490378,0,0,0.012030913,0.012030914,0.0,0.0,1,1,0,0,50,50,0,0,1,1,0,0,50,50,0,0
653174074,2490378,4259850,2490378,0,0,0.12093597,0.12093597,0.0,0.0,2490378,4325386,2490378,0,0,0.011640564,0.011640564,0.0,0.0,1,1,0,0,50,50,0,0,1,1,0,0,50,50,0,0
653373137,2490378,4259850,2490378,0,0,0.12346432,0.12346433,0.0,0.0,2490378,4325386,2490378,0,0,0.011932336,0.011932337,0.0,0.0,1,1,0,0,50,50,0,0,1,1,0,0,50,50,0,0
653577220,2490378,4259850,2490378,0,0,0.12063084,0.120630875,0.0,0.0,2490378,4325386,2490378,0,0,0.011791787,0.011791787,0.0,0.0,1,1,0,0,50,50,0,0,1,1,0,0,50,50,0,0
653776279,2490378,4259850,2490378,0,0,0.117561735,0.117561735,0.0,0.0,2490378,4325386,2490378,0,0,0.011636482,0.011636482,0.0,0.0,1,1,0,0,50,50,0,0,1,1,0,0,50,50,0,0
653975370,2490378,4259850,2490378,0,0,0.11490995,0.11490995,0.0,0.0,2490378,4325386,2490378,0,0,0.011796705,0.011796705,0.0,0.0,1,1,0,0,50,50,0,0,1,1,0,0,50,50,0,0
654174469,2490378,4259850,2490378,0,0,0.11369439,0.11369439,0.0,0.0,2490378,4325386,2490378,0,0,0.011733267,0.011733267,0.0,0.0,1,1,0,0,50,50,0,0,1,1,0,0,50,50,0,0
654373543,2490378,4259850,2490378,0,0,0.11702126,0.11702128,0.0,0.0,2490378,4325386,2490378,0,0,0.011964696,0.011964696,0.0,0.0,1,1,0,0,50,50,0,0,1,1,0,0,50,50,0,0
654572622,2490378,4259850,2490378,0,0,0.1153683,0.11536828,0.0,0.0,2490378,4325386,2490378,0,0,0.011751203,0.011751203,0.0,0.0,1,1,0,0,50,50,0,0,1,1,0,0,50,50,0,0
654771711,2490378,4259850,2490378,0,0,0.116536304,0.11653631,0.0,0.0,2490378,4325386,2490378,0,0,0.011634499,0.011634499,0.0,0.0,1,1,0,0,50,50,0,0,1,1,0,0,50,50,0,0
654975770,2490378,4259850,2490378,0,0,0.12027447,0.12027448,0.0,0.0,2490378,4325386,2490378,0,0,0.011890064,0.011890064,0.0,0.0,1,1,0,0,50,50,0,0,1,1,0,0,50,50,0,0
655174857,2490378,4259850,2490378,0,0,0.11951085,0.11951085,0.0,0.0,2490378,4325386,2490378,0,0,0.011829531,0.011829531,0.0,0.0,1,1,0,0,50,50,0,0,1,1,0,0,50,50,0,0
655373941,2490378,4259850,2490378,0,0,0.12083235,0.120832376,0.0,0.0,2490378,4325386,2490378,0,0,0.011741194,0.011741194,0.0,0.0,1,1,0,0,50,50,0,0,1,1,0,0,50,50,0,0
655573043,2490378,4259850,2490378,0,0,0.11778936,0.11778936,0.0,0.0,2490378,4325386,2490378,0,0,0.011801506,0.011801506,0.0,0.0,1,1,0,0,50,50,0,0,1,1,0,0,50,50,0,0
655772147,2490378,4259850,2490378,0,0,0.12185694,0.12185696,0.0,0.0,2490378,4325386,2490378,0,0,0.011964186,0.011964186,0.0,0.0,1,1,0,0,50,50,0,0,1,1,0,0,50,50,0,0
655976166,2490378,4259850,2490378,0,0,0.120012976,0.12001302,0.0,0.0,2490378,4325386,2490378,0,0,0.011959505,0.011959504,0.0,0.0,1,1,0,0,50,50,0,0,1,1,0,0,50,50,0,0
656175253,2490378,4259850,2490378,0,0,0.11859641,0.118596435,0.0,0.0,2490378,4325386,2490378,0,0,0.011927886,0.011927886,0.0,0.0,1,1,0,0,50,50,0,0,1,1,0,0,50,50,0,0
656374365,2490378,4259850,2490378,0,0,0.11859136,0.11859139,0.0,0.0,2490378,4325386,2490378,0,0,0.012209874,0.012209874,0.0,0.0,1,1,0,0,50,50,0,0,1,1,0,0,50,50,0,0
656578399,2490378,4259850,2490378,0,0,0.11825102,0.118250996,0.0,0.0,2490378,4325386,2490378,0,0,0.011996403,0.0119964015,0.0,0.0,1,1,0,0,50,50,0,0,1,1,0,0,50,50,0,0
656777483,2490378,4259850,2490378,0,0,0.1154294,0.115429424,0.0,0.0,2490378,4325386,2490378,0,0,0.011780505,0.011780505,0.0,0.0,1,1,0,0,50,50,0,0,1,1,0,0,50,50,0,0
656976589,2490378,4259850,2490378,0,0,0.11538621,0.115386225,0.0,0.0,2490378,4325386,2490378,0,0,0.01198654,0.01198654,0.0,0.0,1,1,0,0,50,50,0,0,1,1,0,0,50,50,0,0
657175660,2490378,4259850,2490378,0,0,0.11319439,0.11319439,0.0,0.0,2490378,4325386,2490378,0,0,0.011879997,0.011879997,0.0,0.0,1,1,0,0,50,50,0,0,1,1,0,0,50,50,0,0
657374774,2490378,4259850,2490378,0,0,0.116642885,0.1166429,0.0,0.0,2490378,4325386,2490378,0,0,0.011661005,0.011661005,0.0,0.0,1,1,0,0,50,50,0,0,1,1,0,0,50,50,0,0
657573825,2490378,4259850,2490378,0,0,0.11901347,0.119013466,0.0,0.0,2490378,4325386,2490378,0,0,0.011355977,0.011355975,0.0,0.0,1,1,0,0,50,50,0,0,1,1,0,0,50,50,0,0
657777886,2490378,4259850,2490378,0,0,0.1162316,0.11623158,0.0,0.0,2490378,4325386,2490378,0,0,0.011785992,0.011785992,0.0,0.0,1,1,0,0,50,50,0,0,1,1,0,0,50,50,0,0
657976967,2490378,4259850,2490378,0,0,0.118105076,0.1181051,0.0,0.0,2490378,4325386,2490378,0,0,0.011798961,0.011798961,0.0,0.0,1,1,0,0,50,50,0,0,1,1,0,0,50,50,0,0
658176075,2490378,4259850,2490378,0,0,0.11921679,0.119216785,0.0,0.0,2490378,4325386,2490378,0,0,0.011629945,0.011629945,0.0,0.0,1,1,0,0,50,50,0,0,1,1,0,0,50,50,0,0
658375248,2490378,4259850,2490378,0,0,0.120478354,0.12047837,0.0,0.0,2490378,4325386,2490378,0,0,0.011759322,0.011759323,0.0,0.0,1,1,0,0,50,50,0,0,1,1,0,0,50,50,0,0
658574416,2490378,4259850,2490378,0,0,0.12040539,0.12040537,0.0,0.0,2490378,4325386,2490378,0,0,0.012576757,0.012576757,0.0,0.0,1,1,0,0,50,50,0,0,1,1,0,0,50,50,0,0
658773335,2490378,4259850,2490378,0,0,0.11845089,0.11845088,0.0,0.0,2490378,4325386,2490378,0,0,0.01183784,0.01183784,0.0,0.0,1,1,0,0,50,50,0,0,1,1,0,0,50,50,0,0
658972389,2490378,4259850,2490378,0,0,0.117616884,0.11761691,0.0,0.0,2490378,4325386,2490378,0,0,0.011902103,0.011902103,0.0,0.0,1,1,0,0,50,50,0,0,1,1,0,0,50,50,0,0
659176494,2490378,4259850,2490378,0,0,0.11150756,0.111507565,0.0,0.0,2490378,4325386,2490378,0,0,0.0120256385,0.01202564,0.0,0.0,1,1,0,0,50,50,0,0,1,1,0,0,50,50,0,0
659375538,2490378,4259850,2490378,0,0,0.10720419,0.10720417,0.0,0.0,2490378,4325386,2490378,0,0,0.012102504,0.012102504,0.0,0.0,1,1,0,0,50,50,0,0,1,1,0,0,50,50,0,0
659574630,2490378,4259850,2490378,0,0,0.10360441,0.10360438,0.0,0.0,2490378,4325386,2490378,0,0,0.011844353,0.011844353,0.0,0.0,1,1,0,0,50,50,0,0,1,1,0,0,50,50,0,0
659773755,2490378,4259850,2490378,0,0,0.102544315,0.102544315,0.0,0.0,2490378,4325386,2490378,0,0,0.012093323,0.012093323,0.0,0.0,1,1,0,0,50,50,0,0,1,1,0,0,50,50,0,0
659972790,2490378,4259850,2490378,0,0,0.099754296,0.0997543,0.0,0.0,2490378,4325386,2490378,0,0,0.0119534945,0.0119534945,0.0,0.0,1,1,0,0,50,50,0,0,1,1,0,0,50,50,0,0
660171874,2490378,4259850,2490378,0,0,0.10501092,0.105010964,0.0,0.0,2490378,4325386,2490378,0,0,0.011964178,0.011964178,0.0,0.0,1,1,0,0,50,50,0,0,1,1,0,0,50,50,0,0
660375936,2490378,4259850,2490378,0,0,0.10858996,0.108589984,0.0,0.0,2490378,4325386,2490378,0,0,0.011505788,0.011505788,0.0,0.0,1,1,0,0,50,50,0,0,1,1,0,0,50,50,0,0
660575022,2490378,4259850,2490378,0,0,0.11359445,0.11359444,0.0,0.0,2490378,4325386,2490378,0,0,0.011725209,0.011725209,0.0,0.0,1,1,0,0,50,50,0,0,1,1,0,0,50,50,0,0
660774107,2490378,4259850,2490378,0,0,0.11646987,0.1164699,0.0,0.0,2490378,4325386,2490378,0,0,0.011757166,0.011757166,0.0,0.0,1,1,0,0,50,50,0,0,1,1,0,0,50,50,0,0
660973190,2490378,4259850,2490378,0,0,0.11488154,0.11488154,0.0,0.0,2490378,4325386,2490378,0,0,0.011830531,0.011830531,0.0,0.0,1,1,0,0,50,50,0,0,1,1,0,0,50,50,0,0
661177249,2490378,4259850,2490378,0,0,0.11513746,0.11513746,0.0,0.0,2490378,4325386,2490378,0,0,0.012027342,0.012027342,0.0,0.0,1,1,0,0,50,50,0,0,1,1,0,0,50,50,0,0
661376335,2490378,4259850,2490378,0,0,0.10551244,0.10551246,0.0,0.0,2490378,4325386,2490378,0,0,0.011683496,0.011683496,0.0,0.0,1,1,0,0,50,50,0,0,1,1,0,0,50,50,0,0
661575420,2490378,4259850,2490378,0,0,0.107240714,0.10724073,0.0,0.0,2490378,4325386,2490378,0,0,0.011712969,0.011712969,0.0,0.0,1,1,0,0,50,50,0,0,1,1,0,0,50,50,0,0
661774531,2490378,4259850,2490378,0,0,0.10617317,0.1061732,0.0,0.0,2490378,4325386,2490378,0,0,0.011501714,0.011501715,0.0,0.0,1,1,0,0,50,50,0,0,1,1,0,0,50,50,0,0
661978588,2490378,4259850,2490378,0,0,0.10230428,0.10230424,0.0,0.0,2490378,4325386,2490378,0,0,0.011731966,0.011731966,0.0,0.0,1,1,0,0,50,50,0,0,1,1,0,0,50,50,0,0
662177663,2490378,4259850,2490378,0,0,0.10049124,0.100491226,0.0,0.0,2490378,4325386,2490378,0,0,0.012085927,0.012085927,0.0,0.0,1,1,0,0,50,50,0,0,1,1,0,0,50,50,0,0
662376748,2490378,4259850,2490378,0,0,0.10648582,0.10648582,0.0,0.0,2490378,4325386,2490378,0,0,0.011856856,0.011856856,0.0,0.0,1,1,0,0,50,50,0,0,1,1,0,0,50,50,0,0
662575844,2490378,4259850,2490378,0,0,0.106704906,0.106704906,0.0,0.0,2490378,4325386,2490378,0,0,0.011574831,0.011574831,0.0,0.0,1,1,0,0,50,50,0,0,1,1,0,0,50,50,0,0
662774934,2490378,4259850,2490378,0,0,0.10823413,0.10823411,0.0,0.0,2490378,4325386,2490378,0,0,0.012226284,0.012226284,0.0,0.0,1,1,0,0,50,50,0,0,1,1,0,0,50,50,0,0
662973992,2490378,4259850,2490378,0,0,0.1116811,0.11168111,0.0,0.0,2490378,4325386,2490378,0,0,0.011838988,0.011838988,0.0,0.0,1,1,0,0,50,50,0,0,1,1,0,0,50,50,0,0
663173069,2490378,4259850,2490378,0,0,0.11173407,0.11173406,0.0,0.0,2490378,4325386,2490378,0,0,0.011713362,0.011713362,0.0,0.0,1,1,0,0,50,50,0,0,1,1,0,0,50,50,0,0
663377125,2490378,4259850,2490378,0,0,0.109490685,0.10949069,0.0,0.0,2490378,4325386,2490378,0,0,0.011968313,0.011968312,0.0,0.0,1,1,0,0,50,50,0,0,1,1,0,0,50,50,0,0
663576210,2490378,4259850,2490378,0,0,0.10910494,0.10910497,0.0,0.0,2490378,4325386,2490378,0,0,0.012383414,0.012383414,0.0,0.0,1,1,0,0,50,50,0,0,1,1,0,0,50,50,0,0
663775294,2490378,4259850,2490378,0,0,0.10612612,0.10612614,0.0,0.0,2490378,4325386,2490378,0,0,0.012072266,0.012072266,0.0,0.0,1,1,0,0,50,50,0,0,1,1,0,0,50,50,0,0
663974383,2490378,4259850,2490378,0,0,0.10519566,0.10519566,0.0,0.0,2490378,4325386,2490378,0,0,0.011729865,0.011729865,0.0,0.0,1,1,0,0,50,50,0,0,1,1,0,0,50,50,0,0
664173664,2490378,4259850,2490378,0,0,0.104855515,0.1048555,0.0,0.0,2490378,4325386,2490378,0,0,0.0119191175,0.0119191175,0.0,0.0,1,1,0,0,50,50,0,0,1,1,0,0,50,50,0,0
664372558,2490378,4259850,2490378,0,0,0.105313525,0.1053135,0.0,0.0,2490378,4325386,2490378,0,0,0.0121116815,0.0121116815,0.0,0.0,1,1,0,0,50,50,0,0,1,1,0,0,50,50,0,0
664571638,2490378,4259850,2490378,0,0,0.1061621,0.10616211,0.0,0.0,2490378,4325386,2490378,0,0,0.011747372,0.011747373,0.0,0.0,1,1,0,0,50,50,0,0,1,1,0,0,50,50,0,0
664775755,2490378,4259850,2490378,0,0,0.10891022,0.10891023,0.0,0.0,2490378,4325386,2490378,0,0,0.011349791,0.011349791,0.0,0.0,1,1,0,0,50,50,0,0,1,1,0,0,50,50,0,0
664974776,2490378,4259850,2490378,0,0,0.10993575,0.10993574,0.0,0.0,2490378,4325386,2490378,0,0,0.011823153,0.011823154,0.0,0.0,1,1,0,0,50,50,0,0,1,1,0,0,50,50,0,0
665173862,2490378,4259850,2490378,0,0,0.10872675,0.10872677,0.0,0.0,2490378,4325386,2490378,0,0,0.012014346,0.012014346,0.0,0.0,1,1,0,0,50,50,0,0,1,1,0,0,50,50,0,0
665372977,2490378,4259850,2490378,0,0,0.10843976,0.10843976,0.0,0.0,2490378,4325386,2490378,0,0,0.01170467,0.01170467,0.0,0.0,1,1,0,0,50,50,0,0,1,1,0,0,50,50,0,0
665577040,2490378,4259850,2490378,0,0,0.10444649,0.104446456,0.0,0.0,2490378,4325386,2490378,0,0,0.011600896,0.011600896,0.0,0.0,1,1,0,0,50,50,0,0,1,1,0,0,50,50,0,0
665776084,2490378,4259850,2490378,0,0,0.10541718,0.10541716,0.0,0.0,2490378,4325386,2490378,0,0,0.011437361,0.011437361,0.0,0.0,1,1,0,0,50,50,0,0,1,1,0,0,50,50,0,0
665975190,2490378,4259850,2490378,0,0,0.10498018,0.1049802,0.0,0.0,2490378,4325386,2490378,0,0,0.011773641,0.01177364,0.0,0.0,1,1,0,0,50,50,0,0,1,1,0,0,50,50,0,0
666174283,2490378,4259850,2490378,0,0,0.107853964,0.10785394,0.0,0.0,2490378,4325386,2490378,0,0,0.012354928,0.012354927,0.0,0.0,1,1,0,0,50,50,0,0,1,1,0,0,50,50,0,0
666378325,2490378,4259850,2490378,0,0,0.103811465,0.10381146,0.0,0.0,2490378,4325386,2490378,0,0,0.012056412,0.012056412,0.0,0.0,1,1,0,0,50,50,0,0,1,1,0,0,50,50,0,0
666577399,2490378,4259850,2490378,0,0,0.09837457,0.09837461,0.0,0.0,2490378,4325386,2490378,0,0,0.012394955,0.012394955,0.0,0.0,1,1,0,0,50,50,0,0,1,1,0,0,50,50,0,0
666776479,2490378,4259850,2490378,0,0,0.09852885,0.09852887,0.0,0.0,2490378,4325386,2490378,0,0,0.012121865,0.012121865,0.0,0.0,1,1,0,0,50,50,0,0,1,1,0,0,50,50,0,0
666975562,2490378,4259850,2490378,0,0,0.100922085,0.1009221,0.0,0.0,2490378,4325386,2490378,0,0,0.011832345,0.011832343,0.0,0.0,1,1,0,0,50,50,0,0,1,1,0,0,50,50,0,0
667174648,2490378,4259850,2490378,0,0,0.10409571,0.10409571,0.0,0.0,2490378,4325386,2490378,0,0,0.011938358,0.011938358,0.0,0.0,1,1,0,0,50,50,0,0,1,1,0,0,50,50,0,0
667373732,2490378,4259850,2490378,0,0,0.10555316,0.10555316,0.0,0.0,2490378,4325386,2490378,0,0,0.011480826,0.011480826,0.0,0.0,1,1,0,0,50,50,0,0,1,1,0,0,50,50,0,0
667577844,2490378,4259850,2490378,0,0,0.108980045,0.10898006,0.0,0.0,2490378,4325386,2490378,0,0,0.01137418,0.011374182,0.0,0.0,1,1,0,0,50,50,0,0,1,1,0,0,50,50,0,0
667776874,2490378,4259850,2490378,0,0,0.115708746,0.11570874,0.0,0.0,2490378,4325386,2490378,0,0,0.011982146,0.011982146,0.0,0.0,1,1,0,0,50,50,0,0,1,1,0,0,50,50,0,0
667975956,2490378,4259850,2490378,0,0,0.11423415,0.11423415,0.0,0.0,2490378,4325386,2490378,0,0,0.011721751,0.011721751,0.0,0.0,1,1,0,0,50,50,0,0,1,1,0,0,50,50,0,0
668175091,2490378,4259850,2490378,0,0,0.11684237,0.11684237,0.0,0.0,2490378,4325386,2490378,0,0,0.011633573,0.011633573,0.0,0.0,1,1,0,0,50,50,0,0,1,1,0,0,50,50,0,0
668374125,2490378,4259850,2490378,0,0,0.10983176,0.109831765,0.0,0.0,2490378,4325386,2490378,0,0,0.012017742,0.012017742,0.0,0.0,1,1,0,0,50,50,0,0,1,1,0,0,50,50,0,0
668573208,2490378,4259850,2490378,0,0,0.10660811,0.10660807,0.0,0.0,2490378,4325386,2490378,0,0,0.011810155,0.011810155,0.0,0.0,1,1,0,0,50,50,0,0,1,1,0,0,50,50,0,0
668772293,2490378,4259850,2490378,0,0,0.10160035,0.10160035,0.0,0.0,2490378,4325386,2490378,0,0,0.01178153,0.01178153,0.0,0.0,1,1,0,0,50,50,0,0,1,1,0,0,50,50,0,0
668976350,2490378,4259850,2490378,0,0,0.099816345,0.099816374,0.0,0.0,2490378,4325386,2490378,0,0,0.011645926,0.011645926,0.0,0.0,1,1,0,0,50,50,0,0,1,1,0,0,50,50,0,0
669175431,2490378,4259850,2490378,0,0,0.09684783,0.096847855,0.0,0.0,2490378,4325386,2490378,0,0,0.0117060365,0.0117060365,0.0,0.0,1,1,0,0,50,50,0,0,1,1,0,0,50,50,0,0
669374520,2490378,4259850,2490378,0,0,0.099755734,0.099755734,0.0,0.0,2490378,4325386,2490378,0,0,0.011784065,0.011784065,0.0,0.0,1,1,0,0,50,50,0,0,1,1,0,0,50,50,0,0
669573591,2490378,4259850,2490378,0,0,0.10309789,0.10309786,0.0,0.0,2490378,4325386,2490378,0,0,0.012047331,0.012047331,0.0,0.0,1,1,0,0,50,50,0,0,1,1,0,0,50,50,0,0
669772709,2490378,4259850,2490378,0,0,0.10955745,0.10955749,0.0,0.0,2490378,4325386,2490378,0,0,0.011512784,0.011512783,0.0,0.0,1,1,0,0,50,50,0,0,1,1,0,0,50,50,0,0
669971791,2490378,4259850,2490378,0,0,0.11286037,0.11286036,0.0,0.0,2490378,4325386,2490378,0,0,0.011694236,0.011694236,0.0,0.0,1,1,0,0,50,50,0,0,1,1,0,0,50,50,0,0
670175822,2490378,4259850,2490378,0,0,0.112413526,0.11241351,0.0,0.0,2490378,4325386,2490378,0,0,0.011678371,0.011678371,0.0,0.0,1,1,0,0,50,50,0,0,1,1,0,0,50,50,0,0
670374934,2490378,4259850,2490378,0,0,0.113216,0.11321602,0.0,0.0,2490378,4325386,2490378,0,0,0.011977661,0.011977661,0.0,0.0,1,1,0,0,50,50,0,0,1,1,0,0,50,50,0,0
670573988,2490378,4259850,2490378,0,0,0.1164769,0.11647689,0.0,0.0,2490378,4325386,2490378,0,0,0.012323328,0.012323328,0.0,0.0,1,1,0,0,50,50,0,0,1,1,0,0,50,50,0,0
670778048,2490378,4259850,2490378,0,0,0.115190096,0.11519008,0.0,0.0,2490378,4325386,2490378,0,0,0.011803253,0.011803254,0.0,0.0,1,1,0,0,50,50,0,0,1,1,0,0,50,50,0,0
670977161,2490378,4259850,2490378,0,0,0.112514876,0.11251482,0.0,0.0,2490378,4325386,2490378,0,0,0.011848164,0.011848164,0.0,0.0,1,1,0,0,50,50,0,0,1,1,0,0,50,50,0,0
671176221,2490378,4259850,2490378,0,0,0.1070686,0.1070686,0.0,0.0,2490378,4325386,2490378,0,0,0.012061478,0.012061476,0.0,0.0,1,1,0,0,50,50,0,0,1,1,0,0,50,50,0,0
671375296,2490378,4259850,2490378,0,0,0.10076951,0.10076949,0.0,0.0,2490378,4325386,2490378,0,0,0.01192668,0.01192668,0.0,0.0,1,1,0,0,50,50,0,0,1,1,0,0,50,50,0,0
671574400,2490378,4259850,2490378,0,0,0.10310259,0.103102565,0.0,0.0,2490378,4325386,2490378,0,0,0.0110753765,0.0110753765,0.0,0.0,1,1,0,0,50,50,0,0,1,1,0,0,50,50,0,0
671778441,2490378,4259850,2490378,0,0,0.09913501,0.099135034,0.0,0.0,2490378,4325386,2490378,0,0,0.011464763,0.011464764,0.0,0.0,1,1,0,0,50,50,0,0,1,1,0,0,50,50,0,0
671977523,2490378,4259850,2490378,0,0,0.10081164,0.10081166,0.0,0.0,2490378,4325386,2490378,0,0,0.011632385,0.011632385,0.0,0.0,1,1,0,0,50,50,0,0,1,1,0,0,50,50,0,0
672176608,2490378,4259850,2490378,0,0,0.10944401,0.109444015,0.0,0.0,2490378,4325386,2490378,0,0,0.011803624,0.011803622,0.0,0.0,1,1,0,0,50,50,0,0,1,1,0,0,50,50,0,0
672375691,2490378,4259850,2490378,0,0,0.11046062,0.11046062,0.0,0.0,2490378,4325386,2490378,0,0,0.011490782,0.011490782,0.0,0.0,1,1,0,0,50,50,0,0,1,1,0,0,50,50,0,0
672574769,2490378,4259850,2490378,0,0,0.11428519,0.11428519,0.0,0.0,2490378,4325386,2490378,0,0,0.0117780985,0.0117780985,0.0,0.0,1,1,0,0,50,50,0,0,1,1,0,0,50,50,0,0
672773856,2490378,4259850,2490378,0,0,0.105004616,0.105004594,0.0,0.0,2490378,4325386,2490378,0,0,0.011745123,0.011745123,0.0,0.0,1,1,0,0,50,50,0,0,1,1,0,0,50,50,0,0
672972956,2490378,4259850,2490378,0,0,0.110861085,0.11086109,0.0,0.0,2490378,4325386,2490378,0,0,0.012200863,0.012200864,0.0,0.0,1,1,0,0,50,50,0,0,1,1,0,0,50,50,0,0
673177020,2490378,4259850,2490378,0,0,0.10755486,0.10755485,0.0,0.0,2490378,4325386,2490378,0,0,0.011796468,0.011796467,0.0,0.0,1,1,0,0,50,50,0,0,1,1,0,0,50,50,0,0
673376076,2490378,4259850,2490378,0,0,0.10270881,0.10270881,0.0,0.0,2490378,4325386,2490378,0,0,0.011610428,0.011610428,0.0,0.0,1,1,0,0,50,50,0,0,1,1,0,0,50,50,0,0
673575160,2490378,4259850,2490378,0,0,0.09951021,0.099510215,0.0,0.0,2490378,4325386,2490378,0,0,0.011809947,0.011809947,0.0,0.0,1,1,0,0,50,50,0,0,1,1,0,0,50,50,0,0
673774298,2490378,4259850,2490378,0,0,0.09955348,0.09955349,0.0,0.0,2490378,4325386,2490378,0,0,0.011897542,0.011897542,0.0,0.0,1,1,0,0,50,50,0,0,1,1,0,0,50,50,0,0
673973357,2490378,4259850,2490378,0,0,0.0992444,0.09924442,0.0,0.0,2490378,4325386,2490378,0,0,0.011629129,0.011629131,0.0,0.0,1,1,0,0,50,50,0,0,1,1,0,0,50,50,0,0
674172408,2490378,4259850,2490378,0,0,0.10149135,0.10149136,0.0,0.0,2490378,4325386,2490378,0,0,0.011816287,0.011816288,0.0,0.0,1,1,0,0,50,50,0,0,1,1,0,0,50,50,0,0
674371516,2490378,4259850,2490378,0,0,0.10117186,0.10117184,0.0,0.0,2490378,4325386,2490378,0,0,0.011959083,0.011959083,0.0,0.0,1,1,0,0,50,50,0,0,1,1,0,0,50,50,0,0
674575545,2490378,4259850,2490378,0,0,0.108936094,0.108936094,0.0,0.0,2490378,4325386,2490378,0,0,0.012097821,0.012097821,0.0,0.0,1,1,0,0,50,50,0,0,1,1,0,0,50,50,0,0
674774631,2490378,4259850,2490378,0,0,0.11471991,0.11471992,0.0,0.0,2490378,4325386,2490378,0,0,0.011469614,0.011469614,0.0,0.0,1,1,0,0,50,50,0,0,1,1,0,0,50,50,0,0
674973716,2490378,4259850,2490378,0,0,0.11363814,0.11363819,0.0,0.0,2490378,4325386,2490378,0,0,0.011533726,0.011533726,0.0,0.0,1,1,0,0,50,50,0,0,1,1,0,0,50,50,0,0
675172796,2490378,4259850,2490378,0,0,0.1126792,0.11267921,0.0,0.0,2490378,4325386,2490378,0,0,0.011697515,0.011697515,0.0,0.0,1,1,0,0,50,50,0,0,1,1,0,0,50,50,0,0
675376883,2490378,4259850,2490378,0,0,0.10757095,0.10757095,0.0,0.0,2490378,4325386,2490378,0,0,0.01164682,0.01164682,0.0,0.0,1,1,0,0,50,50,0,0,1,1,0,0,50,50,0,0
675575999,2490378,4259850,2490378,0,0,0.104578584,0.10457859,0.0,0.0,2490378,4325386,2490378,0,0,0.011688403,0.011688403,0.0,0.0,1,1,0,0,50,50,0,0,1,1,0,0,50,50,0,0
675775018,2490378,4259850,2490378,0,0,0.10016641,0.1001664,0.0,0.0,2490378,4325386,2490378,0,0,0.011067384,0.011067384,0.0,0.0,1,1,0,0,50,50,0,0,1,1,0,0,50,50,0,0
675974099,2490378,4259850,2490378,0,0,0.10333848,0.10333849,0.0,0.0,2490378,4325386,2490378,0,0,0.011536648,0.011536648,0.0,0.0,1,1,0,0,50,50,0,0,1,1,0,0,50,50,0,0
676178157,2490378,4259850,2490378,0,0,0.1063883,0.106388286,0.0,0.0,2490378,4325386,2490378,0,0,0.011635361,0.011635361,0.0,0.0,1,1,0,0,50,50,0,0,1,1,0,0,50,50,0,0
676377239,2490378,4259850,2490378,0,0,0.10363052,0.1036305,0.0,0.0,2490378,4325386,2490378,0,0,0.011887065,0.011887065,0.0,0.0,1,1,0,0,50,50,0,0,1,1,0,0,50,50,0,0
676576364,2490378,4259850,2490378,0,0,0.109628245,0.10962824,0.0,0.0,2490378,4325386,2490378,0,0,0.011781845,0.011781845,0.0,0.0,1,1,0,0,50,50,0,0,1,1,0,0,50,50,0,0
676775409,2490378,4259850,2490378,0,0,0.10651513,0.10651512,0.0,0.0,2490378,4325386,2490378,0,0,0.011584178,0.011584178,0.0,0.0,1,1,0,0,50,50,0,0,1,1,0,0,50,50,0,0
676974563,2490378,4259850,2490378,0,0,0.11146782,0.11146779,0.0,0.0,2490378,4325386,2490378,0,0,0.011442547,0.011442547,0.0,0.0,1,1,0,0,50,50,0,0,1,1,0,0,50,50,0,0
677173570,2490378,4259850,2490378,0,0,0.11004983,0.110049844,0.0,0.0,2490378,4325386,2490378,0,0,0.012315264,0.012315264,0.0,0.0,1,1,0,0,50,50,0,0,1,1,0,0,50,50,0,0
677377660,2490378,4259850,2490378,0,0,0.10979675,0.109796755,0.0,0.0,2490378,4325386,2490378,0,0,0.011593485,0.011593485,0.0,0.0,1,1,0,0,50,50,0,0,1,1,0,0,50,50,0,0
677576711,2490378,4259850,2490378,0,0,0.10540687,0.10540685,0.0,0.0,2490378,4325386,2490378,0,0,0.0118058985,0.0118058985,0.0,0.0,1,1,0,0,50,50,0,0,1,1,0,0,50,50,0,0
677775810,2490378,4259850,2490378,0,0,0.10255603,0.102556005,0.0,0.0,2490378,4325386,2490378,0,0,0.011881178,0.011881178,0.0,0.0,1,1,0,0,50,50,0,0,1,1,0,0,50,50,0,0
677974873,2490378,4259850,2490378,0,0,0.102147534,0.10214752,0.0,0.0,2490378,4325386,2490378,0,0,0.011892735,0.011892735,0.0,0.0,1,1,0,0,50,50,0,0,1,1,0,0,50,50,0,0
678173973,2490378,4259850,2490378,0,0,0.10295116,0.102951154,0.0,0.0,2490378,4325386,2490378,0,0,0.012079255,0.012079255,0.0,0.0,1,1,0,0,50,50,0,0,1,1,0,0,50,50,0,0
678373041,2490378,4259850,2490378,0,0,0.10247124,0.102471255,0.0,0.0,2490378,4325386,2490378,0,0,0.012029547,0.012029547,0.0,0.0,1,1,0,0,50,50,0,0,1,1,0,0,50,50,0,0
678572117,2490378,4259850,2490378,0,0,0.10792293,0.10792294,0.0,0.0,2490378,4325386,2490378,0,0,0.011846615,0.011846615,0.0,0.0,1,1,0,0,50,50,0,0,1,1,0,0,50,50,0,0
678776186,2490378,4259850,2490378,0,0,0.100818485,0.100818485,0.0,0.0,2490378,4325386,2490378,0,0,0.011915869,0.011915869,0.0,0.0,1,1,0,0,50,50,0,0,1,1,0,0,50,50,0,0
678975261,2490378,4259850,2490378,0,0,0.10401706,0.10401704,0.0,0.0,2490378,4325386,2490378,0,0,0.011299898,0.011299899,0.0,0.0,1,1,0,0,50,50,0,0,1,1,0,0,50,50,0,0
679174338,2490378,4259850,2490378,0,0,0.11081955,0.11081956,0.0,0.0,2490378,4325386,2490378,0,0,0.011188676,0.011188676,0.0,0.0,1,1,0,0,50,50,0,0,1,1,0,0,50,50,0,0
679373453,2490378,4259850,2490378,0,0,0.11421463,0.114214644,0.0,0.0,2490378,4325386,2490378,0,0,0.01179352,0.011793519,0.0,0.0,1,1,0,0,50,50,0,0,1,1,0,0,50,50,0,0
679572504,2490378,4259850,2490378,0,0,0.11436417,0.11436417,0.0,0.0,2490378,4325386,2490378,0,0,0.01140113,0.01140113,0.0,0.0,1,1,0,0,50,50,0,0,1,1,0,0,50,50,0,0
679776580,2490378,4259850,2490378,0,0,0.105329074,0.105329074,0.0,0.0,2490378,4325386,2490378,0,0,0.011414516,0.011414517,0.0,0.0,1,1,0,0,50,50,0,0,1,1,0,0,50,50,0,0
679975644,2490378,4259850,2490378,0,0,0.10989596,0.10989598,0.0,0.0,2490378,4325386,2490378,0,0,0.011518714,0.011518714,0.0,0.0,1,1,0,0,50,50,0,0,1,1,0,0,50,50,0,0
680174723,2490378,4259850,2490378,0,0,0.10890631,0.10890631,0.0,0.0,2490378,4325386,2490378,0,0,0.011313021,0.011313021,0.0,0.0,1,1,0,0,50,50,0,0,1,1,0,0,50,50,0,0
680373836,2490378,4259850,2490378,0,0,0.11260443,0.11260447,0.0,0.0,2490378,4325386,2490378,0,0,0.0118106175,0.0118106175,0.0,0.0,1,1,0,0,50,50,0,0,1,1,0,0,50,50,0,0
680577895,2490378,4259850,2490378,0,0,0.10904444,0.10904441,0.0,0.0,2490378,4325386,2490378,0,0,0.012097436,0.012097435,0.0,0.0,1,1,0,0,50,50,0,0,1,1,0,0,50,50,0,0
680776944,2490378,4259850,2490378,0,0,0.10665261,0.10665261,0.0,0.0,2490378,4325386,2490378,0,0,0.011629737,0.011629736,0.0,0.0,1,1,0,0,50,50,0,0,1,1,0,0,50,50,0,0
680976025,2490378,4259850,2490378,0,0,0.110495426,0.11049546,0.0,0.0,2490378,4325386,2490378,0,0,0.011832864,0.011832863,0.0,0.0,1,1,0,0,50,50,0,0,1,1,0,0,50,50,0,0
681175143,2490378,4259850,2490378,0,0,0.118481465,0.11848148,0.0,0.0,2490378,4325386,2490378,0,0,0.011594532,0.011594532,0.0,0.0,1,1,0,0,50,50,0,0,1,1,0,0,50,50,0,0
681374188,2490378,4259850,2490378,0,0,0.10641435,0.106414326,0.0,0.0,2490378,4325386,2490378,0,0,0.011892842,0.011892842,0.0,0.0,1,1,0,0,50,50,0,0,1,1,0,0,50,50,0,0
681578244,2490378,4259850,2490378,0,0,0.11542604,0.11542604,0.0,0.0,2490378,4325386,2490378,0,0,0.011891504,0.011891504,0.0,0.0,1,1,0,0,50,50,0,0,1,1,0,0,50,50,0,0
681777327,2490378,4259850,2490378,0,0,0.11484713,0.114847146,0.0,0.0,2490378,4325386,2490378,0,0,0.012290598,0.012290598,0.0,0.0,1,1,0,0,50,50,0,0,1,1,0,0,50,50,0,0
681976409,2490378,4259850,2490378,0,0,0.11682453,0.11682451,0.0,0.0,2490378,4325386,2490378,0,0,0.011748846,0.011748846,0.0,0.0,1,1,0,0,50,50,0,0,1,1,0,0,50,50,0,0
682175521,2490378,4259850,2490378,0,0,0.11677345,0.11677342,0.0,0.0,2490378,4325386,2490378,0,0,0.0116842855,0.0116842855,0.0,0.0,1,1,0,0,50,50,0,0,1,1,0,0,50,50,0,0
682374570,2490378,4259850,2490378,0,0,0.115847655,0.115847655,0.0,0.0,2490378,4325386,2490378,0,0,0.011538845,0.011538845,0.0,0.0,1,1,0,0,50,50,0,0,1,1,0,0,50,50,0,0
682573668,2490378,4259850,2490378,0,0,0.11676881,0.116768815,0.0,0.0,2490378,4325386,2490378,0,0,0.0113984,0.011398399,0.0,0.0,1,1,0,0,50,50,0,0,1,1,0,0,50,50,0,0
682772735,2490378,4259850,2490378,0,0,0.115692295,0.1156923,0.0,0.0,2490378,4325386,2490378,0,0,0.011803531,0.011803531,0.0,0.0,1,1,0,0,50,50,0,0,1,1,0,0,50,50,0,0
682976795,2490378,4259850,2490378,0,0,0.11692836,0.11692836,0.0,0.0,2490378,4325386,2490378,0,0,0.011608326,0.011608328,0.0,0.0,1,1,0,0,50,50,0,0,1,1,0,0,50,50,0,0
683175876,2490378,4259850,2490378,0,0,0.110497616,0.11049765,0.0,0.0,2490378,4325386,2490378,0,0,0.011410388,0.011410386,0.0,0.0,1,1,0,0,50,50,0,0,1,1,0,0,50,50,0,0
683374954,2490378,4259850,2490378,0,0,0.107455485,0.10745548,0.0,0.0,2490378,4325386,2490378,0,0,0.011436992,0.011436992,0.0,0.0,1,1,0,0,50,50,0,0,1,1,0,0,50,50,0,0
683574039,2490378,4259850,2490378,0,0,0.10792899,0.107928984,0.0,0.0,2490378,4325386,2490378,0,0,0.0116926255,0.011692627,0.0,0.0,1,1,0,0,50,50,0,0,1,1,0,0,50,50,0,0
683773114,2490378,4259850,2490378,0,0,0.11199531,0.11199535,0.0,0.0,2490378,4325386,2490378,0,0,0.011691504,0.011691504,0.0,0.0,1,1,0,0,50,50,0,0,1,1,0,0,50,50,0,0
683972206,2490378,4259850,2490378,0,0,0.11253979,0.112539805,0.0,0.0,2490378,4325386,2490378,0,0,0.011916349,0.011916349,0.0,0.0,1,1,0,0,50,50,0,0,1,1,0,0,50,50,0,0
684171278,2490378,4259850,2490378,0,0,0.114393644,0.11439362,0.0,0.0,2490378,4325386,2490378,0,0,0.011592977,0.011592977,0.0,0.0,1,1,0,0,50,50,0,0,1,1,0,0,50,50,0,0
684375335,2490378,4259850,2490378,0,0,0.1175253,0.11752531,0.0,0.0,2490378,4325386,2490378,0,0,0.011689763,0.011689763,0.0,0.0,1,1,0,0,50,50,0,0,1,1,0,0,50,50,0,0
684574414,2490378,4259850,2490378,0,0,0.11542986,0.11542987,0.0,0.0,2490378,4325386,2490378,0,0,0.012067958,0.012067956,0.0,0.0,1,1,0,0,50,50,0,0,1,1,0,0,50,50,0,0
684773498,2490378,4259850,2490378,0,0,0.10853056,0.10853055,0.0,0.0,2490378,4325386,2490378,0,0,0.011507986,0.011507987,0.0,0.0,1,1,0,0,50,50,0,0,1,1,0,0,50,50,0,0
684977595,2490378,4259850,2490378,0,0,0.109278396,0.109278396,0.0,0.0,2490378,4325386,2490378,0,0,0.011750058,0.011750058,0.0,0.0,1,1,0,0,50,50,0,0,1,1,0,0,50,50,0,0
685176639,2490378,4259850,2490378,0,0,0.11060005,0.11060006,0.0,0.0,2490378,4325386,2490378,0,0,0.01184942,0.01184942,0.0,0.0,1,1,0,0,50,50,0,0,1,1,0,0,50,50,0,0
685375714,2490378,4259850,2490378,0,0,0.10563724,0.105637215,0.0,0.0,2490378,4325386,2490378,0,0,0.012010522,0.012010522,0.0,0.0,1,1,0,0,50,50,0,0,1,1,0,0,50,50,0,0
685574798,2490378,4259850,2490378,0,0,0.106690094,0.106690094,0.0,0.0,2490378,4325386,2490378,0,0,0.011461847,0.011461847,0.0,0.0,1,1,0,0,50,50,0,0,1,1,0,0,50,50,0,0
685778862,2490378,4259850,2490378,0,0,0.110215016,0.11021504,0.0,0.0,2490378,4325386,2490378,0,0,0.011879244,0.011879244,0.0,0.0,1,1,0,0,50,50,0,0,1,1,0,0,50,50,0,0
685977933,2490378,4259850,2490378,0,0,0.10954024,0.109540254,0.0,0.0,2490378,4325386,2490378,0,0,0.011701829,0.011701829,0.0,0.0,1,1,0,0,50,50,0,0,1,1,0,0,50,50,0,0
686177016,2490378,4259850,2490378,0,0,0.11157217,0.11157215,0.0,0.0,2490378,4325386,2490378,0,0,0.011642116,0.011642117,0.0,0.0,1,1,0,0,50,50,0,0,1,1,0,0,50,50,0,0
686376096,2490378,4259850,2490378,0,0,0.11382677,0.11382676,0.0,0.0,2490378,4325386,2490378,0,0,0.012021823,0.012021823,0.0,0.0,1,1,0,0,50,50,0,0,1,1,0,0,50,50,0,0
686575176,2490378,4259850,2490378,0,0,0.10901477,0.10901478,0.0,0.0,2490378,4325386,2490378,0,0,0.011510953,0.011510953,0.0,0.0,1,1,0,0,50,50,0,0,1,1,0,0,50,50,0,0
686774257,2490378,4259850,2490378,0,0,0.11467413,0.114674106,0.0,0.0,2490378,4325386,2490378,0,0,0.011324718,0.011324718,0.0,0.0,1,1,0,0,50,50,0,0,1,1,0,0,50,50,0,0
686973338,2490378,4259850,2490378,0,0,0.115646295,0.11564629,0.0,0.0,2490378,4325386,2490378,0,0,0.011657767,0.011657767,0.0,0.0,1,1,0,0,50,50,0,0,1,1,0,0,50,50,0,0
687177394,2490378,4259850,2490378,0,0,0.11551872,0.11551871,0.0,0.0,2490378,4325386,2490378,0,0,0.01188778,0.01188778,0.0,0.0,1,1,0,0,50,50,0,0,1,1,0,0,50,50,0,0
687376480,2490378,4259850,2490378,0,0,0.11431406,0.11431406,0.0,0.0,2490378,4325386,2490378,0,0,0.011562047,0.0115620475,0.0,0.0,1,1,0,0,50,50,0,0,1,1,0,0,50,50,0,0
687575561,2490378,4259850,2490378,0,0,0.116297714,0.11629769,0.0,0.0,2490378,4325386,2490378,0,0,0.01161007,0.011610071,0.0,0.0,1,1,0,0,50,50,0,0,1,1,0,0,50,50,0,0
687774670,2490378,4259850,2490378,0,0,0.1139405,0.113940515,0.0,0.0,2490378,4325386,2490378,0,0,0.0117344605,0.0117344605,0.0,0.0,1,1,0,0,50,50,0,0,1,1,0,0,50,50,0,0
687973717,2490378,4259850,2490378,0,0,0.10968329,0.10968328,0.0,0.0,2490378,4325386,2490378,0,0,0.011546182,0.011546182,0.0,0.0,1,1,0,0,50,50,0,0,1,1,0,0,50,50,0,0
688172817,2490378,4259850,2490378,0,0,0.107046776,0.107046805,0.0,0.0,2490378,4325386,2490378,0,0,0.011880913,0.011880913,0.0,0.0,1,1,0,0,50,50,0,0,1,1,0,0,50,50,0,0
688371879,2490378,4259850,2490378,0,0,0.10532783,0.10532782,0.0,0.0,2490378,4325386,2490378,0,0,0.01176341,0.01176341,0.0,0.0,1,1,0,0,50,50,0,0,1,1,0,0,50,50,0,0
688575952,2490378,4259850,2490378,0,0,0.10126341,0.10126341,0.0,0.0,2490378,4325386,2490378,0,0,0.011923882,0.011923882,0.0,0.0,1,1,0,0,50,50,0,0,1,1,0,0,50,50,0,0
688775017,2490378,4259850,2490378,0,0,0.10166046,0.101660445,0.0,0.0,2490378,4325386,2490378,0,0,0.011484397,0.011484397,0.0,0.0,1,1,0,0,50,50,0,0,1,1,0,0,50,50,0,0
688974115,2490378,4259850,2490378,0,0,0.105338305,0.10533828,0.0,0.0,2490378,4325386,2490378,0,0,0.011897265,0.011897265,0.0,0.0,1,1,0,0,50,50,0,0,1,1,0,0,50,50,0,0
689173201,2490378,4259850,2490378,0,0,0.10309653,0.103096515,0.0,0.0,2490378,4325386,2490378,0,0,0.011743749,0.011743749,0.0,0.0,1,1,0,0,50,50,0,0,1,1,0,0,50,50,0,0
689372253,2490378,4259850,2490378,0,0,0.10793017,0.10793015,0.0,0.0,2490378,4325386,2490378,0,0,0.0115371365,0.0115371365,0.0,0.0,1,1,0,0,50,50,0,0,1,1,0,0,50,50,0,0
689576311,2490378,4259850,2490378,0,0,0.11019527,0.11019528,0.0,0.0,2490378,4325386,2490378,0,0,0.011831525,0.011831525,0.0,0.0,1,1,0,0,50,50,0,0,1,1,0,0,50,50,0,0
689775435,2490378,4259850,2490378,0,0,0.10872324,0.10872326,0.0,0.0,2490378,4325386,2490378,0,0,0.011636677,0.011636677,0.0,0.0,1,1,0,0,50,50,0,0,1,1,0,0,50,50,0,0
689974500,2490378,4259850,2490378,0,0,0.10828658,0.10828658,0.0,0.0,2490378,4325386,2490378,0,0,0.011480439,0.011480439,0.0,0.0,1,1,0,0,50,50,0,0,1,1,0,0,50,50,0,0
690178538,2490378,4259850,2490378,0,0,0.11195508,0.111955084,0.0,0.0,2490378,4325386,2490378,0,0,0.01157944,0.01157944,0.0,0.0,1,1,0,0,50,50,0,0,1,1,0,0,50,50,0,0
690377612,2490378,4259850,2490378,0,0,0.1103642,0.11036417,0.0,0.0,2490378,4325386,2490378,0,0,0.011707385,0.011707385,0.0,0.0,1,1,0,0,50,50,0,0,1,1,0,0,50,50,0,0
690576746,2490378,4259850,2490378,0,0,0.1089173,0.1089173,0.0,0.0,2490378,4325386,2490378,0,0,0.011728688,0.011728688,0.0,0.0,1,1,0,0,50,50,0,0,1,1,0,0,50,50,0,0
690775798,2490378,4259850,2490378,0,0,0.103543274,0.10354326,0.0,0.0,2490378,4325386,2490378,0,0,0.011786752,0.011786752,0.0,0.0,1,1,0,0,50,50,0,0,1,1,0,0,50,50,0,0
690974851,2490378,4259850,2490378,0,0,0.10313424,0.10313424,0.0,0.0,2490378,4325386,2490378,0,0,0.011581955,0.011581955,0.0,0.0,1,1,0,0,50,50,0,0,1,1,0,0,50,50,0,0
691173929,2490378,4259850,2490378,0,0,0.10021831,0.10021831,0.0,0.0,2490378,4325386,2490378,0,0,0.011334383,0.011334383,0.0,0.0,1,1,0,0,50,50,0,0,1,1,0,0,50,50,0,0
691377985,2490378,4259850,2490378,0,0,0.09594165,0.09594163,0.0,0.0,2490378,4325386,2490378,0,0,0.0118357735,0.0118357735,0.0,0.0,1,1,0,0,50,50,0,0,1,1,0,0,50,50,0,0
691577067,2490378,4259850,2490378,0,0,0.1024665,0.10246654,0.0,0.0,2490378,4325386,2490378,0,0,0.01151159,0.01151159,0.0,0.0,1,1,0,0,50,50,0,0,1,1,0,0,50,50,0,0
691776145,2490378,4259850,2490378,0,0,0.102108516,0.10210851,0.0,0.0,2490378,4325386,2490378,0,0,0.0116912015,0.011691201,0.0,0.0,1,1,0,0,50,50,0,0,1,1,0,0,50,50,0,0
691975229,2490378,4259850,2490378,0,0,0.10924642,0.10924643,0.0,0.0,2490378,4325386,2490378,0,0,0.011596719,0.011596719,0.0,0.0,1,1,0,0,50,50,0,0,1,1,0,0,50,50,0,0
692174305,2490378,4259850,2490378,0,0,0.10609688,0.10609689,0.0,0.0,2490378,4325386,2490378,0,0,0.011649061,0.011649063,0.0,0.0,1,1,0,0,50,50,0,0,1,1,0,0,50,50,0,0
692373388,2490378,4259850,2490378,0,0,0.10935731,0.10935731,0.0,0.0,2490378,4325386,2490378,0,0,0.011969747,0.011969748,0.0,0.0,1,1,0,0,50,50,0,0,1,1,0,0,50,50,0,0
692572468,2490378,4259850,2490378,0,0,0.10870665,0.10870666,0.0,0.0,2490378,4325386,2490378,0,0,0.012134314,0.012134314,0.0,0.0,1,1,0,0,50,50,0,0,1,1,0,0,50,50,0,0
692776523,2490378,4259850,2490378,0,0,0.107059896,0.10705991,0.0,0.0,2490378,4325386,2490378,0,0,0.0117087355,0.011708734,0.0,0.0,1,1,0,0,50,50,0,0,1,1,0,0,50,50,0,0
692975602,2490378,4259850,2490378,0,0,0.10447949,0.104479484,0.0,0.0,2490378,4325386,2490378,0,0,0.011558937,0.011558937,0.0,0.0,1,1,0,0,50,50,0,0,1,1,0,0,50,50,0,0
693174695,2490378,4259850,2490378,0,0,0.103522904,0.1035229,0.0,0.0,2490378,4325386,2490378,0,0,0.011889523,0.011889523,0.0,0.0,1,1,0,0,50,50,0,0,1,1,0,0,50,50,0,0
693373790,2490378,4259850,2490378,0,0,0.10457799,0.10457798,0.0,0.0,2490378,4325386,2490378,0,0,0.011541382,0.011541382,0.0,0.0,1,1,0,0,50,50,0,0,1,1,0,0,50,50,0,0
693572841,2490378,4259850,2490378,0,0,0.10625426,0.10625427,0.0,0.0,2490378,4325386,2490378,0,0,0.01156206,0.01156206,0.0,0.0,1,1,0,0,50,50,0,0,1,1,0,0,50,50,0,0
693771940,2490378,4259850,2490378,0,0,0.105755545,0.10575551,0.0,0.0,2490378,4325386,2490378,0,0,0.011927016,0.011927016,0.0,0.0,1,1,0,0,50,50,0,0,1,1,0,0,50,50,0,0
693976016,2490378,4259850,2490378,0,0,0.102819584,0.102819614,0.0,0.0,2490378,4325386,2490378,0,0,0.011545871,0.011545871,0.0,0.0,1,1,0,0,50,50,0,0,1,1,0,0,50,50,0,0
694175058,2490378,4259850,2490378,0,0,0.10640563,0.106405616,0.0,0.0,2490378,4325386,2490378,0,0,0.011647092,0.011647092,0.0,0.0,1,1,0,0,50,50,0,0,1,1,0,0,50,50,0,0
694374137,2490378,4259850,2490378,0,0,0.106184095,0.10618412,0.0,0.0,2490378,4325386,2490378,0,0,0.011917795,0.011917795,0.0,0.0,1,1,0,0,50,50,0,0,1,1,0,0,50,50,0,0
694573215,2490378,4259850,2490378,0,0,0.107995845,0.107995816,0.0,0.0,2490378,4325386,2490378,0,0,0.0116943335,0.0116943335,0.0,0.0,1,1,0,0,50,50,0,0,1,1,0,0,50,50,0,0
694777271,2490378,4259850,2490378,0,0,0.11102751,0.1110275,0.0,0.0,2490378,4325386,2490378,0,0,0.011667115,0.011667115,0.0,0.0,1,1,0,0,50,50,0,0,1,1,0,0,50,50,0,0
694976352,2490378,4259850,2490378,0,0,0.11039692,0.11039694,0.0,0.0,2490378,4325386,2490378,0,0,0.012482514,0.012482515,0.0,0.0,1,1,0,0,50,50,0,0,1,1,0,0,50,50,0,0
695175431,2490378,4259850,2490378,0,0,0.1095939,0.10959386,0.0,0.0,2490378,4325386,2490378,0,0,0.011503668,0.011503668,0.0,0.0,1,1,0,0,50,50,0,0,1,1,0,0,50,50,0,0
695374509,2490378,4259850,2490378,0,0,0.10671846,0.106718466,0.0,0.0,2490378,4325386,2490378,0,0,0.011742055,0.011742055,0.0,0.0,1,1,0,0,50,50,0,0,1,1,0,0,50,50,0,0
695578711,2490378,4259850,2490378,0,0,0.10514022,0.10514025,0.0,0.0,2490378,4325386,2490378,0,0,0.011548729,0.011548729,0.0,0.0,1,1,0,0,50,50,0,0,1,1,0,0,50,50,0,0
695777649,2490378,4259850,2490378,0,0,0.10544141,0.105441384,0.0,0.0,2490378,4325386,2490378,0,0,0.011804262,0.011804262,0.0,0.0,1,1,0,0,50,50,0,0,1,1,0,0,50,50,0,0
695976724,2490378,4259850,2490378,0,0,0.1047644,0.10476442,0.0,0.0,2490378,4325386,2490378,0,0,0.011732388,0.011732388,0.0,0.0,1,1,0,0,50,50,0,0,1,1,0,0,50,50,0,0
696175833,2490378,4259850,2490378,0,0,0.10423897,0.10423896,0.0,0.0,2490378,4325386,2490378,0,0,0.011859775,0.011859775,0.0,0.0,1,1,0,0,50,50,0,0,1,1,0,0,50,50,0,0
696374883,2490378,4259850,2490378,0,0,0.102603234,0.10260323,0.0,0.0,2490378,4325386,2490378,0,0,0.011767437,0.011767437,0.0,0.0,1,1,0,0,50,50,0,0,1,1,0,0,50,50,0,0
696573965,2490378,4259850,2490378,0,0,0.103918105,0.10391811,0.0,0.0,2490378,4325386,2490378,0,0,0.011805084,0.011805084,0.0,0.0,1,1,0,0,50,50,0,0,1,1,0,0,50,50,0,0
696773066,2490378,4259850,2490378,0,0,0.10458542,0.10458545,0.0,0.0,2490378,4325386,2490378,0,0,0.011771158,0.011771158,0.0,0.0,1,1,0,0,50,50,0,0,1,1,0,0,50,50,0,0
696977092,2490378,4259850,2490378,0,0,0.108028404,0.1080284,0.0,0.0,2490378,4325386,2490378,0,0,0.010851247,0.010851248,0.0,0.0,1,1,0,0,50,50,0,0,1,1,0,0,50,50,0,0
697176177,2490378,4259850,2490378,0,0,0.107418,0.10741803,0.0,0.0,2490378,4325386,2490378,0,0,0.011534954,0.011534954,0.0,0.0,1,1,0,0,50,50,0,0,1,1,0,0,50,50,0,0
697375258,2490378,4259850,2490378,0,0,0.09937607,0.09937609,0.0,0.0,2490378,4325386,2490378,0,0,0.011691773,0.011691773,0.0,0.0,1,1,0,0,50,50,0,0,1,1,0,0,50,50,0,0
697574339,2490378,4259850,2490378,0,0,0.105286844,0.10528686,0.0,0.0,2490378,4325386,2490378,0,0,0.01149197,0.01149197,0.0,0.0,1,1,0,0,50,50,0,0,1,1,0,0,50,50,0,0
697773412,2490378,4259850,2490378,0,0,0.10744083,0.10744081,0.0,0.0,2490378,4325386,2490378,0,0,0.011348693,0.011348693,0.0,0.0,1,1,0,0,50,50,0,0,1,1,0,0,50,50,0,0
697972492,2490378,4259850,2490378,0,0,0.10621476,0.10621477,0.0,0.0,2490378,4325386,2490378,0,0,0.011719423,0.011719423,0.0,0.0,1,1,0,0,50,50,0,0,1,1,0,0,50,50,0,0
698171592,2490378,4259850,2490378,0,0,0.10493546,0.104935475,0.0,0.0,2490378,4325386,2490378,0,0,0.011955199,0.011955199,0.0,0.0,1,1,0,0,50,50,0,0,1,1,0,0,50,50,0,0
698375653,2490378,4259850,2490378,0,0,0.108417444,0.108417444,0.0,0.0,2490378,4325386,2490378,0,0,0.011905184,0.011905184,0.0,0.0,1,1,0,0,50,50,0,0,1,1,0,0,50,50,0,0
698574713,2490378,4259850,2490378,0,0,0.110513166,0.11051317,0.0,0.0,2490378,4325386,2490378,0,0,0.011686775,0.011686775,0.0,0.0,1,1,0,0,50,50,0,0,1,1,0,0,50,50,0,0
698773790,2490378,4259850,2490378,0,0,0.11061383,0.11061382,0.0,0.0,2490378,4325386,2490378,0,0,0.011684135,0.011684135,0.0,0.0,1,1,0,0,50,50,0,0,1,1,0,0,50,50,0,0
698972895,2490378,4259850,2490378,0,0,0.108143665,0.10814365,0.0,0.0,2490378,4325386,2490378,0,0,0.011337799,0.011337797,0.0,0.0,1,1,0,0,50,50,0,0,1,1,0,0,50,50,0,0
699176924,2490378,4259850,2490378,0,0,0.10710117,0.10710115,0.0,0.0,2490378,4325386,2490378,0,0,0.011989261,0.011989261,0.0,0.0,1,1,0,0,50,50,0,0,1,1,0,0,50,50,0,0
699376015,2490378,4259850,2490378,0,0,0.11046586,0.11046586,0.0,0.0,2490378,4325386,2490378,0,0,0.011457171,0.011457171,0.0,0.0,1,1,0,0,50,50,0,0,1,1,0,0,50,50,0,0
699575078,2490378,4259850,2490378,0,0,0.104796655,0.104796655,0.0,0.0,2490378,4325386,2490378,0,0,0.01157912,0.01157912,0.0,0.0,1,1,0,0,50,50,0,0,1,1,0,0,50,50,0,0
699774159,2490378,4259850,2490378,0,0,0.10908611,0.109086126,0.0,0.0,2490378,4325386,2490378,0,0,0.011935891,0.011935892,0.0,0.0,1,1,0,0,50,50,0,0,1,1,0,0,50,50,0,0
699978214,2490378,4259850,2490378,0,0,0.10957101,0.109570995,0.0,0.0,2490378,4325386,2490378,0,0,0.011994529,0.01199453,0.0,0.0,1,1,0,0,50,50,0,0,1,1,0,0,50,50,0,0
700177291,2490378,4259850,2490378,0,0,0.10875504,0.108755015,0.0,0.0,2490378,4325386,2490378,0,0,0.011779486,0.011779486,0.0,0.0,1,1,0,0,50,50,0,0,1,1,0,0,50,50,0,0
700376372,2490378,4259850,2490378,0,0,0.10336241,0.1033624,0.0,0.0,2490378,4325386,2490378,0,0,0.011703765,0.011703765,0.0,0.0,1,1,0,0,50,50,0,0,1,1,0,0,50,50,0,0
700575449,2490378,4259850,2490378,0,0,0.11077078,0.110770784,0.0,0.0,2490378,4325386,2490378,0,0,0.011641338,0.011641338,0.0,0.0,1,1,0,0,50,50,0,0,1,1,0,0,50,50,0,0
700774533,2490378,4259850,2490378,0,0,0.11173131,0.11173129,0.0,0.0,2490378,4325386,2490378,0,0,0.011700775,0.011700775,0.0,0.0,1,1,0,0,50,50,0,0,1,1,0,0,50,50,0,0
700973603,2490378,4259850,2490378,0,0,0.11224781,0.11224782,0.0,0.0,2490378,4325386,2490378,0,0,0.011585157,0.011585157,0.0,0.0,1,1,0,0,50,50,0,0,1,1,0,0,50,50,0,0
701177787,2490378,4259850,2490378,0,0,0.112341374,0.11234138,0.0,0.0,2490378,4325386,2490378,0,0,0.011066264,0.011066264,0.0,0.0,1,1,0,0,50,50,0,0,1,1,0,0,50,50,0,0
701376741,2490378,4259850,2490378,0,0,0.10741389,0.107413895,0.0,0.0,2490378,4325386,2490378,0,0,0.011704771,0.011704771,0.0,0.0,1,1,0,0,50,50,0,0,1,1,0,0,50,50,0,0
701575819,2490378,4259850,2490378,0,0,0.1061995,0.10619949,0.0,0.0,2490378,4325386,2490378,0,0,0.011482187,0.011482187,0.0,0.0,1,1,0,0,50,50,0,0,1,1,0,0,50,50,0,0
701774929,2490378,4259850,2490378,0,0,0.104573905,0.104573876,0.0,0.0,2490378,4325386,2490378,0,0,0.012051846,0.012051846,0.0,0.0,1,1,0,0,50,50,0,0,1,1,0,0,50,50,0,0
701973980,2490378,4259850,2490378,0,0,0.10352972,0.10352971,0.0,0.0,2490378,4325386,2490378,0,0,0.0114365015,0.0114365015,0.0,0.0,1,1,0,0,50,50,0,0,1,1,0,0,50,50,0,0
702173071,2490378,4259850,2490378,0,0,0.101975545,0.101975575,0.0,0.0,2490378,4325386,2490378,0,0,0.011536859,0.011536858,0.0,0.0,1,1,0,0,50,50,0,0,1,1,0,0,50,50,0,0
702372134,2490378,4259850,2490378,0,0,0.10266237,0.10266236,0.0,0.0,2490378,4325386,2490378,0,0,0.0116113685,0.0116113685,0.0,0.0,1,1,0,0,50,50,0,0,1,1,0,0,50,50,0,0
702576192,2490378,4259850,2490378,0,0,0.106448,0.10644799,0.0,0.0,2490378,4325386,2490378,0,0,0.011673218,0.011673218,0.0,0.0,1,1,0,0,50,50,0,0,1,1,0,0,50,50,0,0
702775268,2490378,4259850,2490378,0,0,0.10619599,0.106196,0.0,0.0,2490378,4325386,2490378,0,0,0.011252116,0.011252116,0.0,0.0,1,1,0,0,50,50,0,0,1,1,0,0,50,50,0,0
702974351,2490378,4259850,2490378,0,0,0.10430878,0.10430879,0.0,0.0,2490378,4325386,2490378,0,0,0.011292311,0.011292313,0.0,0.0,1,1,0,0,50,50,0,0,1,1,0,0,50,50,0,0
703173429,2490378,4259850,2490378,0,0,0.106596895,0.10659691,0.0,0.0,2490378,4325386,2490378,0,0,0.011601978,0.011601978,0.0,0.0,1,1,0,0,50,50,0,0,1,1,0,0,50,50,0,0
703372503,2490378,4259850,2490378,0,0,0.10922861,0.10922862,0.0,0.0,2490378,4325386,2490378,0,0,0.012013448,0.012013448,0.0,0.0,1,1,0,0,50,50,0,0,1,1,0,0,50,50,0,0
703576566,2490378,4259850,2490378,0,0,0.10779066,0.107790634,0.0,0.0,2490378,4325386,2490378,0,0,0.011710466,0.011710466,0.0,0.0,1,1,0,0,50,50,0,0,1,1,0,0,50,50,0,0
703775638,2490378,4259850,2490378,0,0,0.10949552,0.10949551,0.0,0.0,2490378,4325386,2490378,0,0,0.011679908,0.011679908,0.0,0.0,1,1,0,0,50,50,0,0,1,1,0,0,50,50,0,0
703974714,2490378,4259850,2490378,0,0,0.11284859,0.1128486,0.0,0.0,2490378,4325386,2490378,0,0,0.011488872,0.0114888735,0.0,0.0,1,1,0,0,50,50,0,0,1,1,0,0,50,50,0,0
704173792,2490378,4259850,2490378,0,0,0.11102173,0.11102171,0.0,0.0,2490378,4325386,2490378,0,0,0.012005396,0.012005396,0.0,0.0,1,1,0,0,50,50,0,0,1,1,0,0,50,50,0,0
704377853,2490378,4259850,2490378,0,0,0.11158614,0.11158616,0.0,0.0,2490378,4325386,2490378,0,0,0.01195825,0.01195825,0.0,0.0,1,1,0,0,50,50,0,0,1,1,0,0,50,50,0,0
704576955,2490378,4259850,2490378,0,0,0.109447494,0.10944748,0.0,0.0,2490378,4325386,2490378,0,0,0.0113741,0.011374099,0.0,0.0,1,1,0,0,50,50,0,0,1,1,0,0,50,50,0,0
704776019,2490378,4259850,2490378,0,0,0.106781684,0.106781684,0.0,0.0,2490378,4325386,2490378,0,0,0.011618772,0.011618772,0.0,0.0,1,1,0,0,50,50,0,0,1,1,0,0,50,50,0,0
704975085,2490378,4259850,2490378,0,0,0.09891412,0.098914124,0.0,0.0,2490378,4325386,2490378,0,0,0.011636741,0.011636742,0.0,0.0,1,1,0,0,50,50,0,0,1,1,0,0,50,50,0,0
705174161,2490378,4259850,2490378,0,0,0.102163576,0.102163576,0.0,0.0,2490378,4325386,2490378,0,0,0.011796846,0.011796846,0.0,0.0,1,1,0,0,50,50,0,0,1,1,0,0,50,50,0,0
705378217,2490378,4259850,2490378,0,0,0.10018798,0.10018802,0.0,0.0,2490378,4325386,2490378,0,0,0.011732706,0.011732706,0.0,0.0,1,1,0,0,50,50,0,0,1,1,0,0,50,50,0,0
705577297,2490378,4259850,2490378,0,0,0.10512924,0.10512925,0.0,0.0,2490378,4325386,2490378,0,0,0.011514879,0.011514879,0.0,0.0,1,1,0,0,50,50,0,0,1,1,0,0,50,50,0,0
705776376,2490378,4259850,2490378,0,0,0.10651711,0.10651713,0.0,0.0,2490378,4325386,2490378,0,0,0.011420133,0.011420133,0.0,0.0,1,1,0,0,50,50,0,0,1,1,0,0,50,50,0,0
705975451,2490378,4259850,2490378,0,0,0.093567744,0.09356779,0.0,0.0,2490378,4325386,2490378,0,0,0.011711898,0.011711899,0.0,0.0,1,1,0,0,50,50,0,0,1,1,0,0,50,50,0,0
706174529,2490378,4259850,2490378,0,0,0.101254076,0.101254076,0.0,0.0,2490378,4325386,2490378,0,0,0.011345794,0.011345794,0.0,0.0,1,1,0,0,50,50,0,0,1,1,0,0,50,50,0,0
706373612,2490378,4259850,2490378,0,0,0.09569555,0.09569554,0.0,0.0,2490378,4325386,2490378,0,0,0.011631593,0.011631593,0.0,0.0,1,1,0,0,50,50,0,0,1,1,0,0,50,50,0,0
706572693,2490378,4259850,2490378,0,0,0.09379525,0.09379523,0.0,0.0,2490378,4325386,2490378,0,0,0.011532114,0.011532114,0.0,0.0,1,1,0,0,50,50,0,0,1,1,0,0,50,50,0,0
706776924,2490378,4259850,2490378,0,0,0.09759937,0.097599365,0.0,0.0,2490378,4325386,2490378,0,0,0.011855457,0.011855459,0.0,0.0,1,1,0,0,50,50,0,0,1,1,0,0,50,50,0,0
706975821,2490378,4259850,2490378,0,0,0.09172023,0.09172023,0.0,0.0,2490378,4325386,2490378,0,0,0.011770967,0.011770967,0.0,0.0,1,1,0,0,50,50,0,0,1,1,0,0,50,50,0,0
707174897,2490378,4259850,2490378,0,0,0.10212777,0.102127805,0.0,0.0,2490378,4325386,2490378,0,0,0.012118734,0.012118734,0.0,0.0,1,1,0,0,50,50,0,0,1,1,0,0,50,50,0,0
707374003,2490378,4259850,2490378,0,0,0.09750252,0.09750254,0.0,0.0,2490378,4325386,2490378,0,0,0.011534981,0.011534981,0.0,0.0,1,1,0,0,50,50,0,0,1,1,0,0,50,50,0,0
707573055,2490378,4259850,2490378,0,0,0.09689553,0.09689557,0.0,0.0,2490378,4325386,2490378,0,0,0.012031399,0.012031399,0.0,0.0,1,1,0,0,50,50,0,0,1,1,0,0,50,50,0,0
707772129,2490378,4259850,2490378,0,0,0.09728847,0.09728847,0.0,0.0,2490378,4325386,2490378,0,0,0.0114327185,0.0114327185,0.0,0.0,1,1,0,0,50,50,0,0,1,1,0,0,50,50,0,0
707971207,2490378,4259850,2490378,0,0,0.09621327,0.096213266,0.0,0.0,2490378,4325386,2490378,0,0,0.01171086,0.01171086,0.0,0.0,1,1,0,0,50,50,0,0,1,1,0,0,50,50,0,0
708175262,2490378,4259850,2490378,0,0,0.09750729,0.09750727,0.0,0.0,2490378,4325386,2490378,0,0,0.011792485,0.011792485,0.0,0.0,1,1,0,0,50,50,0,0,1,1,0,0,50,50,0,0
708374405,2490378,4259850,2490378,0,0,0.09929339,0.09929337,0.0,0.0,2490378,4325386,2490378,0,0,0.011958173,0.011958172,0.0,0.0,1,1,0,0,50,50,0,0,1,1,0,0,50,50,0,0
708573419,2490378,4259850,2490378,0,0,0.10284438,0.10284438,0.0,0.0,2490378,4325386,2490378,0,0,0.011828536,0.011828536,0.0,0.0,1,1,0,0,50,50,0,0,1,1,0,0,50,50,0,0
708777478,2490378,4259850,2490378,0,0,0.10405252,0.10405253,0.0,0.0,2490378,4325386,2490378,0,0,0.011704976,0.011704976,0.0,0.0,1,1,0,0,50,50,0,0,1,1,0,0,50,50,0,0
708976552,2490378,4259850,2490378,0,0,0.099967875,0.09996788,0.0,0.0,2490378,4325386,2490378,0,0,0.011646425,0.011646425,0.0,0.0,1,1,0,0,50,50,0,0,1,1,0,0,50,50,0,0
709175631,2490378,4259850,2490378,0,0,0.086344965,0.086344995,0.0,0.0,2490378,4325386,2490378,0,0,0.01144635,0.01144635,0.0,0.0,1,1,0,0,50,50,0,0,1,1,0,0,50,50,0,0
709374707,2490378,4259850,2490378,0,0,0.070619754,0.07061979,0.0,0.0,2490378,4325386,2490378,0,0,0.01154249,0.01154249,0.0,0.0,1,1,0,0,50,50,0,0,1,1,0,0,50,50,0,0
709578761,2490378,4259850,2490378,0,0,0.090682894,0.0906829,0.0,0.0,2490378,4325386,2490378,0,0,0.011540236,0.011540236,0.0,0.0,1,1,0,0,50,50,0,0,1,1,0,0,50,50,0,0
709777840,2490378,4259850,2490378,0,0,0.093145244,0.09314525,0.0,0.0,2490378,4325386,2490378,0,0,0.011418718,0.011418718,0.0,0.0,1,1,0,0,50,50,0,0,1,1,0,0,50,50,0,0
709976915,2490378,4259850,2490378,0,0,0.08999662,0.08999664,0.0,0.0,2490378,4325386,2490378,0,0,0.01150614,0.011506141,0.0,0.0,1,1,0,0,50,50,0,0,1,1,0,0,50,50,0,0
710176023,2490378,4259850,2490378,0,0,0.08767769,0.08767766,0.0,0.0,2490378,4325386,2490378,0,0,0.011612074,0.011612074,0.0,0.0,1,1,0,0,50,50,0,0,1,1,0,0,50,50,0,0
710375074,2490378,4259850,2490378,0,0,0.091176175,0.091176204,0.0,0.0,2490378,4325386,2490378,0,0,0.011537037,0.011537035,0.0,0.0,1,1,0,0,50,50,0,0,1,1,0,0,50,50,0,0
710574156,2490378,4259850,2490378,0,0,0.09291045,0.09291045,0.0,0.0,2490378,4325386,2490378,0,0,0.011820038,0.011820038,0.0,0.0,1,1,0,0,50,50,0,0,1,1,0,0,50,50,0,0
710773225,2490378,4259850,2490378,0,0,0.08878672,0.08878671,0.0,0.0,2490378,4325386,2490378,0,0,0.011557044,0.011557044,0.0,0.0,1,1,0,0,50,50,0,0,1,1,0,0,50,50,0,0
710977280,2490378,4259850,2490378,0,0,0.08641331,0.08641331,0.0,0.0,2490378,4325386,2490378,0,0,0.011772837,0.011772837,0.0,0.0,1,1,0,0,50,50,0,0,1,1,0,0,50,50,0,0
711176362,2490378,4259850,2490378,0,0,0.08935529,0.089355305,0.0,0.0,2490378,4325386,2490378,0,0,0.011846261,0.011846261,0.0,0.0,1,1,0,0,50,50,0,0,1,1,0,0,50,50,0,0
711375437,2490378,4259850,2490378,0,0,0.08735394,0.08735393,0.0,0.0,2490378,4325386,2490378,0,0,0.011138318,0.011138316,0.0,0.0,1,1,0,0,50,50,0,0,1,1,0,0,50,50,0,0
711574511,2490378,4259850,2490378,0,0,0.08307947,0.08307947,0.0,0.0,2490378,4325386,2490378,0,0,0.011826721,0.011826721,0.0,0.0,1,1,0,0,50,50,0,0,1,1,0,0,50,50,0,0
711773592,2490378,4259850,2490378,0,0,0.092980735,0.09298075,0.0,0.0,2490378,4325386,2490378,0,0,0.0118895415,0.0118895415,0.0,0.0,1,1,0,0,50,50,0,0,1,1,0,0,50,50,0,0
711972668,2490378,4259850,2490378,0,0,0.093562715,0.09356273,0.0,0.0,2490378,4325386,2490378,0,0,0.011594371,0.011594371,0.0,0.0,1,1,0,0,50,50,0,0,1,1,0,0,50,50,0,0
712171741,2490378,4259850,2490378,0,0,0.09637381,0.09637383,0.0,0.0,2490378,4325386,2490378,0,0,0.011340076,0.011340076,0.0,0.0,1,1,0,0,50,50,0,0,1,1,0,0,50,50,0,0
712375930,2490378,4259850,2490378,0,0,0.09163485,0.09163487,0.0,0.0,2490378,4325386,2490378,0,0,0.011866332,0.011866333,0.0,0.0,1,1,0,0,50,50,0,0,1,1,0,0,50,50,0,0
712574875,2490378,4259850,2490378,0,0,0.093860984,0.09386102,0.0,0.0,2490378,4325386,2490378,0,0,0.011378321,0.011378321,0.0,0.0,1,1,0,0,50,50,0,0,1,1,0,0,50,50,0,0
712773954,2490378,4259850,2490378,0,0,0.093260914,0.09326092,0.0,0.0,2490378,4325386,2490378,0,0,0.011658958,0.011658958,0.0,0.0,1,1,0,0,50,50,0,0,1,1,0,0,50,50,0,0
712973056,2490378,4259850,2490378,0,0,0.0888639,0.088863894,0.0,0.0,2490378,4325386,2490378,0,0,0.011270738,0.011270738,0.0,0.0,1,1,0,0,50,50,0,0,1,1,0,0,50,50,0,0
713172106,2490378,4259850,2490378,0,0,0.09715154,0.09715153,0.0,0.0,2490378,4325386,2490378,0,0,0.011085834,0.011085834,0.0,0.0,1,1,0,0,50,50,0,0,1,1,0,0,50,50,0,0
713376165,2490378,4259850,2490378,0,0,0.10037489,0.10037487,0.0,0.0,2490378,4325386,2490378,0,0,0.011091665,0.011091665,0.0,0.0,1,1,0,0,50,50,0,0,1,1,0,0,50,50,0,0
713575237,2490378,4259850,2490378,0,0,0.0978492,0.0978492,0.0,0.0,2490378,4325386,2490378,0,0,0.011832515,0.011832516,0.0,0.0,1,1,0,0,50,50,0,0,1,1,0,0,50,50,0,0
713774314,2490378,4259850,2490378,0,0,0.10250341,0.10250341,0.0,0.0,2490378,4325386,2490378,0,0,0.011591549,0.011591549,0.0,0.0,1,1,0,0,50,50,0,0,1,1,0,0,50,50,0,0
713978366,2490378,4259850,2490378,0,0,0.101662256,0.10166226,0.0,0.0,2490378,4325386,2490378,0,0,0.011743786,0.011743785,0.0,0.0,1,1,0,0,50,50,0,0,1,1,0,0,50,50,0,0
714177445,2490378,4259850,2490378,0,0,0.10113832,0.101138346,0.0,0.0,2490378,4325386,2490378,0,0,0.011843477,0.011843477,0.0,0.0,1,1,0,0,50,50,0,0,1,1,0,0,50,50,0,0
714376537,2490378,4259850,2490378,0,0,0.09896209,0.09896209,0.0,0.0,2490378,4325386,2490378,0,0,0.011521937,0.011521937,0.0,0.0,1,1,0,0,50,50,0,0,1,1,0,0,50,50,0,0
714575604,2490378,4259850,2490378,0,0,0.095257424,0.09525741,0.0,0.0,2490378,4325386,2490378,0,0,0.011442392,0.011442392,0.0,0.0,1,1,0,0,50,50,0,0,1,1,0,0,50,50,0,0
714774679,2490378,4259850,2490378,0,0,0.09739487,0.097394854,0.0,0.0,2490378,4325386,2490378,0,0,0.011316385,0.011316385,0.0,0.0,1,1,0,0,50,50,0,0,1,1,0,0,50,50,0,0
714973759,2490378,4259850,2490378,0,0,0.09376932,0.09376931,0.0,0.0,2490378,4325386,2490378,0,0,0.01168657,0.01168657,0.0,0.0,1,1,0,0,50,50,0,0,1,1,0,0,50,50,0,0
715178090,2490378,4259850,2490378,0,0,0.09512228,0.09512227,0.0,0.0,2490378,4325386,2490378,0,0,0.011624775,0.011624775,0.0,0.0,1,1,0,0,50,50,0,0,1,1,0,0,50,50,0,0
715376889,2490378,4259850,2490378,0,0,0.09177809,0.091778085,0.0,0.0,2490378,4325386,2490378,0,0,0.011590293,0.011590293,0.0,0.0,1,1,0,0,50,50,0,0,1,1,0,0,50,50,0,0
715575994,2490378,4259850,2490378,0,0,0.08924651,0.08924651,0.0,0.0,2490378,4325386,2490378,0,0,0.011418316,0.011418315,0.0,0.0,1,1,0,0,50,50,0,0,1,1,0,0,50,50,0,0
715775083,2490378,4259850,2490378,0,0,0.09184217,0.09184217,0.0,0.0,2490378,4325386,2490378,0,0,0.0117095625,0.0117095625,0.0,0.0,1,1,0,0,50,50,0,0,1,1,0,0,50,50,0,0
715974145,2490378,4259850,2490378,0,0,0.08968466,0.08968466,0.0,0.0,2490378,4325386,2490378,0,0,0.010833368,0.010833368,0.0,0.0,1,1,0,0,50,50,0,0,1,1,0,0,50,50,0,0
716173220,2490378,4259850,2490378,0,0,0.088125795,0.08812581,0.0,0.0,2490378,4325386,2490378,0,0,0.011293,0.011293,0.0,0.0,1,1,0,0,50,50,0,0,1,1,0,0,50,50,0,0
716372266,2490378,4259850,2490378,0,0,0.09321354,0.093213536,0.0,0.0,2490378,4325386,2490378,0,0,0.011520718,0.011520717,0.0,0.0,1,1,0,0,50,50,0,0,1,1,0,0,50,50,0,0
716576329,2490378,4259850,2490378,0,0,0.09849771,0.09849771,0.0,0.0,2490378,4325386,2490378,0,0,0.011285393,0.011285393,0.0,0.0,1,1,0,0,50,50,0,0,1,1,0,0,50,50,0,0
716775583,2490378,4259850,2490378,0,0,0.097302586,0.097302586,0.0,0.0,2490378,4325386,2490378,0,0,0.011286423,0.011286423,0.0,0.0,1,1,0,0,50,50,0,0,1,1,0,0,50,50,0,0
716974482,2490378,4259850,2490378,0,0,0.09622559,0.096225604,0.0,0.0,2490378,4325386,2490378,0,0,0.011628679,0.011628679,0.0,0.0,1,1,0,0,50,50,0,0,1,1,0,0,50,50,0,0
717173574,2490378,4259850,2490378,0,0,0.10341966,0.10341967,0.0,0.0,2490378,4325386,2490378,0,0,0.011673997,0.011673998,0.0,0.0,1,1,0,0,50,50,0,0,1,1,0,0,50,50,0,0
717372663,2490378,4259850,2490378,0,0,0.10293902,0.102939025,0.0,0.0,2490378,4325386,2490378,0,0,0.0116062425,0.0116062425,0.0,0.0,1,1,0,0,50,50,0,0,1,1,0,0,50,50,0,0
717571707,2490378,4259850,2490378,0,0,0.097826935,0.09782694,0.0,0.0,2490378,4325386,2490378,0,0,0.011645396,0.011645396,0.0,0.0,1,1,0,0,50,50,0,0,1,1,0,0,50,50,0,0
717775762,2490378,4259850,2490378,0,0,0.095448546,0.09544857,0.0,0.0,2490378,4325386,2490378,0,0,0.011415272,0.011415272,0.0,0.0,1,1,0,0,50,50,0,0,1,1,0,0,50,50,0,0
717975347,2490378,4259850,2490378,0,0,0.09523297,0.095233,0.0,0.0,2490378,4325386,2490378,0,0,0.011638947,0.011638947,0.0,0.0,1,1,0,0,50,50,0,0,1,1,0,0,50,50,0,0
718173915,2490378,4259850,2490378,0,0,0.09346019,0.09346018,0.0,0.0,2490378,4325386,2490378,0,0,0.011760119,0.011760119,0.0,0.0,1,1,0,0,50,50,0,0,1,1,0,0,50,50,0,0
718377968,2490378,4259850,2490378,0,0,0.09478064,0.09478065,0.0,0.0,2490378,4325386,2490378,0,0,0.011584307,0.011584307,0.0,0.0,1,1,0,0,50,50,0,0,1,1,0,0,50,50,0,0
718577091,2490378,4259850,2490378,0,0,0.096779495,0.09677948,0.0,0.0,2490378,4325386,2490378,0,0,0.011515825,0.011515825,0.0,0.0,1,1,0,0,50,50,0,0,1,1,0,0,50,50,0,0
718776135,2490378,4259850,2490378,0,0,0.09235056,0.09235058,0.0,0.0,2490378,4325386,2490378,0,0,0.011361043,0.011361043,0.0,0.0,1,1,0,0,50,50,0,0,1,1,0,0,50,50,0,0
718975199,2490378,4259850,2490378,0,0,0.09311003,0.093110055,0.0,0.0,2490378,4325386,2490378,0,0,0.011539047,0.011539047,0.0,0.0,1,1,0,0,50,50,0,0,1,1,0,0,50,50,0,0
719174274,2490378,4259850,2490378,0,0,0.094264954,0.09426494,0.0,0.0,2490378,4325386,2490378,0,0,0.011611518,0.011611518,0.0,0.0,1,1,0,0,50,50,0,0,1,1,0,0,50,50,0,0
719378328,2490378,4259850,2490378,0,0,0.09530871,0.09530872,0.0,0.0,2490378,4325386,2490378,0,0,0.011430176,0.011430176,0.0,0.0,1,1,0,0,50,50,0,0,1,1,0,0,50,50,0,0
719577401,2490378,4259850,2490378,0,0,0.09787005,0.09787005,0.0,0.0,2490378,4325386,2490378,0,0,0.01149219,0.01149219,0.0,0.0,1,1,0,0,50,50,0,0,1,1,0,0,50,50,0,0
719776490,2490378,4259850,2490378,0,0,0.09711999,0.09711995,0.0,0.0,2490378,4325386,2490378,0,0,0.011278483,0.011278483,0.0,0.0,1,1,0,0,50,50,0,0,1,1,0,0,50,50,0,0
719975562,2490378,4259850,2490378,0,0,0.09950457,0.09950457,0.0,0.0,2490378,4325386,2490378,0,0,0.011070094,0.011070094,0.0,0.0,1,1,0,0,50,50,0,0,1,1,0,0,50,50,0,0
720174653,2490378,4259850,2490378,0,0,0.10060728,0.10060728,0.0,0.0,2490378,4325386,2490378,0,0,0.011066896,0.011066896,0.0,0.0,1,1,0,0,50,50,0,0,1,1,0,0,50,50,0,0
720373714,2490378,4259850,2490378,0,0,0.1012531,0.101253115,0.0,0.0,2490378,4325386,2490378,0,0,0.01153069,0.01153069,0.0,0.0,1,1,0,0,50,50,0,0,1,1,0,0,50,50,0,0
720572788,2490378,4259850,2490378,0,0,0.10088498,0.100885,0.0,0.0,2490378,4325386,2490378,0,0,0.011616934,0.011616935,0.0,0.0,1,1,0,0,50,50,0,0,1,1,0,0,50,50,0,0
720776867,2490378,4259850,2490378,0,0,0.100231275,0.10023129,0.0,0.0,2490378,4325386,2490378,0,0,0.011650289,0.011650289,0.0,0.0,1,1,0,0,50,50,0,0,1,1,0,0,50,50,0,0
720975942,2490378,4259850,2490378,0,0,0.09839291,0.09839293,0.0,0.0,2490378,4325386,2490378,0,0,0.011453977,0.011453977,0.0,0.0,1,1,0,0,50,50,0,0,1,1,0,0,50,50,0,0
721174996,2490378,4259850,2490378,0,0,0.09788021,0.09788019,0.0,0.0,2490378,4325386,2490378,0,0,0.011607317,0.011607317,0.0,0.0,1,1,0,0,50,50,0,0,1,1,0,0,50,50,0,0
721374098,2490378,4259850,2490378,0,0,0.09816997,0.09816995,0.0,0.0,2490378,4325386,2490378,0,0,0.011294837,0.011294837,0.0,0.0,1,1,0,0,50,50,0,0,1,1,0,0,50,50,0,0
721573150,2490378,4259850,2490378,0,0,0.0965213,0.09652129,0.0,0.0,2490378,4325386,2490378,0,0,0.011280416,0.011280416,0.0,0.0,1,1,0,0,50,50,0,0,1,1,0,0,50,50,0,0
721772218,2490378,4259850,2490378,0,0,0.09633905,0.09633903,0.0,0.0,2490378,4325386,2490378,0,0,0.011731763,0.011731764,0.0,0.0,1,1,0,0,50,50,0,0,1,1,0,0,50,50,0,0
721971300,2490378,4259850,2490378,0,0,0.09653465,0.09653465,0.0,0.0,2490378,4325386,2490378,0,0,0.011490431,0.011490432,0.0,0.0,1,1,0,0,50,50,0,0,1,1,0,0,50,50,0,0
722175351,2490378,4259850,2490378,0,0,0.09598759,0.09598755,0.0,0.0,2490378,4325386,2490378,0,0,0.011589294,0.011589294,0.0,0.0,1,1,0,0,50,50,0,0,1,1,0,0,50,50,0,0
722374426,2490378,4259850,2490378,0,0,0.09661357,0.09661358,0.0,0.0,2490378,4325386,2490378,0,0,0.011189007,0.011189007,0.0,0.0,1,1,0,0,50,50,0,0,1,1,0,0,50,50,0,0
722573505,2490378,4259850,2490378,0,0,0.09321939,0.093219385,0.0,0.0,2490378,4325386,2490378,0,0,0.011428071,0.011428069,0.0,0.0,1,1,0,0,50,50,0,0,1,1,0,0,50,50,0,0
722777553,2490378,4259850,2490378,0,0,0.09606751,0.09606751,0.0,0.0,2490378,4325386,2490378,0,0,0.011438869,0.011438869,0.0,0.0,1,1,0,0,50,50,0,0,1,1,0,0,50,50,0,0
722976633,2490378,4259850,2490378,0,0,0.10124957,0.101249576,0.0,0.0,2490378,4325386,2490378,0,0,0.011380458,0.011380458,0.0,0.0,1,1,0,0,50,50,0,0,1,1,0,0,50,50,0,0
723175709,2490378,4259850,2490378,0,0,0.09993271,0.09993268,0.0,0.0,2490378,4325386,2490378,0,0,0.0114263585,0.0114263585,0.0,0.0,1,1,0,0,50,50,0,0,1,1,0,0,50,50,0,0
723374788,2490378,4259850,2490378,0,0,0.098074056,0.09807406,0.0,0.0,2490378,4325386,2490378,0,0,0.011361043,0.011361043,0.0,0.0,1,1,0,0,50,50,0,0,1,1,0,0,50,50,0,0
723578887,2490378,4259850,2490378,0,0,0.10188028,0.10188029,0.0,0.0,2490378,4325386,2490378,0,0,0.011275243,0.011275243,0.0,0.0,1,1,0,0,50,50,0,0,1,1,0,0,50,50,0,0
723777916,2490378,4259850,2490378,0,0,0.103855126,0.10385512,0.0,0.0,2490378,4325386,2490378,0,0,0.011576074,0.011576074,0.0,0.0,1,1,0,0,50,50,0,0,1,1,0,0,50,50,0,0
723976986,2490378,4259850,2490378,0,0,0.10242139,0.102421395,0.0,0.0,2490378,4325386,2490378,0,0,0.011198377,0.011198377,0.0,0.0,1,1,0,0,50,50,0,0,1,1,0,0,50,50,0,0
724176093,2490378,4259850,2490378,0,0,0.099810734,0.09981079,0.0,0.0,2490378,4325386,2490378,0,0,0.011290238,0.011290238,0.0,0.0,1,1,0,0,50,50,0,0,1,1,0,0,50,50,0,0
724375144,2490378,4259850,2490378,0,0,0.10396608,0.10396609,0.0,0.0,2490378,4325386,2490378,0,0,0.011775211,0.011775211,0.0,0.0,1,1,0,0,50,50,0,0,1,1,0,0,50,50,0,0
724574219,2490378,4259850,2490378,0,0,0.10114531,0.10114532,0.0,0.0,2490378,4325386,2490378,0,0,0.011335839,0.011335839,0.0,0.0,1,1,0,0,50,50,0,0,1,1,0,0,50,50,0,0
724773292,2490378,4259850,2490378,0,0,0.0964403,0.09644031,0.0,0.0,2490378,4325386,2490378,0,0,0.010820222,0.010820222,0.0,0.0,1,1,0,0,50,50,0,0,1,1,0,0,50,50,0,0
724977343,2490378,4259850,2490378,0,0,0.09571111,0.095711105,0.0,0.0,2490378,4325386,2490378,0,0,0.011213482,0.011213482,0.0,0.0,1,1,0,0,50,50,0,0,1,1,0,0,50,50,0,0
725176416,2490378,4259850,2490378,0,0,0.10056534,0.10056534,0.0,0.0,2490378,4325386,2490378,0,0,0.004214415,0.004214415,0.0,0.0,1,1,0,0,50,50,0,0,1,1,0,0,50,50,0,0
725375497,2490378,4259850,2490378,0,0,0.09511892,0.0951189,0.0,0.0,2490378,4325386,2490378,0,0,0.0032048426,0.0032048426,0.0,0.0,1,1,0,0,50,50,0,0,1,1,0,0,50,50,0,0
725574571,2490378,4259850,2490378,0,0,0.09180069,0.0918007,0.0,0.0,2490378,4325386,2490378,0,0,0.0033902866,0.0033902864,0.0,0.0,1,1,0,0,50,50,0,0,1,1,0,0,50,50,0,0
725773658,2490378,4259850,2490378,0,0,0.09176176,0.091761746,0.0,0.0,2490378,4325386,2490378,0,0,0.0032870048,0.003287005,0.0,0.0,1,1,0,0,50,50,0,0,1,1,0,0,50,50,0,0
725972721,2490378,4259850,2490378,0,0,0.09408201,0.094081976,0.0,0.0,2490378,4325386,2490378,0,0,0.0030498262,0.0030498262,0.0,0.0,1,1,0,0,50,50,0,0,1,1,0,0,50,50,0,0
726171798,2490378,4259850,2490378,0,0,0.09477703,0.094777025,0.0,0.0,2490378,4325386,2490378,0,0,0.0034381773,0.0034381775,0.0,0.0,1,1,0,0,50,50,0,0,1,1,0,0,50,50,0,0
726375915,2490378,4259850,2490378,0,0,0.09700601,0.09700602,0.0,0.0,2490378,4325386,2490378,0,0,0.0033736485,0.003373649,0.0,0.0,1,1,0,0,50,50,0,0,1,1,0,0,50,50,0,0
726574925,2490378,4259850,2490378,0,0,0.09846291,0.0984629,0.0,0.0,2490378,4325386,2490378,0,0,0.002854079,0.0028540792,0.0,0.0,1,1,0,0,50,50,0,0,1,1,0,0,50,50,0,0
726774003,2490378,4259850,2490378,0,0,0.105479285,0.10547926,0.0,0.0,2490378,4325386,2490378,0,0,0.0037769878,0.003776988,0.0,0.0,1,1,0,0,50,50,0,0,1,1,0,0,50,50,0,0
726973108,2490378,4259850,2490378,0,0,0.103095,0.10309501,0.0,0.0,2490378,4325386,2490378,0,0,0.0031262368,0.0031262368,0.0,0.0,1,1,0,0,50,50,0,0,1,1,0,0,50,50,0,0
727172153,2490378,4259850,2490378,0,0,0.105032414,0.10503244,0.0,0.0,2490378,4325386,2490378,0,0,0.003289032,0.0032890323,0.0,0.0,1,1,0,0,50,50,0,0,1,1,0,0,50,50,0,0
727376205,2490378,4259850,2490378,0,0,0.106369585,0.1063696,0.0,0.0,2490378,4325386,2490378,0,0,0.003041069,0.003041069,0.0,0.0,1,1,0,0,50,50,0,0,1,1,0,0,50,50,0,0
727575284,2490378,4259850,2490378,0,0,0.10743493,0.10743492,0.0,0.0,2490378,4325386,2490378,0,0,0.0031069282,0.003106929,0.0,0.0,1,1,0,0,50,50,0,0,1,1,0,0,50,50,0,0
727774359,2490378,4259850,2490378,0,0,0.10712213,0.10712212,0.0,0.0,2490378,4325386,2490378,0,0,0.0030171026,0.0030171026,0.0,0.0,1,1,0,0,50,50,0,0,1,1,0,0,50,50,0,0
727978408,2490378,4259850,2490378,0,0,0.09866473,0.09866471,0.0,0.0,2490378,4325386,2490378,0,0,0.003715704,0.003715704,0.0,0.0,1,1,0,0,50,50,0,0,1,1,0,0,50,50,0,0
728177487,2490378,4259850,2490378,0,0,0.101648614,0.1016486,0.0,0.0,2490378,4325386,2490378,0,0,0.0036922747,0.0036922747,0.0,0.0,1,1,0,0,50,50,0,0,1,1,0,0,50,50,0,0
728376563,2490378,4259850,2490378,0,0,0.105578594,0.10557859,0.0,0.0,2490378,4325386,2490378,0,0,0.0032726382,0.0032726382,0.0,0.0,1,1,0,0,50,50,0,0,1,1,0,0,50,50,0,0
728575660,2490378,4259850,2490378,0,0,0.09628698,0.09628698,0.0,0.0,2490378,4325386,2490378,0,0,0.003878058,0.0038780582,0.0,0.0,1,1,0,0,50,50,0,0,1,1,0,0,50,50,0,0
728774714,2490378,4259850,2490378,0,0,0.09124413,0.09124412,0.0,0.0,2490378,4325386,2490378,0,0,0.0034617493,0.0034617493,0.0,0.0,1,1,0,0,50,50,0,0,1,1,0,0,50,50,0,0
728973792,2490378,4259850,2490378,0,0,0.0911266,0.09112659,0.0,0.0,2490378,4325386,2490378,0,0,0.0031922811,0.0031922811,0.0,0.0,1,1,0,0,50,50,0,0,1,1,0,0,50,50,0,0
729177854,2490378,4259850,2490378,0,0,0.09302308,0.09302309,0.0,0.0,2490378,4325386,2490378,0,0,0.003141802,0.0031418018,0.0,0.0,1,1,0,0,50,50,0,0,1,1,0,0,50,50,0,0
729376893,2490378,4259850,2490378,0,0,0.08601146,0.086011484,0.0,0.0,2490378,4325386,2490378,0,0,0.0032890304,0.0032890304,0.0,0.0,1,1,0,0,50,50,0,0,1,1,0,0,50,50,0,0
729575990,2490378,4259850,2490378,0,0,0.09265263,0.0926526,0.0,0.0,2490378,4325386,2490378,0,0,0.0034026515,0.0034026513,0.0,0.0,1,1,0,0,50,50,0,0,1,1,0,0,50,50,0,0
729775119,2490378,4259850,2490378,0,0,0.09962898,0.099628955,0.0,0.0,2490378,4325386,2490378,0,0,0.0034049805,0.0034049808,0.0,0.0,1,1,0,0,50,50,0,0,1,1,0,0,50,50,0,0
729974143,2490378,4259850,2490378,0,0,0.10132689,0.10132688,0.0,0.0,2490378,4325386,2490378,0,0,0.0033047402,0.00330474,0.0,0.0,1,1,0,0,50,50,0,0,1,1,0,0,50,50,0,0
730173219,2490378,4259850,2490378,0,0,0.10275827,0.10275829,0.0,0.0,2490378,4325386,2490378,0,0,0.002931357,0.0029313567,0.0,0.0,1,1,0,0,50,50,0,0,1,1,0,0,50,50,0,0
730372291,2490378,4259850,2490378,0,0,0.10523061,0.10523061,0.0,0.0,2490378,4325386,2490378,0,0,0.0030092867,0.003009287,0.0,0.0,1,1,0,0,50,50,0,0,1,1,0,0,50,50,0,0
730576345,2490378,4259850,2490378,0,0,0.10842773,0.10842772,0.0,0.0,2490378,4325386,2490378,0,0,0.002946477,0.002946477,0.0,0.0,1,1,0,0,50,50,0,0,1,1,0,0,50,50,0,0
730775439,2490378,4259850,2490378,0,0,0.109044604,0.109044604,0.0,0.0,2490378,4325386,2490378,0,0,0.0031335386,0.0031335386,0.0,0.0,1,1,0,0,50,50,0,0,1,1,0,0,50,50,0,0
730974498,2490378,4259850,2490378,0,0,0.10968628,0.10968627,0.0,0.0,2490378,4325386,2490378,0,0,0.003170596,0.0031705957,0.0,0.0,1,1,0,0,50,50,0,0,1,1,0,0,50,50,0,0
731173600,2490378,4259850,2490378,0,0,0.1086625,0.10866247,0.0,0.0,2490378,4325386,2490378,0,0,0.0032393744,0.0032393744,0.0,0.0,1,1,0,0,50,50,0,0,1,1,0,0,50,50,0,0
731372945,2490378,4259850,2490378,0,0,0.109278224,0.10927823,0.0,0.0,2490378,4325386,2490378,0,0,0.003175002,0.0031750023,0.0,0.0,1,1,0,0,50,50,0,0,1,1,0,0,50,50,0,0
731571721,2490378,4259850,2490378,0,0,0.10256266,0.10256265,0.0,0.0,2490378,4325386,2490378,0,0,0.0031156042,0.0031156042,0.0,0.0,1,1,0,0,50,50,0,0,1,1,0,0,50,50,0,0
731775773,2490378,4259850,2490378,0,0,0.10403313,0.10403315,0.0,0.0,2490378,4325386,2490378,0,0,0.0034940208,0.0034940208,0.0,0.0,1,1,0,0,50,50,0,0,1,1,0,0,50,50,0,0
731974878,2490378,4259850,2490378,0,0,0.09953187,0.09953184,0.0,0.0,2490378,4325386,2490378,0,0,0.003226876,0.0032268758,0.0,0.0,1,1,0,0,50,50,0,0,1,1,0,0,50,50,0,0
732173924,2490378,4259850,2490378,0,0,0.09862971,0.09862969,0.0,0.0,2490378,4325386,2490378,0,0,0.0030665419,0.0030665416,0.0,0.0,1,1,0,0,50,50,0,0,1,1,0,0,50,50,0,0
732377979,2490378,4259850,2490378,0,0,0.09583656,0.09583657,0.0,0.0,2490378,4325386,2490378,0,0,0.0036020775,0.0036020775,0.0,0.0,1,1,0,0,50,50,0,0,1,1,0,0,50,50,0,0
732577081,2490378,4259850,2490378,0,0,0.09081597,0.09081601,0.0,0.0,2490378,4325386,2490378,0,0,0.003590606,0.003590606,0.0,0.0,1,1,0,0,50,50,0,0,1,1,0,0,50,50,0,0
732776123,2490378,4259850,2490378,0,0,0.091632344,0.09163233,0.0,0.0,2490378,4325386,2490378,0,0,0.0035995112,0.003599511,0.0,0.0,1,1,0,0,50,50,0,0,1,1,0,0,50,50,0,0
732975199,2490378,4259850,2490378,0,0,0.0940751,0.09407512,0.0,0.0,2490378,4325386,2490378,0,0,0.0031865386,0.0031865386,0.0,0.0,1,1,0,0,50,50,0,0,1,1,0,0,50,50,0,0
733174277,2490378,4259850,2490378,0,0,0.096369155,0.09636917,0.0,0.0,2490378,4325386,2490378,0,0,0.0034706101,0.0034706101,0.0,0.0,1,1,0,0,50,50,0,0,1,1,0,0,50,50,0,0
733378326,2490378,4259850,2490378,0,0,0.09888065,0.098880656,0.0,0.0,2490378,4325386,2490378,0,0,0.002831303,0.002831303,0.0,0.0,1,1,0,0,50,50,0,0,1,1,0,0,50,50,0,0
733577408,2490378,4259850,2490378,0,0,0.10200688,0.1020069,0.0,0.0,2490378,4325386,2490378,0,0,0.0035254632,0.003525463,0.0,0.0,1,1,0,0,50,50,0,0,1,1,0,0,50,50,0,0
733776556,2490378,4259850,2490378,0,0,0.10837969,0.1083797,0.0,0.0,2490378,4325386,2490378,0,0,0.0035077801,0.0035077801,0.0,0.0,1,1,0,0,50,50,0,0,1,1,0,0,50,50,0,0
733975585,2490378,4259850,2490378,0,0,0.11103887,0.11103887,0.0,0.0,2490378,4325386,2490378,0,0,0.0032898681,0.0032898684,0.0,0.0,1,1,0,0,50,50,0,0,1,1,0,0,50,50,0,0
734174660,2490378,4259850,2490378,0,0,0.107690364,0.10769035,0.0,0.0,2490378,4325386,2490378,0,0,0.0035758987,0.0035758987,0.0,0.0,1,1,0,0,50,50,0,0,1,1,0,0,50,50,0,0
734373741,2490378,4259850,2490378,0,0,0.11013914,0.11013914,0.0,0.0,2490378,4325386,2490378,0,0,0.0031897826,0.0031897826,0.0,0.0,1,1,0,0,50,50,0,0,1,1,0,0,50,50,0,0
734572808,2490378,4259850,2490378,0,0,0.10923032,0.10923029,0.0,0.0,2490378,4325386,2490378,0,0,0.003152701,0.003152701,0.0,0.0,1,1,0,0,50,50,0,0,1,1,0,0,50,50,0,0
734776873,2490378,4259850,2490378,0,0,0.11049051,0.1104905,0.0,0.0,2490378,4325386,2490378,0,0,0.0032964791,0.0032964796,0.0,0.0,1,1,0,0,50,50,0,0,1,1,0,0,50,50,0,0
734975936,2490378,4259850,2490378,0,0,0.105744824,0.1057448,0.0,0.0,2490378,4325386,2490378,0,0,0.003099976,0.0030999759,0.0,0.0,1,1,0,0,50,50,0,0,1,1,0,0,50,50,0,0
735174982,2490378,4259850,2490378,0,0,0.09892391,0.09892394,0.0,0.0,2490378,4325386,2490378,0,0,0.003134425,0.0031344248,0.0,0.0,1,1,0,0,50,50,0,0,1,1,0,0,50,50,0,0
735374101,2490378,4259850,2490378,0,0,0.09726702,0.09726697,0.0,0.0,2490378,4325386,2490378,0,0,0.0034144619,0.003414462,0.0,0.0,1,1,0,0,50,50,0,0,1,1,0,0,50,50,0,0
735573131,2490378,4259850,2490378,0,0,0.094229616,0.09422959,0.0,0.0,2490378,4325386,2490378,0,0,0.0033574204,0.0033574204,0.0,0.0,1,1,0,0,50,50,0,0,1,1,0,0,50,50,0,0
735772227,2490378,4259850,2490378,0,0,0.090893656,0.09089365,0.0,0.0,2490378,4325386,2490378,0,0,0.0030649342,0.0030649342,0.0,0.0,1,1,0,0,50,50,0,0,1,1,0,0,50,50,0,0
735971277,2490378,4259850,2490378,0,0,0.086176194,0.086176194,0.0,0.0,2490378,4325386,2490378,0,0,0.0029372363,0.0029372363,0.0,0.0,1,1,0,0,50,50,0,0,1,1,0,0,50,50,0,0
736175332,2490378,4259850,2490378,0,0,0.08754041,0.08754041,0.0,0.0,2490378,4325386,2490378,0,0,0.0032826615,0.0032826615,0.0,0.0,1,1,0,0,50,50,0,0,1,1,0,0,50,50,0,0
736374404,2490378,4259850,2490378,0,0,0.0937799,0.093779914,0.0,0.0,2490378,4325386,2490378,0,0,0.0029780692,0.0029780692,0.0,0.0,1,1,0,0,50,50,0,0,1,1,0,0,50,50,0,0
736573482,2490378,4259850,2490378,0,0,0.09781695,0.09781695,0.0,0.0,2490378,4325386,2490378,0,0,0.0034108572,0.0034108574,0.0,0.0,1,1,0,0,50,50,0,0,1,1,0,0,50,50,0,0
736777535,2490378,4259850,2490378,0,0,0.09029043,0.09029043,0.0,0.0,2490378,4325386,2490378,0,0,0.0030211662,0.0030211664,0.0,0.0,1,1,0,0,50,50,0,0,1,1,0,0,50,50,0,0
736976610,2490378,4259850,2490378,0,0,0.1027267,0.1027267,0.0,0.0,2490378,4325386,2490378,0,0,0.003453287,0.003453287,0.0,0.0,1,1,0,0,50,50,0,0,1,1,0,0,50,50,0,0
737175685,2490378,4259850,2490378,0,0,0.09864179,0.09864179,0.0,0.0,2490378,4325386,2490378,0,0,0.0034866694,0.0034866694,0.0,0.0,1,1,0,0,50,50,0,0,1,1,0,0,50,50,0,0
737374756,2490378,4259850,2490378,0,0,0.10682092,0.10682091,0.0,0.0,2490378,4325386,2490378,0,0,0.003633844,0.0036338437,0.0,0.0,1,1,0,0,50,50,0,0,1,1,0,0,50,50,0,0
737578833,2490378,4259850,2490378,0,0,0.11252983,0.11252983,0.0,0.0,2490378,4325386,2490378,0,0,0.00330366,0.00330366,0.0,0.0,1,1,0,0,50,50,0,0,1,1,0,0,50,50,0,0
737777883,2490378,4259850,2490378,0,0,0.109858766,0.109858766,0.0,0.0,2490378,4325386,2490378,0,0,0.0038848931,0.0038848931,0.0,0.0,1,1,0,0,50,50,0,0,1,1,0,0,50,50,0,0
737976957,2490378,4259850,2490378,0,0,0.106949955,0.10694996,0.0,0.0,2490378,4325386,2490378,0,0,0.0031236056,0.0031236056,0.0,0.0,1,1,0,0,50,50,0,0,1,1,0,0,50,50,0,0
738176050,2490378,4259850,2490378,0,0,0.110655665,0.11065567,0.0,0.0,2490378,4325386,2490378,0,0,0.0033438727,0.0033438725,0.0,0.0,1,1,0,0,50,50,0,0,1,1,0,0,50,50,0,0
738375131,2490378,4259850,2490378,0,0,0.10156798,0.101568006,0.0,0.0,2490378,4325386,2490378,0,0,0.003098629,0.003098629,0.0,0.0,1,1,0,0,50,50,0,0,1,1,0,0,50,50,0,0
738574211,2490378,4259850,2490378,0,0,0.10317386,0.103173845,0.0,0.0,2490378,4325386,2490378,0,0,0.0026565066,0.0026565068,0.0,0.0,1,1,0,0,50,50,0,0,1,1,0,0,50,50,0,0
738773255,2490378,4259850,2490378,0,0,0.099222265,0.09922227,0.0,0.0,2490378,4325386,2490378,0,0,0.0036283594,0.0036283594,0.0,0.0,1,1,0,0,50,50,0,0,1,1,0,0,50,50,0,0
738977305,2490378,4259850,2490378,0,0,0.10248068,0.10248069,0.0,0.0,2490378,4325386,2490378,0,0,0.003128545,0.003128545,0.0,0.0,1,1,0,0,50,50,0,0,1,1,0,0,50,50,0,0
739176381,2490378,4259850,2490378,0,0,0.102476984,0.10247699,0.0,0.0,2490378,4325386,2490378,0,0,0.0030281348,0.0030281348,0.0,0.0,1,1,0,0,50,50,0,0,1,1,0,0,50,50,0,0
739375456,2490378,4259850,2490378,0,0,0.09983616,0.09983617,0.0,0.0,2490378,4325386,2490378,0,0,0.0032984023,0.003298402,0.0,0.0,1,1,0,0,50,50,0,0,1,1,0,0,50,50,0,0
739574553,2490378,4259850,2490378,0,0,0.10723614,0.107236184,0.0,0.0,2490378,4325386,2490378,0,0,0.0035689382,0.0035689382,0.0,0.0,1,1,0,0,50,50,0,0,1,1,0,0,50,50,0,0
739773786,2490378,4259850,2490378,0,0,0.104361735,0.10436174,0.0,0.0,2490378,4325386,2490378,0,0,0.0036559594,0.0036559594,0.0,0.0,1,1,0,0,50,50,0,0,1,1,0,0,50,50,0,0
739972709,2490378,4259850,2490378,0,0,0.10407654,0.104076535,0.0,0.0,2490378,4325386,2490378,0,0,0.003318979,0.003318979,0.0,0.0,1,1,0,0,50,50,0,0,1,1,0,0,50,50,0,0
740171776,2490378,4259850,2490378,0,0,0.114282124,0.114282094,0.0,0.0,2490378,4325386,2490378,0,0,0.0031378753,0.0031378756,0.0,0.0,1,1,0,0,50,50,0,0,1,1,0,0,50,50,0,0
740375872,2490378,4259850,2490378,0,0,0.11038988,0.11038988,0.0,0.0,2490378,4325386,2490378,0,0,0.0036980666,0.0036980668,0.0,0.0,1,1,0,0,50,50,0,0,1,1,0,0,50,50,0,0
740574923,2490378,4259850,2490378,0,0,0.11246388,0.11246389,0.0,0.0,2490378,4325386,2490378,0,0,0.0035224785,0.0035224785,0.0,0.0,1,1,0,0,50,50,0,0,1,1,0,0,50,50,0,0
740773994,2490378,4259850,2490378,0,0,0.11195838,0.11195838,0.0,0.0,2490378,4325386,2490378,0,0,0.003480478,0.0034804775,0.0,0.0,1,1,0,0,50,50,0,0,1,1,0,0,50,50,0,0
740973074,2490378,4259850,2490378,0,0,0.11275914,0.112759136,0.0,0.0,2490378,4325386,2490378,0,0,0.00292824,0.00292824,0.0,0.0,1,1,0,0,50,50,0,0,1,1,0,0,50,50,0,0
741172105,2490378,4259850,2490378,0,0,0.10876087,0.10876088,0.0,0.0,2490378,4325386,2490378,0,0,0.0033513226,0.0033513226,0.0,0.0,1,1,0,0,50,50,0,0,1,1,0,0,50,50,0,0
741376153,2490378,4259850,2490378,0,0,0.10284259,0.10284261,0.0,0.0,2490378,4325386,2490378,0,0,0.0031623624,0.0031623621,0.0,0.0,1,1,0,0,50,50,0,0,1,1,0,0,50,50,0,0
741575229,2490378,4259850,2490378,0,0,0.10877332,0.10877333,0.0,0.0,2490378,4325386,2490378,0,0,0.0025532283,0.0025532283,0.0,0.0,1,1,0,0,50,50,0,0,1,1,0,0,50,50,0,0
741774305,2490378,4259850,2490378,0,0,0.102944754,0.10294478,0.0,0.0,2490378,4325386,2490378,0,0,0.0029929494,0.0029929494,0.0,0.0,1,1,0,0,50,50,0,0,1,1,0,0,50,50,0,0
741978353,2490378,4259850,2490378,0,0,0.10273743,0.102737434,0.0,0.0,2490378,4325386,2490378,0,0,0.003408687,0.003408687,0.0,0.0,1,1,0,0,50,50,0,0,1,1,0,0,50,50,0,0
742177430,2490378,4259850,2490378,0,0,0.10219913,0.10219913,0.0,0.0,2490378,4325386,2490378,0,0,0.0031915216,0.0031915212,0.0,0.0,1,1,0,0,50,50,0,0,1,1,0,0,50,50,0,0
742376502,2490378,4259850,2490378,0,0,0.10452927,0.10452925,0.0,0.0,2490378,4325386,2490378,0,0,0.0032357625,0.0032357625,0.0,0.0,1,1,0,0,50,50,0,0,1,1,0,0,50,50,0,0
742575591,2490378,4259850,2490378,0,0,0.102114975,0.10211493,0.0,0.0,2490378,4325386,2490378,0,0,0.002898918,0.002898918,0.0,0.0,1,1,0,0,50,50,0,0,1,1,0,0,50,50,0,0
742774654,2490378,4259850,2490378,0,0,0.10507122,0.10507121,0.0,0.0,2490378,4325386,2490378,0,0,0.0032522243,0.0032522243,0.0,0.0,1,1,0,0,50,50,0,0,1,1,0,0,50,50,0,0
742973730,2490378,4259850,2490378,0,0,0.10828498,0.10828497,0.0,0.0,2490378,4325386,2490378,0,0,0.0039844234,0.0039844234,0.0,0.0,1,1,0,0,50,50,0,0,1,1,0,0,50,50,0,0
743177809,2490378,4259850,2490378,0,0,0.10710462,0.10710461,0.0,0.0,2490378,4325386,2490378,0,0,0.0033474583,0.003347458,0.0,0.0,1,1,0,0,50,50,0,0,1,1,0,0,50,50,0,0
743376852,2490378,4259850,2490378,0,0,0.10936323,0.10936324,0.0,0.0,2490378,4325386,2490378,0,0,0.0031251507,0.0031251507,0.0,0.0,1,1,0,0,50,50,0,0,1,1,0,0,50,50,0,0
743575927,2490378,4259850,2490378,0,0,0.114255995,0.11425602,0.0,0.0,2490378,4325386,2490378,0,0,0.003403954,0.003403954,0.0,0.0,1,1,0,0,50,50,0,0,1,1,0,0,50,50,0,0
743775003,2490378,4259850,2490378,0,0,0.11153657,0.11153657,0.0,0.0,2490378,4325386,2490378,0,0,0.003104289,0.003104289,0.0,0.0,1,1,0,0,50,50,0,0,1,1,0,0,50,50,0,0
743974074,2490378,4259850,2490378,0,0,0.111141436,0.11114145,0.0,0.0,2490378,4325386,2490378,0,0,0.0032223554,0.0032223556,0.0,0.0,1,1,0,0,50,50,0,0,1,1,0,0,50,50,0,0
744173148,2490378,4259850,2490378,0,0,0.11213365,0.112133645,0.0,0.0,2490378,4325386,2490378,0,0,0.0033552444,0.0033552444,0.0,0.0,1,1,0,0,50,50,0,0,1,1,0,0,50,50,0,0
744372221,2490378,4259850,2490378,0,0,0.10967724,0.10967722,0.0,0.0,2490378,4325386,2490378,0,0,0.002845694,0.002845694,0.0,0.0,1,1,0,0,50,50,0,0,1,1,0,0,50,50,0,0
744576272,2490378,4259850,2490378,0,0,0.10887068,0.10887067,0.0,0.0,2490378,4325386,2490378,0,0,0.0035276248,0.0035276248,0.0,0.0,1,1,0,0,50,50,0,0,1,1,0,0,50,50,0,0
744775346,2490378,4259850,2490378,0,0,0.1098174,0.109817386,0.0,0.0,2490378,4325386,2490378,0,0,0.0027389757,0.0027389757,0.0,0.0,1,1,0,0,50,50,0,0,1,1,0,0,50,50,0,0
744974423,2490378,4259850,2490378,0,0,0.11100337,0.11100339,0.0,0.0,2490378,4325386,2490378,0,0,0.002961374,0.0029613741,0.0,0.0,1,1,0,0,50,50,0,0,1,1,0,0,50,50,0,0
745173499,2490378,4259850,2490378,0,0,0.11058645,0.11058646,0.0,0.0,2490378,4325386,2490378,0,0,0.0030477748,0.0030477748,0.0,0.0,1,1,0,0,50,50,0,0,1,1,0,0,50,50,0,0
745372567,2490378,4259850,2490378,0,0,0.10372466,0.10372464,0.0,0.0,2490378,4325386,2490378,0,0,0.0027587747,0.002758775,0.0,0.0,1,1,0,0,50,50,0,0,1,1,0,0,50,50,0,0
745571626,2490378,4259850,2490378,0,0,0.105609976,0.10560998,0.0,0.0,2490378,4325386,2490378,0,0,0.0029387258,0.0029387258,0.0,0.0,1,1,0,0,50,50,0,0,1,1,0,0,50,50,0,0
745775769,2490378,4259850,2490378,0,0,0.10628573,0.10628572,0.0,0.0,2490378,4325386,2490378,0,0,0.0030659533,0.0030659533,0.0,0.0,1,1,0,0,50,50,0,0,1,1,0,0,50,50,0,0
745974813,2490378,4259850,2490378,0,0,0.10820977,0.10820974,0.0,0.0,2490378,4325386,2490378,0,0,0.0029103411,0.0029103411,0.0,0.0,1,1,0,0,50,50,0,0,1,1,0,0,50,50,0,0
746173898,2490378,4259850,2490378,0,0,0.10381096,0.10381094,0.0,0.0,2490378,4325386,2490378,0,0,0.0032051422,0.0032051422,0.0,0.0,1,1,0,0,50,50,0,0,1,1,0,0,50,50,0,0
746377958,2490378,4259850,2490378,0,0,0.09973046,0.09973046,0.0,0.0,2490378,4325386,2490378,0,0,0.003023153,0.003023153,0.0,0.0,1,1,0,0,50,50,0,0,1,1,0,0,50,50,0,0
746576987,2490378,4259850,2490378,0,0,0.102849066,0.10284906,0.0,0.0,2490378,4325386,2490378,0,0,0.0029488439,0.0029488439,0.0,0.0,1,1,0,0,50,50,0,0,1,1,0,0,50,50,0,0
746776041,2490378,4259850,2490378,0,0,0.10678169,0.106781706,0.0,0.0,2490378,4325386,2490378,0,0,0.0029807403,0.0029807403,0.0,0.0,1,1,0,0,50,50,0,0,1,1,0,0,50,50,0,0
746975112,2490378,4259850,2490378,0,0,0.111573875,0.111573875,0.0,0.0,2490378,4325386,2490378,0,0,0.0028955974,0.0028955974,0.0,0.0,1,1,0,0,50,50,0,0,1,1,0,0,50,50,0,0
747174188,2490378,4259850,2490378,0,0,0.10904735,0.10904737,0.0,0.0,2490378,4325386,2490378,0,0,0.002989974,0.002989974,0.0,0.0,1,1,0,0,50,50,0,0,1,1,0,0,50,50,0,0
747378238,2490378,4259850,2490378,0,0,0.10729325,0.107293256,0.0,0.0,2490378,4325386,2490378,0,0,0.0032010258,0.0032010258,0.0,0.0,1,1,0,0,50,50,0,0,1,1,0,0,50,50,0,0
747577313,2490378,4259850,2490378,0,0,0.11538414,0.11538415,0.0,0.0,2490378,4325386,2490378,0,0,0.0032901277,0.0032901277,0.0,0.0,1,1,0,0,50,50,0,0,1,1,0,0,50,50,0,0
747776390,2490378,4259850,2490378,0,0,0.11187152,0.111871526,0.0,0.0,2490378,4325386,2490378,0,0,0.0035863135,0.0035863135,0.0,0.0,1,1,0,0,50,50,0,0,1,1,0,0,50,50,0,0
747975471,2490378,4259850,2490378,0,0,0.10945665,0.10945666,0.0,0.0,2490378,4325386,2490378,0,0,0.0034965267,0.0034965267,0.0,0.0,1,1,0,0,50,50,0,0,1,1,0,0,50,50,0,0
748174536,2490378,4259850,2490378,0,0,0.10669643,0.10669642,0.0,0.0,2490378,4325386,2490378,0,0,0.0033798777,0.0033798777,0.0,0.0,1,1,0,0,50,50,0,0,1,1,0,0,50,50,0,0
748373610,2490378,4259850,2490378,0,0,0.11039138,0.110391356,0.0,0.0,2490378,4325386,2490378,0,0,0.002992568,0.002992568,0.0,0.0,1,1,0,0,50,50,0,0,1,1,0,0,50,50,0,0
748572709,2490378,4259850,2490378,0,0,0.106330454,0.10633046,0.0,0.0,2490378,4325386,2490378,0,0,0.0026759843,0.0026759843,0.0,0.0,1,1,0,0,50,50,0,0,1,1,0,0,50,50,0,0
748776776,2490378,4259850,2490378,0,0,0.10141405,0.10141405,0.0,0.0,2490378,4325386,2490378,0,0,0.0032670042,0.003267004,0.0,0.0,1,1,0,0,50,50,0,0,1,1,0,0,50,50,0,0
748975824,2490378,4259850,2490378,0,0,0.096155025,0.096155025,0.0,0.0,2490378,4325386,2490378,0,0,0.0026921083,0.0026921087,0.0,0.0,1,1,0,0,50,50,0,0,1,1,0,0,50,50,0,0
749174878,2490378,4259850,2490378,0,0,0.09601671,0.09601668,0.0,0.0,2490378,4325386,2490378,0,0,0.0030613975,0.0030613977,0.0,0.0,1,1,0,0,50,50,0,0,1,1,0,0,50,50,0,0
749373956,2490378,4259850,2490378,0,0,0.09904303,0.09904305,0.0,0.0,2490378,4325386,2490378,0,0,0.0030048036,0.003004803,0.0,0.0,1,1,0,0,50,50,0,0,1,1,0,0,50,50,0,0
749573027,2490378,4259850,2490378,0,0,0.10130437,0.10130435,0.0,0.0,2490378,4325386,2490378,0,0,0.0032468361,0.0032468361,0.0,0.0,1,1,0,0,50,50,0,0,1,1,0,0,50,50,0,0
749772110,2490378,4259850,2490378,0,0,0.10527394,0.10527394,0.0,0.0,2490378,4325386,2490378,0,0,0.0031628339,0.0031628339,0.0,0.0,1,1,0,0,50,50,0,0,1,1,0,0,50,50,0,0
749971198,2490378,4259850,2490378,0,0,0.109371476,0.10937148,0.0,0.0,2490378,4325386,2490378,0,0,0.0031502317,0.0031502314,0.0,0.0,1,1,0,0,50,50,0,0,1,1,0,0,50,50,0,0
750175254,2490378,4259850,2490378,0,0,0.1134832,0.11348321,0.0,0.0,2490378,4325386,2490378,0,0,0.0033147056,0.0033147056,0.0,0.0,1,1,0,0,50,50,0,0,1,1,0,0,50,50,0,0
750374298,2490378,4259850,2490378,0,0,0.118871376,0.118871376,0.0,0.0,2490378,4325386,2490378,0,0,0.0030403587,0.0030403587,0.0,0.0,1,1,0,0,50,50,0,0,1,1,0,0,50,50,0,0
750573372,2490378,4259850,2490378,0,0,0.11632591,0.11632593,0.0,0.0,2490378,4325386,2490378,0,0,0.0036838618,0.003683862,0.0,0.0,1,1,0,0,50,50,0,0,1,1,0,0,50,50,0,0
750777422,2490378,4259850,2490378,0,0,0.11726051,0.11726049,0.0,0.0,2490378,4325386,2490378,0,0,0.0031574336,0.0031574338,0.0,0.0,1,1,0,0,50,50,0,0,1,1,0,0,50,50,0,0
750976526,2490378,4259850,2490378,0,0,0.11520534,0.11520532,0.0,0.0,2490378,4325386,2490378,0,0,0.0033476248,0.003347625,0.0,0.0,1,1,0,0,50,50,0,0,1,1,0,0,50,50,0,0
751175571,2490378,4259850,2490378,0,0,0.11331929,0.1133193,0.0,0.0,2490378,4325386,2490378,0,0,0.0026110623,0.0026110625,0.0,0.0,1,1,0,0,50,50,0,0,1,1,0,0,50,50,0,0
751374644,2490378,4259850,2490378,0,0,0.10369578,0.10369574,0.0,0.0,2490378,4325386,2490378,0,0,0.003610192,0.003610192,0.0,0.0,1,1,0,0,50,50,0,0,1,1,0,0,50,50,0,0
751578725,2490378,4259850,2490378,0,0,0.09986095,0.09986092,0.0,0.0,2490378,4325386,2490378,0,0,0.00336924,0.00336924,0.0,0.0,1,1,0,0,50,50,0,0,1,1,0,0,50,50,0,0
751777767,2490378,4259850,2490378,0,0,0.09795703,0.09795704,0.0,0.0,2490378,4325386,2490378,0,0,0.0029950468,0.0029950468,0.0,0.0,1,1,0,0,50,50,0,0,1,1,0,0,50,50,0,0
751976841,2490378,4259850,2490378,0,0,0.097882174,0.097882174,0.0,0.0,2490378,4325386,2490378,0,0,0.0030877057,0.0030877062,0.0,0.0,1,1,0,0,50,50,0,0,1,1,0,0,50,50,0,0
752175917,2490378,4259850,2490378,0,0,0.096575856,0.09657587,0.0,0.0,2490378,4325386,2490378,0,0,0.0032300488,0.0032300488,0.0,0.0,1,1,0,0,50,50,0,0,1,1,0,0,50,50,0,0
752375065,2490378,4259850,2490378,0,0,0.09885799,0.09885802,0.0,0.0,2490378,4325386,2490378,0,0,0.0030120062,0.0030120062,0.0,0.0,1,1,0,0,50,50,0,0,1,1,0,0,50,50,0,0
752574059,2490378,4259850,2490378,0,0,0.10284098,0.10284099,0.0,0.0,2490378,4325386,2490378,0,0,0.0031570904,0.0031570906,0.0,0.0,1,1,0,0,50,50,0,0,1,1,0,0,50,50,0,0
752773133,2490378,4259850,2490378,0,0,0.10864119,0.10864122,0.0,0.0,2490378,4325386,2490378,0,0,0.0024059617,0.0024059615,0.0,0.0,1,1,0,0,50,50,0,0,1,1,0,0,50,50,0,0
752977181,2490378,4259850,2490378,0,0,0.11132501,0.11132501,0.0,0.0,2490378,4325386,2490378,0,0,0.0030029297,0.0030029297,0.0,0.0,1,1,0,0,50,50,0,0,1,1,0,0,50,50,0,0
753176254,2490378,4259850,2490378,0,0,0.11620912,0.11620913,0.0,0.0,2490378,4325386,2490378,0,0,0.0029247305,0.0029247303,0.0,0.0,1,1,0,0,50,50,0,0,1,1,0,0,50,50,0,0
753375337,2490378,4259850,2490378,0,0,0.11591902,0.11591901,0.0,0.0,2490378,4325386,2490378,0,0,0.002941378,0.002941378,0.0,0.0,1,1,0,0,50,50,0,0,1,1,0,0,50,50,0,0
753574406,2490378,4259850,2490378,0,0,0.116441585,0.1164416,0.0,0.0,2490378,4325386,2490378,0,0,0.0025536874,0.0025536874,0.0,0.0,1,1,0,0,50,50,0,0,1,1,0,0,50,50,0,0
753773524,2490378,4259850,2490378,0,0,0.11700036,0.117000364,0.0,0.0,2490378,4325386,2490378,0,0,0.0034015176,0.0034015174,0.0,0.0,1,1,0,0,50,50,0,0,1,1,0,0,50,50,0,0
753972550,2490378,4259850,2490378,0,0,0.114484735,0.114484735,0.0,0.0,2490378,4325386,2490378,0,0,0.0030640517,0.0030640515,0.0,0.0,1,1,0,0,50,50,0,0,1,1,0,0,50,50,0,0
754171626,2490378,4259850,2490378,0,0,0.107955925,0.10795591,0.0,0.0,2490378,4325386,2490378,0,0,0.0030290193,0.003029019,0.0,0.0,1,1,0,0,50,50,0,0,1,1,0,0,50,50,0,0
754375728,2490378,4259850,2490378,0,0,0.10595137,0.105951376,0.0,0.0,2490378,4325386,2490378,0,0,0.0036454396,0.0036454396,0.0,0.0,1,1,0,0,50,50,0,0,1,1,0,0,50,50,0,0
754574799,2490378,4259850,2490378,0,0,0.10564267,0.10564267,0.0,0.0,2490378,4325386,2490378,0,0,0.0033561978,0.0033561978,0.0,0.0,1,1,0,0,50,50,0,0,1,1,0,0,50,50,0,0
754773845,2490378,4259850,2490378,0,0,0.104495116,0.104495116,0.0,0.0,2490378,4325386,2490378,0,0,0.0032048204,0.0032048204,0.0,0.0,1,1,0,0,50,50,0,0,1,1,0,0,50,50,0,0
754972920,2490378,4259850,2490378,0,0,0.102915734,0.10291574,0.0,0.0,2490378,4325386,2490378,0,0,0.0034285765,0.0034285765,0.0,0.0,1,1,0,0,50,50,0,0,1,1,0,0,50,50,0,0
755176969,2490378,4259850,2490378,0,0,0.1044523,0.10445231,0.0,0.0,2490378,4325386,2490378,0,0,0.0032612802,0.0032612802,0.0,0.0,1,1,0,0,50,50,0,0,1,1,0,0,50,50,0,0
755376014,2490378,4259850,2490378,0,0,0.10721022,0.10721022,0.0,0.0,2490378,4325386,2490378,0,0,0.002904612,0.0029046119,0.0,0.0,1,1,0,0,50,50,0,0,1,1,0,0,50,50,0,0
755575089,2490378,4259850,2490378,0,0,0.10840091,0.10840093,0.0,0.0,2490378,4325386,2490378,0,0,0.00314259,0.00314259,0.0,0.0,1,1,0,0,50,50,0,0,1,1,0,0,50,50,0,0
755774170,2490378,4259850,2490378,0,0,0.106499106,0.10649913,0.0,0.0,2490378,4325386,2490378,0,0,0.0031085243,0.0031085243,0.0,0.0,1,1,0,0,50,50,0,0,1,1,0,0,50,50,0,0
755978384,2490378,4259850,2490378,0,0,0.10817192,0.10817196,0.0,0.0,2490378,4325386,2490378,0,0,0.0030055838,0.0030055838,0.0,0.0,1,1,0,0,50,50,0,0,1,1,0,0,50,50,0,0
756177289,2490378,4259850,2490378,0,0,0.10908055,0.10908053,0.0,0.0,2490378,4325386,2490378,0,0,0.0036364538,0.0036364538,0.0,0.0,1,1,0,0,50,50,0,0,1,1,0,0,50,50,0,0
756376357,2490378,4259850,2490378,0,0,0.10936818,0.109368175,0.0,0.0,2490378,4325386,2490378,0,0,0.0030375647,0.0030375647,0.0,0.0,1,1,0,0,50,50,0,0,1,1,0,0,50,50,0,0
756575464,2490378,4259850,2490378,0,0,0.10708825,0.10708827,0.0,0.0,2490378,4325386,2490378,0,0,0.0033615078,0.003361508,0.0,0.0,1,1,0,0,50,50,0,0,1,1,0,0,50,50,0,0
756774505,2490378,4259850,2490378,0,0,0.11066907,0.11066906,0.0,0.0,2490378,4325386,2490378,0,0,0.0029763111,0.0029763111,0.0,0.0,1,1,0,0,50,50,0,0,1,1,0,0,50,50,0,0
756973577,2490378,4259850,2490378,0,0,0.10562562,0.10562563,0.0,0.0,2490378,4325386,2490378,0,0,0.0027363354,0.0027363354,0.0,0.0,1,1,0,0,50,50,0,0,1,1,0,0,50,50,0,0
757177669,2490378,4259850,2490378,0,0,0.10760781,0.10760783,0.0,0.0,2490378,4325386,2490378,0,0,0.0027859176,0.0027859178,0.0,0.0,1,1,0,0,50,50,0,0,1,1,0,0,50,50,0,0
757376701,2490378,4259850,2490378,0,0,0.112578586,0.11257857,0.0,0.0,2490378,4325386,2490378,0,0,0.0030595085,0.0030595087,0.0,0.0,1,1,0,0,50,50,0,0,1,1,0,0,50,50,0,0
757575771,2490378,4259850,2490378,0,0,0.11147029,0.1114703,0.0,0.0,2490378,4325386,2490378,0,0,0.0028180648,0.002818065,0.0,0.0,1,1,0,0,50,50,0,0,1,1,0,0,50,50,0,0
757774846,2490378,4259850,2490378,0,0,0.109566145,0.10956615,0.0,0.0,2490378,4325386,2490378,0,0,0.002643289,0.0026432895,0.0,0.0,1,1,0,0,50,50,0,0,1,1,0,0,50,50,0,0
757973935,2490378,4259850,2490378,0,0,0.1111947,0.11119473,0.0,0.0,2490378,4325386,2490378,0,0,0.0030572296,0.0030572293,0.0,0.0,1,1,0,0,50,50,0,0,1,1,0,0,50,50,0,0
758172994,2490378,4259850,2490378,0,0,0.10919573,0.109195724,0.0,0.0,2490378,4325386,2490378,0,0,0.0029189044,0.0029189044,0.0,0.0,1,1,0,0,50,50,0,0,1,1,0,0,50,50,0,0
758372066,2490378,4259850,2490378,0,0,0.11184251,0.11184251,0.0,0.0,2490378,4325386,2490378,0,0,0.00293402,0.00293402,0.0,0.0,1,1,0,0,50,50,0,0,1,1,0,0,50,50,0,0
758576113,2490378,4259850,2490378,0,0,0.091095984,0.09109605,0.0,0.0,2490378,4325386,2490378,0,0,0.002950597,0.002950597,0.0,0.0,1,1,0,0,50,50,0,0,1,1,0,0,50,50,0,0
758775211,2490378,4259850,2490378,0,0,0.08608532,0.08608534,0.0,0.0,2490378,4325386,2490378,0,0,0.003065856,0.003065856,0.0,0.0,1,1,0,0,50,50,0,0,1,1,0,0,50,50,0,0
758974259,2490378,4259850,2490378,0,0,0.086481206,0.08648126,0.0,0.0,2490378,4325386,2490378,0,0,0.0032543119,0.0032543116,0.0,0.0,1,1,0,0,50,50,0,0,1,1,0,0,50,50,0,0
759173335,2490378,4259850,2490378,0,0,0.09109981,0.09109981,0.0,0.0,2490378,4325386,2490378,0,0,0.0027171988,0.0027171988,0.0,0.0,1,1,0,0,50,50,0,0,1,1,0,0,50,50,0,0
759372414,2490378,4259850,2490378,0,0,0.101703145,0.101703145,0.0,0.0,2490378,4325386,2490378,0,0,0.0033085465,0.0033085465,0.0,0.0,1,1,0,0,50,50,0,0,1,1,0,0,50,50,0,0
759576460,2490378,4259850,2490378,0,0,0.10497789,0.104977876,0.0,0.0,2490378,4325386,2490378,0,0,0.0030091174,0.0030091172,0.0,0.0,1,1,0,0,50,50,0,0,1,1,0,0,50,50,0,0
759775526,2490378,4259850,2490378,0,0,0.10893972,0.108939715,0.0,0.0,2490378,4325386,2490378,0,0,0.0026752695,0.0026752695,0.0,0.0,1,1,0,0,50,50,0,0,1,1,0,0,50,50,0,0
759974624,2490378,4259850,2490378,0,0,0.106107384,0.10610739,0.0,0.0,2490378,4325386,2490378,0,0,0.003353537,0.0033535373,0.0,0.0,1,1,0,0,50,50,0,0,1,1,0,0,50,50,0,0
760173679,2490378,4259850,2490378,0,0,0.114275485,0.1142755,0.0,0.0,2490378,4325386,2490378,0,0,0.0031456084,0.003145608,0.0,0.0,1,1,0,0,50,50,0,0,1,1,0,0,50,50,0,0
760377723,2490378,4259850,2490378,0,0,0.11444807,0.1144481,0.0,0.0,2490378,4325386,2490378,0,0,0.002965156,0.0029651562,0.0,0.0,1,1,0,0,50,50,0,0,1,1,0,0,50,50,0,0
760576795,2490378,4259850,2490378,0,0,0.108489804,0.1084898,0.0,0.0,2490378,4325386,2490378,0,0,0.0028278874,0.0028278874,0.0,0.0,1,1,0,0,50,50,0,0,1,1,0,0,50,50,0,0
760775868,2490378,4259850,2490378,0,0,0.10114002,0.101140045,0.0,0.0,2490378,4325386,2490378,0,0,0.0031361342,0.0031361342,0.0,0.0,1,1,0,0,50,50,0,0,1,1,0,0,50,50,0,0
760974967,2490378,4259850,2490378,0,0,0.10205877,0.10205877,0.0,0.0,2490378,4325386,2490378,0,0,0.003417936,0.0034179364,0.0,0.0,1,1,0,0,50,50,0,0,1,1,0,0,50,50,0,0
761174034,2490378,4259850,2490378,0,0,0.10026168,0.10026168,0.0,0.0,2490378,4325386,2490378,0,0,0.0028916062,0.0028916064,0.0,0.0,1,1,0,0,50,50,0,0,1,1,0,0,50,50,0,0
761378064,2490378,4259850,2490378,0,0,0.095544726,0.09554471,0.0,0.0,2490378,4325386,2490378,0,0,0.002864577,0.002864577,0.0,0.0,1,1,0,0,50,50,0,0,1,1,0,0,50,50,0,0
761577310,2490378,4259850,2490378,0,0,0.10166513,0.10166512,0.0,0.0,2490378,4325386,2490378,0,0,0.003298523,0.003298523,0.0,0.0,1,1,0,0,50,50,0,0,1,1,0,0,50,50,0,0
761776208,2490378,4259850,2490378,0,0,0.094492316,0.0944923,0.0,0.0,2490378,4325386,2490378,0,0,0.0029222514,0.0029222511,0.0,0.0,1,1,0,0,50,50,0,0,1,1,0,0,50,50,0,0
761975280,2490378,4259850,2490378,0,0,0.09736758,0.09736759,0.0,0.0,2490378,4325386,2490378,0,0,0.0029244195,0.0029244195,0.0,0.0,1,1,0,0,50,50,0,0,1,1,0,0,50,50,0,0
762174382,2490378,4259850,2490378,0,0,0.09302719,0.0930272,0.0,0.0,2490378,4325386,2490378,0,0,0.0030644967,0.0030644967,0.0,0.0,1,1,0,0,50,50,0,0,1,1,0,0,50,50,0,0
762373427,2490378,4259850,2490378,0,0,0.10326044,0.10326042,0.0,0.0,2490378,4325386,2490378,0,0,0.0036535156,0.0036535158,0.0,0.0,1,1,0,0,50,50,0,0,1,1,0,0,50,50,0,0
762572501,2490378,4259850,2490378,0,0,0.10785164,0.10785164,0.0,0.0,2490378,4325386,2490378,0,0,0.0030639998,0.0030639998,0.0,0.0,1,1,0,0,50,50,0,0,1,1,0,0,50,50,0,0
762776547,2490378,4259850,2490378,0,0,0.097582296,0.0975823,0.0,0.0,2490378,4325386,2490378,0,0,0.003155528,0.0031555279,0.0,0.0,1,1,0,0,50,50,0,0,1,1,0,0,50,50,0,0
762975623,2490378,4259850,2490378,0,0,0.10092783,0.10092784,0.0,0.0,2490378,4325386,2490378,0,0,0.0031776633,0.0031776633,0.0,0.0,1,1,0,0,50,50,0,0,1,1,0,0,50,50,0,0
763174694,2490378,4259850,2490378,0,0,0.098585725,0.09858573,0.0,0.0,2490378,4325386,2490378,0,0,0.0029438194,0.0029438196,0.0,0.0,1,1,0,0,50,50,0,0,1,1,0,0,50,50,0,0
763373764,2490378,4259850,2490378,0,0,0.09524631,0.09524631,0.0,0.0,2490378,4325386,2490378,0,0,0.0034433461,0.0034433461,0.0,0.0,1,1,0,0,50,50,0,0,1,1,0,0,50,50,0,0
763572839,2490378,4259850,2490378,0,0,0.100824594,0.10082458,0.0,0.0,2490378,4325386,2490378,0,0,0.0031177872,0.0031177867,0.0,0.0,1,1,0,0,50,50,0,0,1,1,0,0,50,50,0,0
763776947,2490378,4259850,2490378,0,0,0.09366388,0.09366388,0.0,0.0,2490378,4325386,2490378,0,0,0.0028514352,0.0028514352,0.0,0.0,1,1,0,0,50,50,0,0,1,1,0,0,50,50,0,0
763975960,2490378,4259850,2490378,0,0,0.09518869,0.09518869,0.0,0.0,2490378,4325386,2490378,0,0,0.0029330654,0.0029330654,0.0,0.0,1,1,0,0,50,50,0,0,1,1,0,0,50,50,0,0
764175029,2490378,4259850,2490378,0,0,0.09278713,0.09278712,0.0,0.0,2490378,4325386,2490378,0,0,0.0032837382,0.0032837384,0.0,0.0,1,1,0,0,50,50,0,0,1,1,0,0,50,50,0,0
764374101,2490378,4259850,2490378,0,0,0.09092303,0.09092303,0.0,0.0,2490378,4325386,2490378,0,0,0.0027743771,0.0027743771,0.0,0.0,1,1,0,0,50,50,0,0,1,1,0,0,50,50,0,0
764573174,2490378,4259850,2490378,0,0,0.094338685,0.094338715,0.0,0.0,2490378,4325386,2490378,0,0,0.002633376,0.0026333756,0.0,0.0,1,1,0,0,50,50,0,0,1,1,0,0,50,50,0,0
764777224,2490378,4259850,2490378,0,0,0.088841476,0.088841505,0.0,0.0,2490378,4325386,2490378,0,0,0.002961651,0.0029616507,0.0,0.0,1,1,0,0,50,50,0,0,1,1,0,0,50,50,0,0
764976325,2490378,4259850,2490378,0,0,0.09502348,0.09502347,0.0,0.0,2490378,4325386,2490378,0,0,0.0020614485,0.0020614485,0.0,0.0,1,1,0,0,50,50,0,0,1,1,0,0,50,50,0,0
765175371,2490378,4259850,2490378,0,0,0.084628575,0.08462858,0.0,0.0,2490378,4325386,2490378,0,0,0.0028314411,0.0028314411,0.0,0.0,1,1,0,0,50,50,0,0,1,1,0,0,50,50,0,0
765374442,2490378,4259850,2490378,0,0,0.098389626,0.0983896,0.0,0.0,2490378,4325386,2490378,0,0,0.0031566483,0.0031566483,0.0,0.0,1,1,0,0,50,50,0,0,1,1,0,0,50,50,0,0
765578490,2490378,4259850,2490378,0,0,0.10223047,0.10223046,0.0,0.0,2490378,4325386,2490378,0,0,0.003059768,0.003059768,0.0,0.0,1,1,0,0,50,50,0,0,1,1,0,0,50,50,0,0
765777566,2490378,4259850,2490378,0,0,0.09789447,0.097894475,0.0,0.0,2490378,4325386,2490378,0,0,0.0031289356,0.0031289356,0.0,0.0,1,1,0,0,50,50,0,0,1,1,0,0,50,50,0,0
765976640,2490378,4259850,2490378,0,0,0.1017932,0.1017932,0.0,0.0,2490378,4325386,2490378,0,0,0.003379494,0.003379494,0.0,0.0,1,1,0,0,50,50,0,0,1,1,0,0,50,50,0,0
766175711,2490378,4259850,2490378,0,0,0.08352383,0.08352386,0.0,0.0,2490378,4325386,2490378,0,0,0.0027774055,0.0027774055,0.0,0.0,1,1,0,0,50,50,0,0,1,1,0,0,50,50,0,0
766374823,2490378,4259850,2490378,0,0,0.08671433,0.08671434,0.0,0.0,2490378,4325386,2490378,0,0,0.003197142,0.003197142,0.0,0.0,1,1,0,0,50,50,0,0,1,1,0,0,50,50,0,0
766573857,2490378,4259850,2490378,0,0,0.09400223,0.09400224,0.0,0.0,2490378,4325386,2490378,0,0,0.0035035263,0.0035035259,0.0,0.0,1,1,0,0,50,50,0,0,1,1,0,0,50,50,0,0
766772929,2490378,4259850,2490378,0,0,0.09287554,0.09287551,0.0,0.0,2490378,4325386,2490378,0,0,0.0030160556,0.0030160556,0.0,0.0,1,1,0,0,50,50,0,0,1,1,0,0,50,50,0,0
766976973,2490378,4259850,2490378,0,0,0.09064239,0.09064241,0.0,0.0,2490378,4325386,2490378,0,0,0.0029144073,0.0029144073,0.0,0.0,1,1,0,0,50,50,0,0,1,1,0,0,50,50,0,0
767176189,2490378,4259850,2490378,0,0,0.08994942,0.089949414,0.0,0.0,2490378,4325386,2490378,0,0,0.002990532,0.0029905322,0.0,0.0,1,1,0,0,50,50,0,0,1,1,0,0,50,50,0,0
767375116,2490378,4259850,2490378,0,0,0.09702457,0.09702459,0.0,0.0,2490378,4325386,2490378,0,0,0.0028049336,0.0028049336,0.0,0.0,1,1,0,0,50,50,0,0,1,1,0,0,50,50,0,0
767574222,2490378,4259850,2490378,0,0,0.099967115,0.09996713,0.0,0.0,2490378,4325386,2490378,0,0,0.0028914046,0.0028914046,0.0,0.0,1,1,0,0,50,50,0,0,1,1,0,0,50,50,0,0
767773306,2490378,4259850,2490378,0,0,0.10371664,0.103716664,0.0,0.0,2490378,4325386,2490378,0,0,0.0034690048,0.0034690048,0.0,0.0,1,1,0,0,50,50,0,0,1,1,0,0,50,50,0,0
767972336,2490378,4259850,2490378,0,0,0.10390526,0.10390525,0.0,0.0,2490378,4325386,2490378,0,0,0.0027477697,0.0027477697,0.0,0.0,1,1,0,0,50,50,0,0,1,1,0,0,50,50,0,0
768171406,2490378,4259850,2490378,0,0,0.102539316,0.10253931,0.0,0.0,2490378,4325386,2490378,0,0,0.002763144,0.002763144,0.0,0.0,1,1,0,0,50,50,0,0,1,1,0,0,50,50,0,0
768375460,2490378,4259850,2490378,0,0,0.10184537,0.101845354,0.0,0.0,2490378,4325386,2490378,0,0,0.0031140803,0.0031140803,0.0,0.0,1,1,0,0,50,50,0,0,1,1,0,0,50,50,0,0
768574526,2490378,4259850,2490378,0,0,0.09998269,0.099982694,0.0,0.0,2490378,4325386,2490378,0,0,0.0029533259,0.0029533256,0.0,0.0,1,1,0,0,50,50,0,0,1,1,0,0,50,50,0,0
768773621,2490378,4259850,2490378,0,0,0.09875439,0.09875439,0.0,0.0,2490378,4325386,2490378,0,0,0.0030376213,0.003037622,0.0,0.0,1,1,0,0,50,50,0,0,1,1,0,0,50,50,0,0
768972673,2490378,4259850,2490378,0,0,0.09453187,0.09453187,0.0,0.0,2490378,4325386,2490378,0,0,0.0032111865,0.0032111865,0.0,0.0,1,1,0,0,50,50,0,0,1,1,0,0,50,50,0,0
769176723,2490378,4259850,2490378,0,0,0.0948103,0.0948103,0.0,0.0,2490378,4325386,2490378,0,0,0.0029545864,0.0029545864,0.0,0.0,1,1,0,0,50,50,0,0,1,1,0,0,50,50,0,0
769375880,2490378,4259850,2490378,0,0,0.09334346,0.09334346,0.0,0.0,2490378,4325386,2490378,0,0,0.0032203319,0.0032203319,0.0,0.0,1,1,0,0,50,50,0,0,1,1,0,0,50,50,0,0
769574861,2490378,4259850,2490378,0,0,0.09811605,0.09811605,0.0,0.0,2490378,4325386,2490378,0,0,0.0027966183,0.0027966183,0.0,0.0,1,1,0,0,50,50,0,0,1,1,0,0,50,50,0,0
769778914,2490378,4259850,2490378,0,0,0.097105525,0.097105525,0.0,0.0,2490378,4325386,2490378,0,0,0.0026790134,0.0026790134,0.0,0.0,1,1,0,0,50,50,0,0,1,1,0,0,50,50,0,0
769978019,2490378,4259850,2490378,0,0,0.10104934,0.101049334,0.0,0.0,2490378,4325386,2490378,0,0,0.0027995422,0.0027995424,0.0,0.0,1,1,0,0,50,50,0,0,1,1,0,0,50,50,0,0
770177056,2490378,4259850,2490378,0,0,0.09496276,0.09496279,0.0,0.0,2490378,4325386,2490378,0,0,0.002752847,0.002752847,0.0,0.0,1,1,0,0,50,50,0,0,1,1,0,0,50,50,0,0
770376126,2490378,4259850,2490378,0,0,0.10031792,0.100317925,0.0,0.0,2490378,4325386,2490378,0,0,0.0026044345,0.0026044345,0.0,0.0,1,1,0,0,50,50,0,0,1,1,0,0,50,50,0,0
770575227,2490378,4259850,2490378,0,0,0.09974161,0.099741615,0.0,0.0,2490378,4325386,2490378,0,0,0.002429352,0.002429352,0.0,0.0,1,1,0,0,50,50,0,0,1,1,0,0,50,50,0,0
770774271,2490378,4259850,2490378,0,0,0.10248169,0.1024817,0.0,0.0,2490378,4325386,2490378,0,0,0.0029605152,0.0029605154,0.0,0.0,1,1,0,0,50,50,0,0,1,1,0,0,50,50,0,0
770973442,2490378,4259850,2490378,0,0,0.10047831,0.1004783,0.0,0.0,2490378,4325386,2490378,0,0,0.0033055197,0.0033055197,0.0,0.0,1,1,0,0,50,50,0,0,1,1,0,0,50,50,0,0
771177424,2490378,4259850,2490378,0,0,0.1013808,0.10138082,0.0,0.0,2490378,4325386,2490378,0,0,0.003331655,0.0033316552,0.0,0.0,1,1,0,0,50,50,0,0,1,1,0,0,50,50,0,0
771376493,2490378,4259850,2490378,0,0,0.098264396,0.09826441,0.0,0.0,2490378,4325386,2490378,0,0,0.0029452716,0.0029452716,0.0,0.0,1,1,0,0,50,50,0,0,1,1,0,0,50,50,0,0
771575537,2490378,4259850,2490378,0,0,0.09947661,0.09947662,0.0,0.0,2490378,4325386,2490378,0,0,0.002695401,0.002695401,0.0,0.0,1,1,0,0,50,50,0,0,1,1,0,0,50,50,0,0
771774607,2490378,4259850,2490378,0,0,0.09829501,0.09829502,0.0,0.0,2490378,4325386,2490378,0,0,0.003643746,0.0036437458,0.0,0.0,1,1,0,0,50,50,0,0,1,1,0,0,50,50,0,0
771973687,2490378,4259850,2490378,0,0,0.09684126,0.096841246,0.0,0.0,2490378,4325386,2490378,0,0,0.0033069209,0.0033069209,0.0,0.0,1,1,0,0,50,50,0,0,1,1,0,0,50,50,0,0
772172749,2490378,4259850,2490378,0,0,0.09711808,0.09711808,0.0,0.0,2490378,4325386,2490378,0,0,0.0026809862,0.0026809862,0.0,0.0,1,1,0,0,50,50,0,0,1,1,0,0,50,50,0,0
772371821,2490378,4259850,2490378,0,0,0.102256574,0.10225657,0.0,0.0,2490378,4325386,2490378,0,0,0.0027772642,0.0027772647,0.0,0.0,1,1,0,0,50,50,0,0,1,1,0,0,50,50,0,0
772575871,2490378,4259850,2490378,0,0,0.10357347,0.10357346,0.0,0.0,2490378,4325386,2490378,0,0,0.0032154657,0.0032154657,0.0,0.0,1,1,0,0,50,50,0,0,1,1,0,0,50,50,0,0
772775185,2490378,4259850,2490378,0,0,0.100225136,0.100225136,0.0,0.0,2490378,4325386,2490378,0,0,0.002712442,0.0027124423,0.0,0.0,1,1,0,0,50,50,0,0,1,1,0,0,50,50,0,0
772974017,2490378,4259850,2490378,0,0,0.09955401,0.09955402,0.0,0.0,2490378,4325386,2490378,0,0,0.0030667407,0.0030667407,0.0,0.0,1,1,0,0,50,50,0,0,1,1,0,0,50,50,0,0
773173084,2490378,4259850,2490378,0,0,0.10302734,0.103027344,0.0,0.0,2490378,4325386,2490378,0,0,0.0029688207,0.0029688207,0.0,0.0,1,1,0,0,50,50,0,0,1,1,0,0,50,50,0,0
773372185,2490378,4259850,2490378,0,0,0.10061171,0.1006117,0.0,0.0,2490378,4325386,2490378,0,0,0.0032865978,0.0032865983,0.0,0.0,1,1,0,0,50,50,0,0,1,1,0,0,50,50,0,0
773576208,2490378,4259850,2490378,0,0,0.098721325,0.09872133,0.0,0.0,2490378,4325386,2490378,0,0,0.0025489945,0.0025489945,0.0,0.0,1,1,0,0,50,50,0,0,1,1,0,0,50,50,0,0
773775340,2490378,4259850,2490378,0,0,0.093271576,0.09327155,0.0,0.0,2490378,4325386,2490378,0,0,0.0025775814,0.0025775814,0.0,0.0,1,1,0,0,50,50,0,0,1,1,0,0,50,50,0,0
773974378,2490378,4259850,2490378,0,0,0.09860571,0.09860571,0.0,0.0,2490378,4325386,2490378,0,0,0.0029517459,0.0029517459,0.0,0.0,1,1,0,0,50,50,0,0,1,1,0,0,50,50,0,0
774178427,2490378,4259850,2490378,0,0,0.09721544,0.09721545,0.0,0.0,2490378,4325386,2490378,0,0,0.003247496,0.0032474962,0.0,0.0,1,1,0,0,50,50,0,0,1,1,0,0,50,50,0,0
774377467,2490378,4259850,2490378,0,0,0.09499351,0.09499353,0.0,0.0,2490378,4325386,2490378,0,0,0.0030220228,0.0030220228,0.0,0.0,1,1,0,0,50,50,0,0,1,1,0,0,50,50,0,0
774576544,2490378,4259850,2490378,0,0,0.097263925,0.097263925,0.0,0.0,2490378,4325386,2490378,0,0,0.0025463249,0.0025463249,0.0,0.0,1,1,0,0,50,50,0,0,1,1,0,0,50,50,0,0
774775615,2490378,4259850,2490378,0,0,0.1027869,0.10278689,0.0,0.0,2490378,4325386,2490378,0,0,0.002376535,0.0023765347,0.0,0.0,1,1,0,0,50,50,0,0,1,1,0,0,50,50,0,0
774974741,2490378,4259850,2490378,0,0,0.10446613,0.10446614,0.0,0.0,2490378,4325386,2490378,0,0,0.0030022836,0.0030022834,0.0,0.0,1,1,0,0,50,50,0,0,1,1,0,0,50,50,0,0
775173755,2490378,4259850,2490378,0,0,0.10108712,0.10108712,0.0,0.0,2490378,4325386,2490378,0,0,0.0031373852,0.0031373852,0.0,0.0,1,1,0,0,50,50,0,0,1,1,0,0,50,50,0,0
775377803,2490378,4259850,2490378,0,0,0.09949461,0.09949462,0.0,0.0,2490378,4325386,2490378,0,0,0.002717979,0.002717979,0.0,0.0,1,1,0,0,50,50,0,0,1,1,0,0,50,50,0,0
775576903,2490378,4259850,2490378,0,0,0.10380988,0.103809886,0.0,0.0,2490378,4325386,2490378,0,0,0.0025864963,0.0025864965,0.0,0.0,1,1,0,0,50,50,0,0,1,1,0,0,50,50,0,0
775775948,2490378,4259850,2490378,0,0,0.10225576,0.10225577,0.0,0.0,2490378,4325386,2490378,0,0,0.0026004552,0.0026004554,0.0,0.0,1,1,0,0,50,50,0,0,1,1,0,0,50,50,0,0
775975020,2490378,4259850,2490378,0,0,0.09629023,0.096290216,0.0,0.0,2490378,4325386,2490378,0,0,0.0031086195,0.0031086195,0.0,0.0,1,1,0,0,50,50,0,0,1,1,0,0,50,50,0,0
776174136,2490378,4259850,2490378,0,0,0.088632986,0.088633,0.0,0.0,2490378,4325386,2490378,0,0,0.0026940585,0.0026940587,0.0,0.0,1,1,0,0,50,50,0,0,1,1,0,0,50,50,0,0
776373158,2490378,4259850,2490378,0,0,0.09432384,0.09432386,0.0,0.0,2490378,4325386,2490378,0,0,0.0030954264,0.0030954266,0.0,0.0,1,1,0,0,50,50,0,0,1,1,0,0,50,50,0,0
776572229,2490378,4259850,2490378,0,0,0.09876924,0.098769225,0.0,0.0,2490378,4325386,2490378,0,0,0.003053634,0.003053634,0.0,0.0,1,1,0,0,50,50,0,0,1,1,0,0,50,50,0,0
776776277,2490378,4259850,2490378,0,0,0.09760787,0.09760788,0.0,0.0,2490378,4325386,2490378,0,0,0.0032245205,0.0032245205,0.0,0.0,1,1,0,0,50,50,0,0,1,1,0,0,50,50,0,0
776975353,2490378,4259850,2490378,0,0,0.10240403,0.102404036,0.0,0.0,2490378,4325386,2490378,0,0,0.003267432,0.0032674323,0.0,0.0,1,1,0,0,50,50,0,0,1,1,0,0,50,50,0,0
777174470,2490378,4259850,2490378,0,0,0.10460418,0.10460419,0.0,0.0,2490378,4325386,2490378,0,0,0.0034027179,0.0034027179,0.0,0.0,1,1,0,0,50,50,0,0,1,1,0,0,50,50,0,0
777373498,2490378,4259850,2490378,0,0,0.106301375,0.106301375,0.0,0.0,2490378,4325386,2490378,0,0,0.003010576,0.0030105757,0.0,0.0,1,1,0,0,50,50,0,0,1,1,0,0,50,50,0,0
777572592,2490378,4259850,2490378,0,0,0.10542709,0.105427116,0.0,0.0,2490378,4325386,2490378,0,0,0.0029753563,0.0029753565,0.0,0.0,1,1,0,0,50,50,0,0,1,1,0,0,50,50,0,0
777771637,2490378,4259850,2490378,0,0,0.10057283,0.10057283,0.0,0.0,2490378,4325386,2490378,0,0,0.0029407875,0.002940788,0.0,0.0,1,1,0,0,50,50,0,0,1,1,0,0,50,50,0,0
777975688,2490378,4259850,2490378,0,0,0.10068042,0.10068044,0.0,0.0,2490378,4325386,2490378,0,0,0.0028638274,0.0028638274,0.0,0.0,1,1,0,0,50,50,0,0,1,1,0,0,50,50,0,0
778174757,2490378,4259850,2490378,0,0,0.09685878,0.09685876,0.0,0.0,2490378,4325386,2490378,0,0,0.00354722,0.00354722,0.0,0.0,1,1,0,0,50,50,0,0,1,1,0,0,50,50,0,0
778373856,2490378,4259850,2490378,0,0,0.09668561,0.0966856,0.0,0.0,2490378,4325386,2490378,0,0,0.0027956406,0.0027956406,0.0,0.0,1,1,0,0,50,50,0,0,1,1,0,0,50,50,0,0
778577872,2490378,4259850,2490378,0,0,0.093693696,0.09369372,0.0,0.0,2490378,4325386,2490378,0,0,0.0029242218,0.0029242218,0.0,0.0,1,1,0,0,50,50,0,0,1,1,0,0,50,50,0,0
778776943,2490378,4259850,2490378,0,0,0.09545535,0.095455356,0.0,0.0,2490378,4325386,2490378,0,0,0.0033599488,0.0033599483,0.0,0.0,1,1,0,0,50,50,0,0,1,1,0,0,50,50,0,0
778976066,2490378,4259850,2490378,0,0,0.09993005,0.09993005,0.0,0.0,2490378,4325386,2490378,0,0,0.002768554,0.002768554,0.0,0.0,1,1,0,0,50,50,0,0,1,1,0,0,50,50,0,0
779175116,2490378,4259850,2490378,0,0,0.10020544,0.10020543,0.0,0.0,2490378,4325386,2490378,0,0,0.0029833477,0.0029833477,0.0,0.0,1,1,0,0,50,50,0,0,1,1,0,0,50,50,0,0
779374187,2490378,4259850,2490378,0,0,0.09448261,0.09448262,0.0,0.0,2490378,4325386,2490378,0,0,0.0032438072,0.0032438077,0.0,0.0,1,1,0,0,50,50,0,0,1,1,0,0,50,50,0,0
779578228,2490378,4259850,2490378,0,0,0.10177549,0.1017755,0.0,0.0,2490378,4325386,2490378,0,0,0.0031740123,0.0031740128,0.0,0.0,1,1,0,0,50,50,0,0,1,1,0,0,50,50,0,0
779777274,2490378,4259850,2490378,0,0,0.100414604,0.10041463,0.0,0.0,2490378,4325386,2490378,0,0,0.0028063804,0.0028063804,0.0,0.0,1,1,0,0,50,50,0,0,1,1,0,0,50,50,0,0
779976353,2490378,4259850,2490378,0,0,0.102624,0.10262402,0.0,0.0,2490378,4325386,2490378,0,0,0.0029632626,0.0029632626,0.0,0.0,1,1,0,0,50,50,0,0,1,1,0,0,50,50,0,0
780175422,2490378,4259850,2490378,0,0,0.10133739,0.10133737,0.0,0.0,2490378,4325386,2490378,0,0,0.0026508423,0.0026508423,0.0,0.0,1,1,0,0,50,50,0,0,1,1,0,0,50,50,0,0
780374493,2490378,4259850,2490378,0,0,0.09988036,0.09988035,0.0,0.0,2490378,4325386,2490378,0,0,0.00308247,0.00308247,0.0,0.0,1,1,0,0,50,50,0,0,1,1,0,0,50,50,0,0
780573672,2490378,4259850,2490378,0,0,0.10321074,0.10321075,0.0,0.0,2490378,4325386,2490378,0,0,0.0028574103,0.00285741,0.0,0.0,1,1,0,0,50,50,0,0,1,1,0,0,50,50,0,0
780772636,2490378,4259850,2490378,0,0,0.09861886,0.09861884,0.0,0.0,2490378,4325386,2490378,0,0,0.0024324192,0.002432419,0.0,0.0,1,1,0,0,50,50,0,0,1,1,0,0,50,50,0,0
780976683,2490378,4259850,2490378,0,0,0.09728948,0.09728951,0.0,0.0,2490378,4325386,2490378,0,0,0.0028622427,0.0028622425,0.0,0.0,1,1,0,0,50,50,0,0,1,1,0,0,50,50,0,0
781175781,2490378,4259850,2490378,0,0,0.09720479,0.0972048,0.0,0.0,2490378,4325386,2490378,0,0,0.0030955009,0.0030955009,0.0,0.0,1,1,0,0,50,50,0,0,1,1,0,0,50,50,0,0
781374823,2490378,4259850,2490378,0,0,0.10419905,0.104199074,0.0,0.0,2490378,4325386,2490378,0,0,0.0028387283,0.0028387283,0.0,0.0,1,1,0,0,50,50,0,0,1,1,0,0,50,50,0,0
781573893,2490378,4259850,2490378,0,0,0.101226695,0.1012267,0.0,0.0,2490378,4325386,2490378,0,0,0.0031650632,0.0031650625,0.0,0.0,1,1,0,0,50,50,0,0,1,1,0,0,50,50,0,0
781772965,2490378,4259850,2490378,0,0,0.101722226,0.10172224,0.0,0.0,2490378,4325386,2490378,0,0,0.0030393088,0.0030393088,0.0,0.0,1,1,0,0,50,50,0,0,1,1,0,0,50,50,0,0
781972065,2490378,4259850,2490378,0,0,0.10293194,0.10293195,0.0,0.0,2490378,4325386,2490378,0,0,0.0031421983,0.0031421983,0.0,0.0,1,1,0,0,50,50,0,0,1,1,0,0,50,50,0,0
782171106,2490378,4259850,2490378,0,0,0.10233937,0.10233938,0.0,0.0,2490378,4325386,2490378,0,0,0.0030380143,0.0030380143,0.0,0.0,1,1,0,0,50,50,0,0,1,1,0,0,50,50,0,0
782375156,2490378,4259850,2490378,0,0,0.10317933,0.103179336,0.0,0.0,2490378,4325386,2490378,0,0,0.0030935481,0.003093548,0.0,0.0,1,1,0,0,50,50,0,0,1,1,0,0,50,50,0,0
782574226,2490378,4259850,2490378,0,0,0.09912871,0.099128745,0.0,0.0,2490378,4325386,2490378,0,0,0.0026927907,0.0026927907,0.0,0.0,1,1,0,0,50,50,0,0,1,1,0,0,50,50,0,0
782773299,2490378,4259850,2490378,0,0,0.09909776,0.099097766,0.0,0.0,2490378,4325386,2490378,0,0,0.003059975,0.003059975,0.0,0.0,1,1,0,0,50,50,0,0,1,1,0,0,50,50,0,0
782977342,2490378,4259850,2490378,0,0,0.09930216,0.09930216,0.0,0.0,2490378,4325386,2490378,0,0,0.0029752972,0.0029752972,0.0,0.0,1,1,0,0,50,50,0,0,1,1,0,0,50,50,0,0
783176422,2490378,4259850,2490378,0,0,0.101310894,0.101310894,0.0,0.0,2490378,4325386,2490378,0,0,0.0028465004,0.0028465004,0.0,0.0,1,1,0,0,50,50,0,0,1,1,0,0,50,50,0,0
783375484,2490378,4259850,2490378,0,0,0.102227174,0.10222719,0.0,0.0,2490378,4325386,2490378,0,0,0.003268043,0.003268043,0.0,0.0,1,1,0,0,50,50,0,0,1,1,0,0,50,50,0,0
783574556,2490378,4259850,2490378,0,0,0.102807745,0.10280774,0.0,0.0,2490378,4325386,2490378,0,0,0.0033937618,0.0033937618,0.0,0.0,1,1,0,0,50,50,0,0,1,1,0,0,50,50,0,0
783778604,2490378,4259850,2490378,0,0,0.09819169,0.098191716,0.0,0.0,2490378,4325386,2490378,0,0,0.0027263928,0.0027263928,0.0,0.0,1,1,0,0,50,50,0,0,1,1,0,0,50,50,0,0
783977692,2490378,4259850,2490378,0,0,0.10106203,0.10106205,0.0,0.0,2490378,4325386,2490378,0,0,0.0034075184,0.0034075181,0.0,0.0,1,1,0,0,50,50,0,0,1,1,0,0,50,50,0,0
784176746,2490378,4259850,2490378,0,0,0.10250073,0.10250072,0.0,0.0,2490378,4325386,2490378,0,0,0.0031549686,0.0031549686,0.0,0.0,1,1,0,0,50,50,0,0,1,1,0,0,50,50,0,0
784375814,2490378,4259850,2490378,0,0,0.102467656,0.10246766,0.0,0.0,2490378,4325386,2490378,0,0,0.0027522987,0.0027522985,0.0,0.0,1,1,0,0,50,50,0,0,1,1,0,0,50,50,0,0
784574890,2490378,4259850,2490378,0,0,0.099308446,0.09930845,0.0,0.0,2490378,4325386,2490378,0,0,0.0025893014,0.0025893014,0.0,0.0,1,1,0,0,50,50,0,0,1,1,0,0,50,50,0,0
784773962,2490378,4259850,2490378,0,0,0.09744747,0.0974475,0.0,0.0,2490378,4325386,2490378,0,0,0.0026696012,0.0026696012,0.0,0.0,1,1,0,0,50,50,0,0,1,1,0,0,50,50,0,0
784973030,2490378,4259850,2490378,0,0,0.098823346,0.09882336,0.0,0.0,2490378,4325386,2490378,0,0,0.003016139,0.003016139,0.0,0.0,1,1,0,0,50,50,0,0,1,1,0,0,50,50,0,0
785177080,2490378,4259850,2490378,0,0,0.09864377,0.09864375,0.0,0.0,2490378,4325386,2490378,0,0,0.0033683893,0.0033683893,0.0,0.0,1,1,0,0,50,50,0,0,1,1,0,0,50,50,0,0
785376157,2490378,4259850,2490378,0,0,0.102308474,0.10230845,0.0,0.0,2490378,4325386,2490378,0,0,0.0028172222,0.0028172222,0.0,0.0,1,1,0,0,50,50,0,0,1,1,0,0,50,50,0,0
785575216,2490378,4259850,2490378,0,0,0.100822166,0.100822166,0.0,0.0,2490378,4325386,2490378,0,0,0.00282866,0.0028286602,0.0,0.0,1,1,0,0,50,50,0,0,1,1,0,0,50,50,0,0
785774289,2490378,4259850,2490378,0,0,0.09976905,0.09976904,0.0,0.0,2490378,4325386,2490378,0,0,0.0031207504,0.0031207504,0.0,0.0,1,1,0,0,50,50,0,0,1,1,0,0,50,50,0,0
785973357,2490378,4259850,2490378,0,0,0.099824734,0.09982471,0.0,0.0,2490378,4325386,2490378,0,0,0.0029076058,0.002907606,0.0,0.0,1,1,0,0,50,50,0,0,1,1,0,0,50,50,0,0
786172580,2490378,4259850,2490378,0,0,0.10182054,0.10182053,0.0,0.0,2490378,4325386,2490378,0,0,0.002709202,0.002709202,0.0,0.0,1,1,0,0,50,50,0,0,1,1,0,0,50,50,0,0
786371515,2490378,4259850,2490378,0,0,0.10354509,0.10354513,0.0,0.0,2490378,4325386,2490378,0,0,0.0026314855,0.0026314855,0.0,0.0,1,1,0,0,50,50,0,0,1,1,0,0,50,50,0,0
786575580,2490378,4259850,2490378,0,0,0.09853175,0.098531775,0.0,0.0,2490378,4325386,2490378,0,0,0.002556867,0.002556867,0.0,0.0,1,1,0,0,50,50,0,0,1,1,0,0,50,50,0,0
786774651,2490378,4259850,2490378,0,0,0.10029849,0.10029853,0.0,0.0,2490378,4325386,2490378,0,0,0.0031622797,0.0031622793,0.0,0.0,1,1,0,0,50,50,0,0,1,1,0,0,50,50,0,0
786973700,2490378,4259850,2490378,0,0,0.10424333,0.10424332,0.0,0.0,2490378,4325386,2490378,0,0,0.0029471212,0.002947121,0.0,0.0,1,1,0,0,50,50,0,0,1,1,0,0,50,50,0,0
787172759,2490378,4259850,2490378,0,0,0.105583265,0.10558328,0.0,0.0,2490378,4325386,2490378,0,0,0.0028692936,0.0028692936,0.0,0.0,1,1,0,0,50,50,0,0,1,1,0,0,50,50,0,0
787376810,2490378,4259850,2490378,0,0,0.101221964,0.101221964,0.0,0.0,2490378,4325386,2490378,0,0,0.0031998744,0.0031998744,0.0,0.0,1,1,0,0,50,50,0,0,1,1,0,0,50,50,0,0
787575883,2490378,4259850,2490378,0,0,0.09953705,0.09953705,0.0,0.0,2490378,4325386,2490378,0,0,0.0033910007,0.003391001,0.0,0.0,1,1,0,0,50,50,0,0,1,1,0,0,50,50,0,0
787774949,2490378,4259850,2490378,0,0,0.10007221,0.10007219,0.0,0.0,2490378,4325386,2490378,0,0,0.0033580603,0.00335806,0.0,0.0,1,1,0,0,50,50,0,0,1,1,0,0,50,50,0,0
787979005,2490378,4259850,2490378,0,0,0.10372747,0.10372742,0.0,0.0,2490378,4325386,2490378,0,0,0.0031638492,0.003163849,0.0,0.0,1,1,0,0,50,50,0,0,1,1,0,0,50,50,0,0
788178066,2490378,4259850,2490378,0,0,0.09864368,0.098643705,0.0,0.0,2490378,4325386,2490378,0,0,0.0030652427,0.0030652427,0.0,0.0,1,1,0,0,50,50,0,0,1,1,0,0,50,50,0,0
788377134,2490378,4259850,2490378,0,0,0.10003839,0.10003841,0.0,0.0,2490378,4325386,2490378,0,0,0.0033463845,0.0033463845,0.0,0.0,1,1,0,0,50,50,0,0,1,1,0,0,50,50,0,0
788576206,2490378,4259850,2490378,0,0,0.10485926,0.10485927,0.0,0.0,2490378,4325386,2490378,0,0,0.0033819836,0.0033819836,0.0,0.0,1,1,0,0,50,50,0,0,1,1,0,0,50,50,0,0
788775331,2490378,4259850,2490378,0,0,0.100471586,0.10047161,0.0,0.0,2490378,4325386,2490378,0,0,0.0031796298,0.0031796298,0.0,0.0,1,1,0,0,50,50,0,0,1,1,0,0,50,50,0,0
788974465,2490378,4259850,2490378,0,0,0.098767035,0.09876705,0.0,0.0,2490378,4325386,2490378,0,0,0.0026409857,0.0026409854,0.0,0.0,1,1,0,0,50,50,0,0,1,1,0,0,50,50,0,0
789173425,2490378,4259850,2490378,0,0,0.10410751,0.1041075,0.0,0.0,2490378,4325386,2490378,0,0,0.0027247197,0.0027247197,0.0,0.0,1,1,0,0,50,50,0,0,1,1,0,0,50,50,0,0
789377464,2490378,4259850,2490378,0,0,0.10022135,0.10022134,0.0,0.0,2490378,4325386,2490378,0,0,0.0024708614,0.0024708614,0.0,0.0,1,1,0,0,50,50,0,0,1,1,0,0,50,50,0,0
789576566,2490378,4259850,2490378,0,0,0.10319827,0.10319826,0.0,0.0,2490378,4325386,2490378,0,0,0.0025458145,0.0025458145,0.0,0.0,1,1,0,0,50,50,0,0,1,1,0,0,50,50,0,0
789775607,2490378,4259850,2490378,0,0,0.09221062,0.09221066,0.0,0.0,2490378,4325386,2490378,0,0,0.0029972575,0.0029972575,0.0,0.0,1,1,0,0,50,50,0,0,1,1,0,0,50,50,0,0
789974679,2490378,4259850,2490378,0,0,0.096797384,0.09679737,0.0,0.0,2490378,4325386,2490378,0,0,0.002454844,0.002454844,0.0,0.0,1,1,0,0,50,50,0,0,1,1,0,0,50,50,0,0
790173749,2490378,4259850,2490378,0,0,0.09346245,0.09346243,0.0,0.0,2490378,4325386,2490378,0,0,0.0023692115,0.0023692115,0.0,0.0,1,1,0,0,50,50,0,0,1,1,0,0,50,50,0,0
790372850,2490378,4259850,2490378,0,0,0.08367342,0.08367337,0.0,0.0,2490378,4325386,2490378,0,0,0.0032570488,0.003257049,0.0,0.0,1,1,0,0,50,50,0,0,1,1,0,0,50,50,0,0
790571889,2490378,4259850,2490378,0,0,0.097849615,0.09784958,0.0,0.0,2490378,4325386,2490378,0,0,0.0027330415,0.0027330413,0.0,0.0,1,1,0,0,50,50,0,0,1,1,0,0,50,50,0,0
790775935,2490378,4259850,2490378,0,0,0.09507338,0.09507338,0.0,0.0,2490378,4325386,2490378,0,0,0.0030834682,0.003083468,0.0,0.0,1,1,0,0,50,50,0,0,1,1,0,0,50,50,0,0
790975006,2490378,4259850,2490378,0,0,0.087599754,0.08759977,0.0,0.0,2490378,4325386,2490378,0,0,0.0030954538,0.0030954538,0.0,0.0,1,1,0,0,50,50,0,0,1,1,0,0,50,50,0,0
791174073,2490378,4259850,2490378,0,0,0.07716869,0.07716867,0.0,0.0,2490378,4325386,2490378,0,0,0.0030076813,0.0030076813,0.0,0.0,1,1,0,0,50,50,0,0,1,1,0,0,50,50,0,0
791373146,2490378,4259850,2490378,0,0,0.09543306,0.09543307,0.0,0.0,2490378,4325386,2490378,0,0,0.0030245148,0.0030245148,0.0,0.0,1,1,0,0,50,50,0,0,1,1,0,0,50,50,0,0
791572216,2490378,4259850,2490378,0,0,0.10414224,0.104142256,0.0,0.0,2490378,4325386,2490378,0,0,0.003380379,0.003380379,0.0,0.0,1,1,0,0,50,50,0,0,1,1,0,0,50,50,0,0
791776297,2490378,4259850,2490378,0,0,0.10490835,0.104908325,0.0,0.0,2490378,4325386,2490378,0,0,0.0023865371,0.0023865371,0.0,0.0,1,1,0,0,50,50,0,0,1,1,0,0,50,50,0,0
791975338,2490378,4259850,2490378,0,0,0.10060627,0.10060628,0.0,0.0,2490378,4325386,2490378,0,0,0.0034301658,0.0034301658,0.0,0.0,1,1,0,0,50,50,0,0,1,1,0,0,50,50,0,0
792174401,2490378,4259850,2490378,0,0,0.099419,0.099419005,0.0,0.0,2490378,4325386,2490378,0,0,0.0026742374,0.0026742374,0.0,0.0,1,1,0,0,50,50,0,0,1,1,0,0,50,50,0,0
792378473,2490378,4259850,2490378,0,0,0.09812979,0.09812979,0.0,0.0,2490378,4325386,2490378,0,0,0.0026481454,0.0026481457,0.0,0.0,1,1,0,0,50,50,0,0,1,1,0,0,50,50,0,0
792577543,2490378,4259850,2490378,0,0,0.101853855,0.10185384,0.0,0.0,2490378,4325386,2490378,0,0,0.002736233,0.002736233,0.0,0.0,1,1,0,0,50,50,0,0,1,1,0,0,50,50,0,0
792776594,2490378,4259850,2490378,0,0,0.09802263,0.098022655,0.0,0.0,2490378,4325386,2490378,0,0,0.0027970965,0.0027970965,0.0,0.0,1,1,0,0,50,50,0,0,1,1,0,0,50,50,0,0
792975665,2490378,4259850,2490378,0,0,0.09486891,0.09486891,0.0,0.0,2490378,4325386,2490378,0,0,0.0031368549,0.0031368549,0.0,0.0,1,1,0,0,50,50,0,0,1,1,0,0,50,50,0,0
793174736,2490378,4259850,2490378,0,0,0.094192505,0.094192505,0.0,0.0,2490378,4325386,2490378,0,0,0.0026717596,0.0026717596,0.0,0.0,1,1,0,0,50,50,0,0,1,1,0,0,50,50,0,0
793373801,2490378,4259850,2490378,0,0,0.100324795,0.10032481,0.0,0.0,2490378,4325386,2490378,0,0,0.0028337298,0.0028337298,0.0,0.0,1,1,0,0,50,50,0,0,1,1,0,0,50,50,0,0
793577850,2490378,4259850,2490378,0,0,0.10268351,0.102683514,0.0,0.0,2490378,4325386,2490378,0,0,0.002910555,0.002910555,0.0,0.0,1,1,0,0,50,50,0,0,1,1,0,0,50,50,0,0
793776916,2490378,4259850,2490378,0,0,0.10152894,0.101528965,0.0,0.0,2490378,4325386,2490378,0,0,0.0031602636,0.0031602636,0.0,0.0,1,1,0,0,50,50,0,0,1,1,0,0,50,50,0,0
793975993,2490378,4259850,2490378,0,0,0.10221586,0.10221584,0.0,0.0,2490378,4325386,2490378,0,0,0.0031409687,0.0031409687,0.0,0.0,1,1,0,0,50,50,0,0,1,1,0,0,50,50,0,0
794175061,2490378,4259850,2490378,0,0,0.106798925,0.10679895,0.0,0.0,2490378,4325386,2490378,0,0,0.0029065192,0.0029065192,0.0,0.0,1,1,0,0,50,50,0,0,1,1,0,0,50,50,0,0
794374129,2490378,4259850,2490378,0,0,0.106645375,0.10664537,0.0,0.0,2490378,4325386,2490378,0,0,0.0031403836,0.0031403836,0.0,0.0,1,1,0,0,50,50,0,0,1,1,0,0,50,50,0,0
794573245,2490378,4259850,2490378,0,0,0.10173134,0.10173134,0.0,0.0,2490378,4325386,2490378,0,0,0.0033931518,0.0033931518,0.0,0.0,1,1,0,0,50,50,0,0,1,1,0,0,50,50,0,0
794772270,2490378,4259850,2490378,0,0,0.0999608,0.0999608,0.0,0.0,2490378,4325386,2490378,0,0,0.003381237,0.0033812367,0.0,0.0,1,1,0,0,50,50,0,0,1,1,0,0,50,50,0,0
794976315,2490378,4259850,2490378,0,0,0.09346893,0.093468934,0.0,0.0,2490378,4325386,2490378,0,0,0.0027173199,0.00271732,0.0,0.0,1,1,0,0,50,50,0,0,1,1,0,0,50,50,0,0
795175389,2490378,4259850,2490378,0,0,0.098373435,0.09837343,0.0,0.0,2490378,4325386,2490378,0,0,0.0031226466,0.0031226468,0.0,0.0,1,1,0,0,50,50,0,0,1,1,0,0,50,50,0,0
795374458,2490378,4259850,2490378,0,0,0.09952087,0.09952087,0.0,0.0,2490378,4325386,2490378,0,0,0.0035254597,0.0035254597,0.0,0.0,1,1,0,0,50,50,0,0,1,1,0,0,50,50,0,0
795573526,2490378,4259850,2490378,0,0,0.09848468,0.09848471,0.0,0.0,2490378,4325386,2490378,0,0,0.003271869,0.0032718694,0.0,0.0,1,1,0,0,50,50,0,0,1,1,0,0,50,50,0,0
795772595,2490378,4259850,2490378,0,0,0.09724518,0.09724515,0.0,0.0,2490378,4325386,2490378,0,0,0.0027613547,0.002761355,0.0,0.0,1,1,0,0,50,50,0,0,1,1,0,0,50,50,0,0
795971670,2490378,4259850,2490378,0,0,0.101784594,0.101784594,0.0,0.0,2490378,4325386,2490378,0,0,0.0029550341,0.0029550341,0.0,0.0,1,1,0,0,50,50,0,0,1,1,0,0,50,50,0,0
796175719,2490378,4259850,2490378,0,0,0.10256027,0.102560274,0.0,0.0,2490378,4325386,2490378,0,0,0.0026698294,0.0026698292,0.0,0.0,1,1,0,0,50,50,0,0,1,1,0,0,50,50,0,0
796374781,2490378,4259850,2490378,0,0,0.101333156,0.101333134,0.0,0.0,2490378,4325386,2490378,0,0,0.002583073,0.002583073,0.0,0.0,1,1,0,0,50,50,0,0,1,1,0,0,50,50,0,0
796573856,2490378,4259850,2490378,0,0,0.10187211,0.10187211,0.0,0.0,2490378,4325386,2490378,0,0,0.0027662606,0.0027662609,0.0,0.0,1,1,0,0,50,50,0,0,1,1,0,0,50,50,0,0
796777970,2490378,4259850,2490378,0,0,0.10125862,0.10125865,0.0,0.0,2490378,4325386,2490378,0,0,0.0028985704,0.0028985704,0.0,0.0,1,1,0,0,50,50,0,0,1,1,0,0,50,50,0,0
796977001,2490378,4259850,2490378,0,0,0.10285629,0.10285627,0.0,0.0,2490378,4325386,2490378,0,0,0.0023057803,0.0023057803,0.0,0.0,1,1,0,0,50,50,0,0,1,1,0,0,50,50,0,0
797176041,2490378,4259850,2490378,0,0,0.10177628,0.10177627,0.0,0.0,2490378,4325386,2490378,0,0,0.0027751205,0.0027751205,0.0,0.0,1,1,0,0,50,50,0,0,1,1,0,0,50,50,0,0
797375139,2490378,4259850,2490378,0,0,0.09885423,0.098854244,0.0,0.0,2490378,4325386,2490378,0,0,0.003054666,0.003054666,0.0,0.0,1,1,0,0,50,50,0,0,1,1,0,0,50,50,0,0
797574178,2490378,4259850,2490378,0,0,0.1005267,0.100526705,0.0,0.0,2490378,4325386,2490378,0,0,0.0030636801,0.0030636801,0.0,0.0,1,1,0,0,50,50,0,0,1,1,0,0,50,50,0,0
797778243,2490378,4259850,2490378,0,0,0.100916624,0.100916624,0.0,0.0,2490378,4325386,2490378,0,0,0.0030599746,0.0030599746,0.0,0.0,1,1,0,0,50,50,0,0,1,1,0,0,50,50,0,0
797977292,2490378,4259850,2490378,0,0,0.100263774,0.10026379,0.0,0.0,2490378,4325386,2490378,0,0,0.0025907487,0.0025907487,0.0,0.0,1,1,0,0,50,50,0,0,1,1,0,0,50,50,0,0
798176367,2490378,4259850,2490378,0,0,0.099916905,0.09991688,0.0,0.0,2490378,4325386,2490378,0,0,0.002839902,0.0028399024,0.0,0.0,1,1,0,0,50,50,0,0,1,1,0,0,50,50,0,0
798375444,2490378,4259850,2490378,0,0,0.09959034,0.09959033,0.0,0.0,2490378,4325386,2490378,0,0,0.0026545275,0.0026545275,0.0,0.0,1,1,0,0,50,50,0,0,1,1,0,0,50,50,0,0
798574528,2490378,4259850,2490378,0,0,0.09972429,0.0997243,0.0,0.0,2490378,4325386,2490378,0,0,0.0026516567,0.0026516567,0.0,0.0,1,1,0,0,50,50,0,0,1,1,0,0,50,50,0,0
798773576,2490378,4259850,2490378,0,0,0.102335885,0.10233584,0.0,0.0,2490378,4325386,2490378,0,0,0.0029206902,0.0029206902,0.0,0.0,1,1,0,0,50,50,0,0,1,1,0,0,50,50,0,0
798972668,2490378,4259850,2490378,0,0,0.101011574,0.101011574,0.0,0.0,2490378,4325386,2490378,0,0,0.0031461916,0.0031461918,0.0,0.0,1,1,0,0,50,50,0,0,1,1,0,0,50,50,0,0
799176715,2490378,4259850,2490378,0,0,0.101502426,0.10150242,0.0,0.0,2490378,4325386,2490378,0,0,0.002608527,0.0026085272,0.0,0.0,1,1,0,0,50,50,0,0,1,1,0,0,50,50,0,0
799375759,2490378,4259850,2490378,0,0,0.10027836,0.100278355,0.0,0.0,2490378,4325386,2490378,0,0,0.0026639912,0.0026639912,0.0,0.0,1,1,0,0,50,50,0,0,1,1,0,0,50,50,0,0
799574858,2490378,4259850,2490378,0,0,0.10160985,0.10160983,0.0,0.0,2490378,4325386,2490378,0,0,0.0032379627,0.003237963,0.0,0.0,1,1,0,0,50,50,0,0,1,1,0,0,50,50,0,0
799773897,2490378,4259850,2490378,0,0,0.10018102,0.10018102,0.0,0.0,2490378,4325386,2490378,0,0,0.0029014589,0.0029014589,0.0,0.0,1,1,0,0,50,50,0,0,1,1,0,0,50,50,0,0
799972967,2490378,4259850,2490378,0,0,0.099649325,0.099649325,0.0,0.0,2490378,4325386,2490378,0,0,0.0024371613,0.0024371613,0.0,0.0,1,1,0,0,50,50,0,0,1,1,0,0,50,50,0,0
800172064,2490378,4259850,2490378,0,0,0.10056986,0.10056986,0.0,0.0,2490378,4325386,2490378,0,0,0.0027438777,0.0027438777,0.0,0.0,1,1,0,0,50,50,0,0,1,1,0,0,50,50,0,0
800371137,2490378,4259850,2490378,0,0,0.10213652,0.102136515,0.0,0.0,2490378,4325386,2490378,0,0,0.0027219078,0.0027219078,0.0,0.0,1,1,0,0,50,50,0,0,1,1,0,0,50,50,0,0
800575173,2490378,4259850,2490378,0,0,0.101815365,0.10181537,0.0,0.0,2490378,4325386,2490378,0,0,0.00305037,0.00305037,0.0,0.0,1,1,0,0,50,50,0,0,1,1,0,0,50,50,0,0
800774225,2490378,4259850,2490378,0,0,0.09606014,0.096060134,0.0,0.0,2490378,4325386,2490378,0,0,0.0027631926,0.0027631926,0.0,0.0,1,1,0,0,50,50,0,0,1,1,0,0,50,50,0,0
800973294,2490378,4259850,2490378,0,0,0.096364856,0.09636482,0.0,0.0,2490378,4325386,2490378,0,0,0.0022472562,0.0022472562,0.0,0.0,1,1,0,0,50,50,0,0,1,1,0,0,50,50,0,0
801177348,2490378,4259850,2490378,0,0,0.09915594,0.09915595,0.0,0.0,2490378,4325386,2490378,0,0,0.0024999194,0.002499919,0.0,0.0,1,1,0,0,50,50,0,0,1,1,0,0,50,50,0,0
801376409,2490378,4259850,2490378,0,0,0.10136332,0.10136332,0.0,0.0,2490378,4325386,2490378,0,0,0.0031587242,0.0031587242,0.0,0.0,1,1,0,0,50,50,0,0,1,1,0,0,50,50,0,0
801575492,2490378,4259850,2490378,0,0,0.0969081,0.096908115,0.0,0.0,2490378,4325386,2490378,0,0,0.0022295858,0.002229586,0.0,0.0,1,1,0,0,50,50,0,0,1,1,0,0,50,50,0,0
801774547,2490378,4259850,2490378,0,0,0.10086158,0.10086158,0.0,0.0,2490378,4325386,2490378,0,0,0.002442246,0.0024422463,0.0,0.0,1,1,0,0,50,50,0,0,1,1,0,0,50,50,0,0
801978637,2490378,4259850,2490378,0,0,0.10046734,0.100467354,0.0,0.0,2490378,4325386,2490378,0,0,0.0028149756,0.0028149756,0.0,0.0,1,1,0,0,50,50,0,0,1,1,0,0,50,50,0,0
802177698,2490378,4259850,2490378,0,0,0.10164857,0.10164854,0.0,0.0,2490378,4325386,2490378,0,0,0.003740504,0.0037405044,0.0,0.0,1,1,0,0,50,50,0,0,1,1,0,0,50,50,0,0
802376766,2490378,4259850,2490378,0,0,0.101465054,0.10146506,0.0,0.0,2490378,4325386,2490378,0,0,0.0032998833,0.0032998833,0.0,0.0,1,1,0,0,50,50,0,0,1,1,0,0,50,50,0,0
802575824,2490378,4259850,2490378,0,0,0.10083959,0.10083957,0.0,0.0,2490378,4325386,2490378,0,0,0.0031040418,0.0031040418,0.0,0.0,1,1,0,0,50,50,0,0,1,1,0,0,50,50,0,0
802774871,2490378,4259850,2490378,0,0,0.102122895,0.10212288,0.0,0.0,2490378,4325386,2490378,0,0,0.0027321065,0.0027321067,0.0,0.0,1,1,0,0,50,50,0,0,1,1,0,0,50,50,0,0
802973990,2490378,4259850,2490378,0,0,0.096305124,0.09630511,0.0,0.0,2490378,4325386,2490378,0,0,0.0032622158,0.0032622158,0.0,0.0,1,1,0,0,50,50,0,0,1,1,0,0,50,50,0,0
803173012,2490378,4259850,2490378,0,0,0.10399395,0.10399394,0.0,0.0,2490378,4325386,2490378,0,0,0.0026618645,0.002661865,0.0,0.0,1,1,0,0,50,50,0,0,1,1,0,0,50,50,0,0
803377056,2490378,4259850,2490378,0,0,0.09491946,0.09491947,0.0,0.0,2490378,4325386,2490378,0,0,0.0028284118,0.002828412,0.0,0.0,1,1,0,0,50,50,0,0,1,1,0,0,50,50,0,0
803576126,2490378,4259850,2490378,0,0,0.09070184,0.09070186,0.0,0.0,2490378,4325386,2490378,0,0,0.002991741,0.0029917413,0.0,0.0,1,1,0,0,50,50,0,0,1,1,0,0,50,50,0,0
803775194,2490378,4259850,2490378,0,0,0.10044374,0.10044374,0.0,0.0,2490378,4325386,2490378,0,0,0.0029052538,0.0029052538,0.0,0.0,1,1,0,0,50,50,0,0,1,1,0,0,50,50,0,0
803974297,2490378,4259850,2490378,0,0,0.0924299,0.092429906,0.0,0.0,2490378,4325386,2490378,0,0,0.0027320378,0.0027320376,0.0,0.0,1,1,0,0,50,50,0,0,1,1,0,0,50,50,0,0
804173365,2490378,4259850,2490378,0,0,0.093984574,0.0939846,0.0,0.0,2490378,4325386,2490378,0,0,0.0030136316,0.0030136316,0.0,0.0,1,1,0,0,50,50,0,0,1,1,0,0,50,50,0,0
804372420,2490378,4259850,2490378,0,0,0.09019665,0.09019667,0.0,0.0,2490378,4325386,2490378,0,0,0.0027619095,0.0027619095,0.0,0.0,1,1,0,0,50,50,0,0,1,1,0,0,50,50,0,0
804571472,2490378,4259850,2490378,0,0,0.099863365,0.09986337,0.0,0.0,2490378,4325386,2490378,0,0,0.002497049,0.002497049,0.0,0.0,1,1,0,0,50,50,0,0,1,1,0,0,50,50,0,0
804775521,2490378,4259850,2490378,0,0,0.08934132,0.089341305,0.0,0.0,2490378,4325386,2490378,0,0,0.0033060885,0.0033060878,0.0,0.0,1,1,0,0,50,50,0,0,1,1,0,0,50,50,0,0
804974589,2490378,4259850,2490378,0,0,0.09254339,0.09254341,0.0,0.0,2490378,4325386,2490378,0,0,0.002483235,0.002483235,0.0,0.0,1,1,0,0,50,50,0,0,1,1,0,0,50,50,0,0
805173690,2490378,4259850,2490378,0,0,0.100734256,0.100734256,0.0,0.0,2490378,4325386,2490378,0,0,0.0027175553,0.0027175553,0.0,0.0,1,1,0,0,50,50,0,0,1,1,0,0,50,50,0,0
805372731,2490378,4259850,2490378,0,0,0.10488387,0.10488386,0.0,0.0,2490378,4325386,2490378,0,0,0.0027455476,0.0027455476,0.0,0.0,1,1,0,0,50,50,0,0,1,1,0,0,50,50,0,0
805576773,2490378,4259850,2490378,0,0,0.09910322,0.099103175,0.0,0.0,2490378,4325386,2490378,0,0,0.0030572012,0.0030572012,0.0,0.0,1,1,0,0,50,50,0,0,1,1,0,0,50,50,0,0
805775899,2490378,4259850,2490378,0,0,0.09633829,0.09633828,0.0,0.0,2490378,4325386,2490378,0,0,0.002176444,0.002176444,0.0,0.0,1,1,0,0,50,50,0,0,1,1,0,0,50,50,0,0
805974941,2490378,4259850,2490378,0,0,0.092756554,0.09275656,0.0,0.0,2490378,4325386,2490378,0,0,0.002980621,0.002980621,0.0,0.0,1,1,0,0,50,50,0,0,1,1,0,0,50,50,0,0
806178992,2490378,4259850,2490378,0,0,0.096419334,0.096419334,0.0,0.0,2490378,4325386,2490378,0,0,0.0029055178,0.0029055178,0.0,0.0,1,1,0,0,50,50,0,0,1,1,0,0,50,50,0,0
806378027,2490378,4259850,2490378,0,0,0.09660856,0.09660856,0.0,0.0,2490378,4325386,2490378,0,0,0.0031445604,0.0031445604,0.0,0.0,1,1,0,0,50,50,0,0,1,1,0,0,50,50,0,0
806577124,2490378,4259850,2490378,0,0,0.0949258,0.0949258,0.0,0.0,2490378,4325386,2490378,0,0,0.002931075,0.0029310747,0.0,0.0,1,1,0,0,50,50,0,0,1,1,0,0,50,50,0,0
806776165,2490378,4259850,2490378,0,0,0.09405504,0.09405505,0.0,0.0,2490378,4325386,2490378,0,0,0.0025085977,0.0025085972,0.0,0.0,1,1,0,0,50,50,0,0,1,1,0,0,50,50,0,0
806975233,2490378,4259850,2490378,0,0,0.10298814,0.10298813,0.0,0.0,2490378,4325386,2490378,0,0,0.002815416,0.002815416,0.0,0.0,1,1,0,0,50,50,0,0,1,1,0,0,50,50,0,0
807174308,2490378,4259850,2490378,0,0,0.0976599,0.09765989,0.0,0.0,2490378,4325386,2490378,0,0,0.0028281005,0.0028281,0.0,0.0,1,1,0,0,50,50,0,0,1,1,0,0,50,50,0,0
807373365,2490378,4259850,2490378,0,0,0.095787525,0.09578755,0.0,0.0,2490378,4325386,2490378,0,0,0.003212945,0.0032129448,0.0,0.0,1,1,0,0,50,50,0,0,1,1,0,0,50,50,0,0
807577437,2490378,4259850,2490378,0,0,0.09437042,0.094370455,0.0,0.0,2490378,4325386,2490378,0,0,0.0032029727,0.0032029732,0.0,0.0,1,1,0,0,50,50,0,0,1,1,0,0,50,50,0,0
807776490,2490378,4259850,2490378,0,0,0.08583225,0.08583225,0.0,0.0,2490378,4325386,2490378,0,0,0.002410002,0.0024100025,0.0,0.0,1,1,0,0,50,50,0,0,1,1,0,0,50,50,0,0
807975586,2490378,4259850,2490378,0,0,0.08636071,0.08636071,0.0,0.0,2490378,4325386,2490378,0,0,0.0026441617,0.002644162,0.0,0.0,1,1,0,0,50,50,0,0,1,1,0,0,50,50,0,0
808174633,2490378,4259850,2490378,0,0,0.09028391,0.09028389,0.0,0.0,2490378,4325386,2490378,0,0,0.0028665918,0.0028665923,0.0,0.0,1,1,0,0,50,50,0,0,1,1,0,0,50,50,0,0
808373703,2490378,4259850,2490378,0,0,0.096928746,0.096928746,0.0,0.0,2490378,4325386,2490378,0,0,0.0025115572,0.0025115572,0.0,0.0,1,1,0,0,50,50,0,0,1,1,0,0,50,50,0,0
808572765,2490378,4259850,2490378,0,0,0.095516585,0.095516585,0.0,0.0,2490378,4325386,2490378,0,0,0.0033204092,0.0033204092,0.0,0.0,1,1,0,0,50,50,0,0,1,1,0,0,50,50,0,0
808771882,2490378,4259850,2490378,0,0,0.095031515,0.09503152,0.0,0.0,2490378,4325386,2490378,0,0,0.0031720258,0.003172026,0.0,0.0,1,1,0,0,50,50,0,0,1,1,0,0,50,50,0,0
808975879,2490378,4259850,2490378,0,0,0.09553098,0.09553098,0.0,0.0,2490378,4325386,2490378,0,0,0.0030033109,0.003003311,0.0,0.0,1,1,0,0,50,50,0,0,1,1,0,0,50,50,0,0
809175053,2490378,4259850,2490378,0,0,0.09313172,0.09313172,0.0,0.0,2490378,4325386,2490378,0,0,0.00316419,0.00316419,0.0,0.0,1,1,0,0,50,50,0,0,1,1,0,0,50,50,0,0
809374017,2490378,4259850,2490378,0,0,0.09988566,0.09988568,0.0,0.0,2490378,4325386,2490378,0,0,0.0027389545,0.0027389545,0.0,0.0,1,1,0,0,50,50,0,0,1,1,0,0,50,50,0,0
809573085,2490378,4259850,2490378,0,0,0.09771139,0.09771141,0.0,0.0,2490378,4325386,2490378,0,0,0.0027439324,0.0027439324,0.0,0.0,1,1,0,0,50,50,0,0,1,1,0,0,50,50,0,0
809772160,2490378,4259850,2490378,0,0,0.09737376,0.097373754,0.0,0.0,2490378,4325386,2490378,0,0,0.0029748175,0.0029748175,0.0,0.0,1,1,0,0,50,50,0,0,1,1,0,0,50,50,0,0
809976227,2490378,4259850,2490378,0,0,0.09791718,0.097917184,0.0,0.0,2490378,4325386,2490378,0,0,0.0028296127,0.0028296127,0.0,0.0,1,1,0,0,50,50,0,0,1,1,0,0,50,50,0,0
810175298,2490378,4259850,2490378,0,0,0.09781511,0.097815104,0.0,0.0,2490378,4325386,2490378,0,0,0.0029850975,0.0029850972,0.0,0.0,1,1,0,0,50,50,0,0,1,1,0,0,50,50,0,0
810374340,2490378,4259850,2490378,0,0,0.10022815,0.100228146,0.0,0.0,2490378,4325386,2490378,0,0,0.0032275154,0.0032275154,0.0,0.0,1,1,0,0,50,50,0,0,1,1,0,0,50,50,0,0
810578389,2490378,4259850,2490378,0,0,0.09516258,0.095162615,0.0,0.0,2490378,4325386,2490378,0,0,0.0031507525,0.0031507527,0.0,0.0,1,1,0,0,50,50,0,0,1,1,0,0,50,50,0,0
810777488,2490378,4259850,2490378,0,0,0.09492748,0.09492748,0.0,0.0,2490378,4325386,2490378,0,0,0.0027287349,0.0027287344,0.0,0.0,1,1,0,0,50,50,0,0,1,1,0,0,50,50,0,0
810976522,2490378,4259850,2490378,0,0,0.09841864,0.098418616,0.0,0.0,2490378,4325386,2490378,0,0,0.0030316543,0.0030316543,0.0,0.0,1,1,0,0,50,50,0,0,1,1,0,0,50,50,0,0
811175591,2490378,4259850,2490378,0,0,0.09812115,0.09812113,0.0,0.0,2490378,4325386,2490378,0,0,0.0031000704,0.0031000704,0.0,0.0,1,1,0,0,50,50,0,0,1,1,0,0,50,50,0,0
811374661,2490378,4259850,2490378,0,0,0.09555405,0.095554024,0.0,0.0,2490378,4325386,2490378,0,0,0.0029573718,0.0029573718,0.0,0.0,1,1,0,0,50,50,0,0,1,1,0,0,50,50,0,0
811573744,2490378,4259850,2490378,0,0,0.088426,0.088426,0.0,0.0,2490378,4325386,2490378,0,0,0.0026114876,0.0026114876,0.0,0.0,1,1,0,0,50,50,0,0,1,1,0,0,50,50,0,0
811777774,2490378,4259850,2490378,0,0,0.09356588,0.09356588,0.0,0.0,2490378,4325386,2490378,0,0,0.0026912233,0.002691223,0.0,0.0,1,1,0,0,50,50,0,0,1,1,0,0,50,50,0,0
811976843,2490378,4259850,2490378,0,0,0.093631126,0.09363113,0.0,0.0,2490378,4325386,2490378,0,0,0.0028660477,0.0028660474,0.0,0.0,1,1,0,0,50,50,0,0,1,1,0,0,50,50,0,0
812175918,2490378,4259850,2490378,0,0,0.09139725,0.09139724,0.0,0.0,2490378,4325386,2490378,0,0,0.0024642304,0.0024642304,0.0,0.0,1,1,0,0,50,50,0,0,1,1,0,0,50,50,0,0
812374979,2490378,4259850,2490378,0,0,0.09109907,0.091099076,0.0,0.0,2490378,4325386,2490378,0,0,0.0028280537,0.0028280537,0.0,0.0,1,1,0,0,50,50,0,0,1,1,0,0,50,50,0,0
812574049,2490378,4259850,2490378,0,0,0.09463553,0.094635524,0.0,0.0,2490378,4325386,2490378,0,0,0.0022869771,0.0022869771,0.0,0.0,1,1,0,0,50,50,0,0,1,1,0,0,50,50,0,0
812773130,2490378,4259850,2490378,0,0,0.099622376,0.09962239,0.0,0.0,2490378,4325386,2490378,0,0,0.0027324099,0.0027324099,0.0,0.0,1,1,0,0,50,50,0,0,1,1,0,0,50,50,0,0
812972235,2490378,4259850,2490378,0,0,0.097580746,0.09758073,0.0,0.0,2490378,4325386,2490378,0,0,0.0031246545,0.0031246552,0.0,0.0,1,1,0,0,50,50,0,0,1,1,0,0,50,50,0,0
813176255,2490378,4259850,2490378,0,0,0.0938393,0.0938393,0.0,0.0,2490378,4325386,2490378,0,0,0.0025141356,0.0025141363,0.0,0.0,1,1,0,0,50,50,0,0,1,1,0,0,50,50,0,0
813375299,2490378,4259850,2490378,0,0,0.09492544,0.09492542,0.0,0.0,2490378,4325386,2490378,0,0,0.0026589641,0.0026589641,0.0,0.0,1,1,0,0,50,50,0,0,1,1,0,0,50,50,0,0
813574399,2490378,4259850,2490378,0,0,0.096886344,0.09688633,0.0,0.0,2490378,4325386,2490378,0,0,0.0026565976,0.0026565974,0.0,0.0,1,1,0,0,50,50,0,0,1,1,0,0,50,50,0,0
813773447,2490378,4259850,2490378,0,0,0.09639234,0.096392326,0.0,0.0,2490378,4325386,2490378,0,0,0.00251267,0.00251267,0.0,0.0,1,1,0,0,50,50,0,0,1,1,0,0,50,50,0,0
813972508,2490378,4259850,2490378,0,0,0.09164954,0.09164952,0.0,0.0,2490378,4325386,2490378,0,0,0.0025568227,0.0025568227,0.0,0.0,1,1,0,0,50,50,0,0,1,1,0,0,50,50,0,0
814176555,2490378,4259850,2490378,0,0,0.088064425,0.0880644,0.0,0.0,2490378,4325386,2490378,0,0,0.0027521497,0.00275215,0.0,0.0,1,1,0,0,50,50,0,0,1,1,0,0,50,50,0,0
814375620,2490378,4259850,2490378,0,0,0.09043186,0.09043187,0.0,0.0,2490378,4325386,2490378,0,0,0.002494326,0.0024943266,0.0,0.0,1,1,0,0,50,50,0,0,1,1,0,0,50,50,0,0
814574690,2490378,4259850,2490378,0,0,0.09126948,0.091269486,0.0,0.0,2490378,4325386,2490378,0,0,0.0030365176,0.0030365176,0.0,0.0,1,1,0,0,50,50,0,0,1,1,0,0,50,50,0,0
814773769,2490378,4259850,2490378,0,0,0.09013139,0.09013138,0.0,0.0,2490378,4325386,2490378,0,0,0.0030584238,0.0030584238,0.0,0.0,1,1,0,0,50,50,0,0,1,1,0,0,50,50,0,0
814977803,2490378,4259850,2490378,0,0,0.08914417,0.08914418,0.0,0.0,2490378,4325386,2490378,0,0,0.002769126,0.002769126,0.0,0.0,1,1,0,0,50,50,0,0,1,1,0,0,50,50,0,0
815176972,2490378,4259850,2490378,0,0,0.0931212,0.093121186,0.0,0.0,2490378,4325386,2490378,0,0,0.002499215,0.002499215,0.0,0.0,1,1,0,0,50,50,0,0,1,1,0,0,50,50,0,0
815375937,2490378,4259850,2490378,0,0,0.09354599,0.093545996,0.0,0.0,2490378,4325386,2490378,0,0,0.002596046,0.0025960458,0.0,0.0,1,1,0,0,50,50,0,0,1,1,0,0,50,50,0,0
815575008,2490378,4259850,2490378,0,0,0.09400587,0.09400585,0.0,0.0,2490378,4325386,2490378,0,0,0.0027521034,0.0027521034,0.0,0.0,1,1,0,0,50,50,0,0,1,1,0,0,50,50,0,0
815774105,2490378,4259850,2490378,0,0,0.09121192,0.09121194,0.0,0.0,2490378,4325386,2490378,0,0,0.0033798,0.0033798,0.0,0.0,1,1,0,0,50,50,0,0,1,1,0,0,50,50,0,0
815978121,2490378,4259850,2490378,0,0,0.093521655,0.09352166,0.0,0.0,2490378,4325386,2490378,0,0,0.0026015975,0.0026015977,0.0,0.0,1,1,0,0,50,50,0,0,1,1,0,0,50,50,0,0
816177195,2490378,4259850,2490378,0,0,0.095344596,0.095344566,0.0,0.0,2490378,4325386,2490378,0,0,0.0029382596,0.00293826,0.0,0.0,1,1,0,0,50,50,0,0,1,1,0,0,50,50,0,0
816376291,2490378,4259850,2490378,0,0,0.09050762,0.09050762,0.0,0.0,2490378,4325386,2490378,0,0,0.0028612975,0.0028612977,0.0,0.0,1,1,0,0,50,50,0,0,1,1,0,0,50,50,0,0
816575358,2490378,4259850,2490378,0,0,0.089612864,0.08961286,0.0,0.0,2490378,4325386,2490378,0,0,0.0036168527,0.0036168527,0.0,0.0,1,1,0,0,50,50,0,0,1,1,0,0,50,50,0,0
816774393,2490378,4259850,2490378,0,0,0.09298345,0.09298345,0.0,0.0,2490378,4325386,2490378,0,0,0.0022944938,0.002294494,0.0,0.0,1,1,0,0,50,50,0,0,1,1,0,0,50,50,0,0
816973470,2490378,4259850,2490378,0,0,0.09222551,0.09222549,0.0,0.0,2490378,4325386,2490378,0,0,0.0027547134,0.0027547134,0.0,0.0,1,1,0,0,50,50,0,0,1,1,0,0,50,50,0,0
817172535,2490378,4259850,2490378,0,0,0.092592895,0.092592895,0.0,0.0,2490378,4325386,2490378,0,0,0.0028694014,0.0028694014,0.0,0.0,1,1,0,0,50,50,0,0,1,1,0,0,50,50,0,0
817376612,2490378,4259850,2490378,0,0,0.08847693,0.08847694,0.0,0.0,2490378,4325386,2490378,0,0,0.0031958392,0.0031958392,0.0,0.0,1,1,0,0,50,50,0,0,1,1,0,0,50,50,0,0
817575648,2490378,4259850,2490378,0,0,0.08886672,0.08886672,0.0,0.0,2490378,4325386,2490378,0,0,0.0029821265,0.0029821265,0.0,0.0,1,1,0,0,50,50,0,0,1,1,0,0,50,50,0,0
817774714,2490378,4259850,2490378,0,0,0.08999084,0.08999087,0.0,0.0,2490378,4325386,2490378,0,0,0.0026989488,0.0026989486,0.0,0.0,1,1,0,0,50,50,0,0,1,1,0,0,50,50,0,0
817973783,2490378,4259850,2490378,0,0,0.089925535,0.089925535,0.0,0.0,2490378,4325386,2490378,0,0,0.0032645562,0.003264556,0.0,0.0,1,1,0,0,50,50,0,0,1,1,0,0,50,50,0,0
818172849,2490378,4259850,2490378,0,0,0.09087787,0.090877876,0.0,0.0,2490378,4325386,2490378,0,0,0.0023883083,0.0023883083,0.0,0.0,1,1,0,0,50,50,0,0,1,1,0,0,50,50,0,0
818371934,2490378,4259850,2490378,0,0,0.08842541,0.088425405,0.0,0.0,2490378,4325386,2490378,0,0,0.0024280383,0.0024280383,0.0,0.0,1,1,0,0,50,50,0,0,1,1,0,0,50,50,0,0
818576008,2490378,4259850,2490378,0,0,0.08767278,0.08767278,0.0,0.0,2490378,4325386,2490378,0,0,0.0025438343,0.0025438343,0.0,0.0,1,1,0,0,50,50,0,0,1,1,0,0,50,50,0,0
818775041,2490378,4259850,2490378,0,0,0.09045091,0.09045091,0.0,0.0,2490378,4325386,2490378,0,0,0.0023433,0.0023433003,0.0,0.0,1,1,0,0,50,50,0,0,1,1,0,0,50,50,0,0
818974099,2490378,4259850,2490378,0,0,0.08461566,0.08461567,0.0,0.0,2490378,4325386,2490378,0,0,0.0030837988,0.0030837988,0.0,0.0,1,1,0,0,50,50,0,0,1,1,0,0,50,50,0,0
819173206,2490378,4259850,2490378,0,0,0.089298025,0.08929801,0.0,0.0,2490378,4325386,2490378,0,0,0.0028186985,0.0028186985,0.0,0.0,1,1,0,0,50,50,0,0,1,1,0,0,50,50,0,0
819377233,2490378,4259850,2490378,0,0,0.09000117,0.09000116,0.0,0.0,2490378,4325386,2490378,0,0,0.0027374336,0.0027374336,0.0,0.0,1,1,0,0,50,50,0,0,1,1,0,0,50,50,0,0
819576281,2490378,4259850,2490378,0,0,0.09135536,0.091355376,0.0,0.0,2490378,4325386,2490378,0,0,0.0031912317,0.0031912317,0.0,0.0,1,1,0,0,50,50,0,0,1,1,0,0,50,50,0,0
819775351,2490378,4259850,2490378,0,0,0.09149756,0.09149756,0.0,0.0,2490378,4325386,2490378,0,0,0.0030362909,0.0030362906,0.0,0.0,1,1,0,0,50,50,0,0,1,1,0,0,50,50,0,0
819974448,2490378,4259850,2490378,0,0,0.09058183,0.09058182,0.0,0.0,2490378,4325386,2490378,0,0,0.0028130366,0.0028130366,0.0,0.0,1,1,0,0,50,50,0,0,1,1,0,0,50,50,0,0
820178463,2490378,4259850,2490378,0,0,0.09134711,0.091347136,0.0,0.0,2490378,4325386,2490378,0,0,0.003245296,0.0032452955,0.0,0.0,1,1,0,0,50,50,0,0,1,1,0,0,50,50,0,0
820377531,2490378,4259850,2490378,0,0,0.09744927,0.09744928,0.0,0.0,2490378,4325386,2490378,0,0,0.0028299664,0.0028299664,0.0,0.0,1,1,0,0,50,50,0,0,1,1,0,0,50,50,0,0
820576602,2490378,4259850,2490378,0,0,0.098554134,0.09855412,0.0,0.0,2490378,4325386,2490378,0,0,0.0032049094,0.0032049094,0.0,0.0,1,1,0,0,50,50,0,0,1,1,0,0,50,50,0,0
820775839,2490378,4259850,2490378,0,0,0.094848536,0.09484853,0.0,0.0,2490378,4325386,2490378,0,0,0.0027875232,0.0027875232,0.0,0.0,1,1,0,0,50,50,0,0,1,1,0,0,50,50,0,0
820974735,2490378,4259850,2490378,0,0,0.09310622,0.09310622,0.0,0.0,2490378,4325386,2490378,0,0,0.0028788836,0.0028788836,0.0,0.0,1,1,0,0,50,50,0,0,1,1,0,0,50,50,0,0
821173807,2490378,4259850,2490378,0,0,0.09314611,0.093146116,0.0,0.0,2490378,4325386,2490378,0,0,0.002673866,0.002673866,0.0,0.0,1,1,0,0,50,50,0,0,1,1,0,0,50,50,0,0
821372900,2490378,4259850,2490378,0,0,0.09002935,0.09002937,0.0,0.0,2490378,4325386,2490378,0,0,0.0031501134,0.0031501134,0.0,0.0,1,1,0,0,50,50,0,0,1,1,0,0,50,50,0,0
821576895,2490378,4259850,2490378,0,0,0.085051976,0.085052,0.0,0.0,2490378,4325386,2490378,0,0,0.0025370347,0.0025370347,0.0,0.0,1,1,0,0,50,50,0,0,1,1,0,0,50,50,0,0
821776052,2490378,4259850,2490378,0,0,0.086719014,0.08671899,0.0,0.0,2490378,4325386,2490378,0,0,0.0031902562,0.0031902562,0.0,0.0,1,1,0,0,50,50,0,0,1,1,0,0,50,50,0,0
821975051,2490378,4259850,2490378,0,0,0.08540578,0.08540578,0.0,0.0,2490378,4325386,2490378,0,0,0.003454436,0.003454436,0.0,0.0,1,1,0,0,50,50,0,0,1,1,0,0,50,50,0,0
822174124,2490378,4259850,2490378,0,0,0.08312094,0.08312096,0.0,0.0,2490378,4325386,2490378,0,0,0.0029606812,0.0029606812,0.0,0.0,1,1,0,0,50,50,0,0,1,1,0,0,50,50,0,0
822373186,2490378,4259850,2490378,0,0,0.080372386,0.080372415,0.0,0.0,2490378,4325386,2490378,0,0,0.0028438463,0.0028438463,0.0,0.0,1,1,0,0,50,50,0,0,1,1,0,0,50,50,0,0
822572269,2490378,4259850,2490378,0,0,0.083270766,0.08327076,0.0,0.0,2490378,4325386,2490378,0,0,0.002723436,0.002723436,0.0,0.0,1,1,0,0,50,50,0,0,1,1,0,0,50,50,0,0
822771321,2490378,4259850,2490378,0,0,0.08677491,0.08677489,0.0,0.0,2490378,4325386,2490378,0,0,0.0025491044,0.0025491044,0.0,0.0,1,1,0,0,50,50,0,0,1,1,0,0,50,50,0,0
822975396,2490378,4259850,2490378,0,0,0.08792189,0.08792184,0.0,0.0,2490378,4325386,2490378,0,0,0.0027908748,0.0027908748,0.0,0.0,1,1,0,0,50,50,0,0,1,1,0,0,50,50,0,0
823174437,2490378,4259850,2490378,0,0,0.08579857,0.08579855,0.0,0.0,2490378,4325386,2490378,0,0,0.0024104898,0.00241049,0.0,0.0,1,1,0,0,50,50,0,0,1,1,0,0,50,50,0,0
823373507,2490378,4259850,2490378,0,0,0.08809566,0.08809566,0.0,0.0,2490378,4325386,2490378,0,0,0.0026147822,0.0026147822,0.0,0.0,1,1,0,0,50,50,0,0,1,1,0,0,50,50,0,0
823572577,2490378,4259850,2490378,0,0,0.090575136,0.090575114,0.0,0.0,2490378,4325386,2490378,0,0,0.0022585476,0.0022585476,0.0,0.0,1,1,0,0,50,50,0,0,1,1,0,0,50,50,0,0
823776621,2490378,4259850,2490378,0,0,0.08824116,0.088241145,0.0,0.0,2490378,4325386,2490378,0,0,0.0028849437,0.0028849437,0.0,0.0,1,1,0,0,50,50,0,0,1,1,0,0,50,50,0,0
823975691,2490378,4259850,2490378,0,0,0.08093127,0.08093126,0.0,0.0,2490378,4325386,2490378,0,0,0.0032296125,0.0032296125,0.0,0.0,1,1,0,0,50,50,0,0,1,1,0,0,50,50,0,0
824174786,2490378,4259850,2490378,0,0,0.08087569,0.08087567,0.0,0.0,2490378,4325386,2490378,0,0,0.0031421573,0.0031421576,0.0,0.0,1,1,0,0,50,50,0,0,1,1,0,0,50,50,0,0
824378816,2490378,4259850,2490378,0,0,0.08637831,0.08637832,0.0,0.0,2490378,4325386,2490378,0,0,0.003020255,0.003020255,0.0,0.0,1,1,0,0,50,50,0,0,1,1,0,0,50,50,0,0
824577903,2490378,4259850,2490378,0,0,0.08614506,0.08614507,0.0,0.0,2490378,4325386,2490378,0,0,0.002790452,0.0027904522,0.0,0.0,1,1,0,0,50,50,0,0,1,1,0,0,50,50,0,0
824776934,2490378,4259850,2490378,0,0,0.08338614,0.08338613,0.0,0.0,2490378,4325386,2490378,0,0,0.0026057104,0.0026057104,0.0,0.0,1,1,0,0,50,50,0,0,1,1,0,0,50,50,0,0
824976002,2490378,4259850,2490378,0,0,0.08247877,0.08247878,0.0,0.0,2490378,4325386,2490378,0,0,0.0026551827,0.002655183,0.0,0.0,1,1,0,0,50,50,0,0,1,1,0,0,50,50,0,0
825175074,2490378,4259850,2490378,0,0,0.08265709,0.0826571,0.0,0.0,2490378,4325386,2490378,0,0,0.0030517362,0.0030517362,0.0,0.0,1,1,0,0,50,50,0,0,1,1,0,0,50,50,0,0
825374137,2490378,4259850,2490378,0,0,0.080870636,0.08087063,0.0,0.0,2490378,4325386,2490378,0,0,0.0025033674,0.0025033674,0.0,0.0,1,1,0,0,50,50,0,0,1,1,0,0,50,50,0,0
825573206,2490378,4259850,2490378,0,0,0.074491486,0.07449147,0.0,0.0,2490378,4325386,2490378,0,0,0.0030947952,0.0030947952,0.0,0.0,1,1,0,0,50,50,0,0,1,1,0,0,50,50,0,0
825777248,2490378,4259850,2490378,0,0,0.0667958,0.06679582,0.0,0.0,2490378,4325386,2490378,0,0,0.0027074602,0.0027074602,0.0,0.0,1,1,0,0,50,50,0,0,1,1,0,0,50,50,0,0
825976316,2490378,4259850,2490378,0,0,0.06295835,0.06295835,0.0,0.0,2490378,4325386,2490378,0,0,0.003321239,0.003321239,0.0,0.0,1,1,0,0,50,50,0,0,1,1,0,0,50,50,0,0
826175389,2490378,4259850,2490378,0,0,0.061454475,0.0614545,0.0,0.0,2490378,4325386,2490378,0,0,0.0022887837,0.0022887832,0.0,0.0,1,1,0,0,50,50,0,0,1,1,0,0,50,50,0,0
826374707,2490378,4259850,2490378,0,0,0.06459374,0.06459374,0.0,0.0,2490378,4325386,2490378,0,0,0.002874801,0.0028748014,0.0,0.0,1,1,0,0,50,50,0,0,1,1,0,0,50,50,0,0
826573541,2490378,4259850,2490378,0,0,0.06583097,0.06583096,0.0,0.0,2490378,4325386,2490378,0,0,0.0028524634,0.0028524632,0.0,0.0,1,1,0,0,50,50,0,0,1,1,0,0,50,50,0,0
826772590,2490378,4259850,2490378,0,0,0.068765365,0.06876536,0.0,0.0,2490378,4325386,2490378,0,0,0.0030904734,0.003090473,0.0,0.0,1,1,0,0,50,50,0,0,1,1,0,0,50,50,0,0
826971688,2490378,4259850,2490378,0,0,0.06922535,0.06922533,0.0,0.0,2490378,4325386,2490378,0,0,0.00280463,0.00280463,0.0,0.0,1,1,0,0,50,50,0,0,1,1,0,0,50,50,0,0
827175706,2490378,4259850,2490378,0,0,0.07349027,0.07349027,0.0,0.0,2490378,4325386,2490378,0,0,0.0027813357,0.0027813357,0.0,0.0,1,1,0,0,50,50,0,0,1,1,0,0,50,50,0,0
827374780,2490378,4259850,2490378,0,0,0.07353301,0.07353299,0.0,0.0,2490378,4325386,2490378,0,0,0.0027902469,0.002790247,0.0,0.0,1,1,0,0,50,50,0,0,1,1,0,0,50,50,0,0
827573837,2490378,4259850,2490378,0,0,0.07882355,0.07882355,0.0,0.0,2490378,4325386,2490378,0,0,0.00275198,0.0027519802,0.0,0.0,1,1,0,0,50,50,0,0,1,1,0,0,50,50,0,0
827772980,2490378,4259850,2490378,0,0,0.07531076,0.07531074,0.0,0.0,2490378,4325386,2490378,0,0,0.0028318036,0.0028318036,0.0,0.0,1,1,0,0,50,50,0,0,1,1,0,0,50,50,0,0
827976948,2490378,4259850,2490378,0,0,0.07756326,0.07756328,0.0,0.0,2490378,4325386,2490378,0,0,0.0025386761,0.0025386761,0.0,0.0,1,1,0,0,50,50,0,0,1,1,0,0,50,50,0,0
828176019,2490378,4259850,2490378,0,0,0.0745375,0.07453749,0.0,0.0,2490378,4325386,2490378,0,0,0.0027818822,0.0027818824,0.0,0.0,1,1,0,0,50,50,0,0,1,1,0,0,50,50,0,0
828375098,2490378,4259850,2490378,0,0,0.06930954,0.069309555,0.0,0.0,2490378,4325386,2490378,0,0,0.0030278314,0.0030278314,0.0,0.0,1,1,0,0,50,50,0,0,1,1,0,0,50,50,0,0
828574224,2490378,4259850,2490378,0,0,0.06670154,0.06670154,0.0,0.0,2490378,4325386,2490378,0,0,0.0032876846,0.0032876846,0.0,0.0,1,1,0,0,50,50,0,0,1,1,0,0,50,50,0,0
828778272,2490378,4259850,2490378,0,0,0.07621722,0.07621722,0.0,0.0,2490378,4325386,2490378,0,0,0.0023552163,0.0023552165,0.0,0.0,1,1,0,0,50,50,0,0,1,1,0,0,50,50,0,0
828977260,2490378,4259850,2490378,0,0,0.07576906,0.07576906,0.0,0.0,2490378,4325386,2490378,0,0,0.002432068,0.0024320679,0.0,0.0,1,1,0,0,50,50,0,0,1,1,0,0,50,50,0,0
829176358,2490378,4259850,2490378,0,0,0.07562095,0.07562094,0.0,0.0,2490378,4325386,2490378,0,0,0.002118414,0.002118414,0.0,0.0,1,1,0,0,50,50,0,0,1,1,0,0,50,50,0,0
829375477,2490378,4259850,2490378,0,0,0.07227115,0.07227117,0.0,0.0,2490378,4325386,2490378,0,0,0.0026102306,0.0026102308,0.0,0.0,1,1,0,0,50,50,0,0,1,1,0,0,50,50,0,0
829574486,2490378,4259850,2490378,0,0,0.07344008,0.073440075,0.0,0.0,2490378,4325386,2490378,0,0,0.0024998172,0.0024998172,0.0,0.0,1,1,0,0,50,50,0,0,1,1,0,0,50,50,0,0
829773584,2490378,4259850,2490378,0,0,0.07237364,0.07237356,0.0,0.0,2490378,4325386,2490378,0,0,0.005390475,0.005390475,0.0,0.0,1,1,0,0,50,50,0,0,1,1,0,0,50,50,0,0
829977580,2490378,4259850,2490378,0,0,0.06743507,0.06743507,0.0,0.0,2490378,4325386,2490378,0,0,0.0022947486,0.0022947486,0.0,0.0,1,1,0,0,50,50,0,0,1,1,0,0,50,50,0,0
830176648,2490378,4259850,2490378,0,0,0.070950836,0.070950836,0.0,0.0,2490378,4325386,2490378,0,0,0.002490975,0.002490975,0.0,0.0,1,1,0,0,50,50,0,0,1,1,0,0,50,50,0,0
830375713,2490378,4259850,2490378,0,0,0.07318623,0.07318624,0.0,0.0,2490378,4325386,2490378,0,0,0.002459056,0.0024590562,0.0,0.0,1,1,0,0,50,50,0,0,1,1,0,0,50,50,0,0
830574783,2490378,4259850,2490378,0,0,0.070461094,0.070461094,0.0,0.0,2490378,4325386,2490378,0,0,0.0027080057,0.0027080057,0.0,0.0,1,1,0,0,50,50,0,0,1,1,0,0,50,50,0,0
830773880,2490378,4259850,2490378,0,0,0.072796576,0.072796576,0.0,0.0,2490378,4325386,2490378,0,0,0.0027062232,0.0027062232,0.0,0.0,1,1,0,0,50,50,0,0,1,1,0,0,50,50,0,0
830972916,2490378,4259850,2490378,0,0,0.07482948,0.07482948,0.0,0.0,2490378,4325386,2490378,0,0,0.0025566658,0.0025566658,0.0,0.0,1,1,0,0,50,50,0,0,1,1,0,0,50,50,0,0
831171980,2490378,4259850,2490378,0,0,0.075202055,0.07520201,0.0,0.0,2490378,4325386,2490378,0,0,0.0029765125,0.0029765125,0.0,0.0,1,1,0,0,50,50,0,0,1,1,0,0,50,50,0,0
831376025,2490378,4259850,2490378,0,0,0.0787666,0.0787666,0.0,0.0,2490378,4325386,2490378,0,0,0.0031633978,0.0031633978,0.0,0.0,1,1,0,0,50,50,0,0,1,1,0,0,50,50,0,0
831575095,2490378,4259850,2490378,0,0,0.081714466,0.08171446,0.0,0.0,2490378,4325386,2490378,0,0,0.0028736296,0.0028736296,0.0,0.0,1,1,0,0,50,50,0,0,1,1,0,0,50,50,0,0
831774162,2490378,4259850,2490378,0,0,0.0805249,0.080524884,0.0,0.0,2490378,4325386,2490378,0,0,0.0029244586,0.0029244584,0.0,0.0,1,1,0,0,50,50,0,0,1,1,0,0,50,50,0,0
831973268,2490378,4259850,2490378,0,0,0.08156021,0.081560224,0.0,0.0,2490378,4325386,2490378,0,0,0.0026562875,0.0026562877,0.0,0.0,1,1,0,0,50,50,0,0,1,1,0,0,50,50,0,0
832172292,2490378,4259850,2490378,0,0,0.07935374,0.079353765,0.0,0.0,2490378,4325386,2490378,0,0,0.002371653,0.002371653,0.0,0.0,1,1,0,0,50,50,0,0,1,1,0,0,50,50,0,0
832376369,2490378,4259850,2490378,0,0,0.086465254,0.08646524,0.0,0.0,2490378,4325386,2490378,0,0,0.0034236803,0.0034236803,0.0,0.0,1,1,0,0,50,50,0,0,1,1,0,0,50,50,0,0
832575406,2490378,4259850,2490378,0,0,0.090070814,0.090070814,0.0,0.0,2490378,4325386,2490378,0,0,0.0022638764,0.0022638764,0.0,0.0,1,1,0,0,50,50,0,0,1,1,0,0,50,50,0,0
832774475,2490378,4259850,2490378,0,0,0.084256,0.08425599,0.0,0.0,2490378,4325386,2490378,0,0,0.0023995272,0.0023995277,0.0,0.0,1,1,0,0,50,50,0,0,1,1,0,0,50,50,0,0
832978531,2490378,4259850,2490378,0,0,0.083339654,0.08333965,0.0,0.0,2490378,4325386,2490378,0,0,0.0026352792,0.0026352797,0.0,0.0,1,1,0,0,50,50,0,0,1,1,0,0,50,50,0,0
833177608,2490378,4259850,2490378,0,0,0.0749777,0.07497771,0.0,0.0,2490378,4325386,2490378,0,0,0.0022963856,0.002296386,0.0,0.0,1,1,0,0,50,50,0,0,1,1,0,0,50,50,0,0
833376653,2490378,4259850,2490378,0,0,0.06658124,0.066581234,0.0,0.0,2490378,4325386,2490378,0,0,0.0025024025,0.002502402,0.0,0.0,1,1,0,0,50,50,0,0,1,1,0,0,50,50,0,0
833575722,2490378,4259850,2490378,0,0,0.07230191,0.07230191,0.0,0.0,2490378,4325386,2490378,0,0,0.0027586326,0.0027586326,0.0,0.0,1,1,0,0,50,50,0,0,1,1,0,0,50,50,0,0
833774788,2490378,4259850,2490378,0,0,0.073881805,0.07388182,0.0,0.0,2490378,4325386,2490378,0,0,0.0025026128,0.0025026123,0.0,0.0,1,1,0,0,50,50,0,0,1,1,0,0,50,50,0,0
833973858,2490378,4259850,2490378,0,0,0.070732854,0.07073287,0.0,0.0,2490378,4325386,2490378,0,0,0.0027882988,0.0027882988,0.0,0.0,1,1,0,0,50,50,0,0,1,1,0,0,50,50,0,0
834177928,2490378,4259850,2490378,0,0,0.074015364,0.07401537,0.0,0.0,2490378,4325386,2490378,0,0,0.0028628705,0.0028628705,0.0,0.0,1,1,0,0,50,50,0,0,1,1,0,0,50,50,0,0
834376978,2490378,4259850,2490378,0,0,0.07123948,0.07123949,0.0,0.0,2490378,4325386,2490378,0,0,0.0027693994,0.0027693997,0.0,0.0,1,1,0,0,50,50,0,0,1,1,0,0,50,50,0,0
834576031,2490378,4259850,2490378,0,0,0.07212273,0.072122745,0.0,0.0,2490378,4325386,2490378,0,0,0.002932823,0.002932823,0.0,0.0,1,1,0,0,50,50,0,0,1,1,0,0,50,50,0,0
834775127,2490378,4259850,2490378,0,0,0.079869635,0.07986964,0.0,0.0,2490378,4325386,2490378,0,0,0.00217804,0.00217804,0.0,0.0,1,1,0,0,50,50,0,0,1,1,0,0,50,50,0,0
834974166,2490378,4259850,2490378,0,0,0.07548569,0.0754857,0.0,0.0,2490378,4325386,2490378,0,0,0.0027241916,0.0027241914,0.0,0.0,1,1,0,0,50,50,0,0,1,1,0,0,50,50,0,0
835173235,2490378,4259850,2490378,0,0,0.07655741,0.0765574,0.0,0.0,2490378,4325386,2490378,0,0,0.0026876843,0.002687684,0.0,0.0,1,1,0,0,50,50,0,0,1,1,0,0,50,50,0,0
835372330,2490378,4259850,2490378,0,0,0.078695506,0.078695476,0.0,0.0,2490378,4325386,2490378,0,0,0.003032708,0.0030327085,0.0,0.0,1,1,0,0,50,50,0,0,1,1,0,0,50,50,0,0
835576352,2490378,4259850,2490378,0,0,0.07791954,0.07791953,0.0,0.0,2490378,4325386,2490378,0,0,0.002861518,0.0028615182,0.0,0.0,1,1,0,0,50,50,0,0,1,1,0,0,50,50,0,0
835775430,2490378,4259850,2490378,0,0,0.079845436,0.079845436,0.0,0.0,2490378,4325386,2490378,0,0,0.0029185857,0.0029185857,0.0,0.0,1,1,0,0,50,50,0,0,1,1,0,0,50,50,0,0
835974484,2490378,4259850,2490378,0,0,0.06775983,0.067759804,0.0,0.0,2490378,4325386,2490378,0,0,0.0026360129,0.0026360126,0.0,0.0,1,1,0,0,50,50,0,0,1,1,0,0,50,50,0,0
836173548,2490378,4259850,2490378,0,0,0.07869628,0.07869627,0.0,0.0,2490378,4325386,2490378,0,0,0.0042265444,0.004226544,0.0,0.0,1,1,0,0,50,50,0,0,1,1,0,0,50,50,0,0
836372682,2490378,4259850,2490378,0,0,0.09738017,0.097380176,0.0,0.0,2490378,4325386,2490378,0,0,0.002778591,0.002778592,0.0,0.0,1,1,0,0,50,50,0,0,1,1,0,0,50,50,0,0
836571683,2490378,4259850,2490378,0,0,0.09937129,0.09937129,0.0,0.0,2490378,4325386,2490378,0,0,0.0050852415,0.0050852415,0.0,0.0,1,1,0,0,50,50,0,0,1,1,0,0,50,50,0,0
836775723,2490378,4259850,2490378,0,0,0.12349607,0.123496056,0.0,0.0,2490378,4325386,2490378,0,0,0.004468786,0.004468786,0.0,0.0,1,1,0,0,50,50,0,0,1,1,0,0,50,50,0,0
836974881,2490378,4259850,2490378,0,0,0.15081213,0.15081218,0.0,0.0,2490378,4325386,2490378,0,0,0.0018867193,0.0018867193,0.0,0.0,1,1,0,0,50,50,0,0,1,1,0,0,50,50,0,0
837173867,2490378,4259850,2490378,0,0,0.13377118,0.13377117,0.0,0.0,2490378,4325386,2490378,0,0,0.0025491063,0.0025491065,0.0,0.0,1,1,0,0,50,50,0,0,1,1,0,0,50,50,0,0
837377907,2490378,4259850,2490378,0,0,0.13377428,0.13377428,0.0,0.0,2490378,4325386,2490378,0,0,0.0030038366,0.0030038364,0.0,0.0,1,1,0,0,50,50,0,0,1,1,0,0,50,50,0,0
837577001,2490378,4259850,2490378,0,0,0.1054314,0.10543141,0.0,0.0,2490378,4325386,2490378,0,0,0.004914065,0.004914066,0.0,0.0,1,1,0,0,50,50,0,0,1,1,0,0,50,50,0,0
837776034,2490378,4259850,2490378,0,0,0.12412365,0.12412363,0.0,0.0,2490378,4325386,2490378,0,0,0.0036533992,0.0036534015,0.0,0.0,1,1,0,0,50,50,0,0,1,1,0,0,50,50,0,0
837975102,2490378,4259850,2490378,0,0,0.13167323,0.13167323,0.0,0.0,2490378,4325386,2490378,0,0,0.0039932174,0.003993217,0.0,0.0,1,1,0,0,50,50,0,0,1,1,0,0,50,50,0,0
838174187,2490378,4259850,2490378,0,0,0.13488299,0.13488296,0.0,0.0,2490378,4325386,2490378,0,0,0.0033600358,0.0033600358,0.0,0.0,1,1,0,0,50,50,0,0,1,1,0,0,50,50,0,0
838378211,2490378,4259850,2490378,0,0,0.13299493,0.13299493,0.0,0.0,2490378,4325386,2490378,0,0,0.0033280193,0.0033280193,0.0,0.0,1,1,0,0,50,50,0,0,1,1,0,0,50,50,0,0
838577283,2490378,4259850,2490378,0,0,0.13268225,0.13268226,0.0,0.0,2490378,4325386,2490378,0,0,0.0032932928,0.0032932924,0.0,0.0,1,1,0,0,50,50,0,0,1,1,0,0,50,50,0,0
838776348,2490378,4259850,2490378,0,0,0.13795564,0.1379556,0.0,0.0,2490378,4325386,2490378,0,0,0.0012301924,0.0012301926,0.0,0.0,1,1,0,0,50,50,0,0,1,1,0,0,50,50,0,0
838975413,2490378,4259850,2490378,0,0,0.1322147,0.13221467,0.0,0.0,2490378,4325386,2490378,0,0,0.002617437,0.0026174374,0.0,0.0,1,1,0,0,50,50,0,0,1,1,0,0,50,50,0,0
839174497,2490378,4259850,2490378,0,0,0.13093345,0.13093346,0.0,0.0,2490378,4325386,2490378,0,0,0.0031375538,0.0031375543,0.0,0.0,1,1,0,0,50,50,0,0,1,1,0,0,50,50,0,0
839373574,2490378,4259850,2490378,0,0,0.12045233,0.120452315,0.0,0.0,2490378,4325386,2490378,0,0,0.003884144,0.0038841444,0.0,0.0,1,1,0,0,50,50,0,0,1,1,0,0,50,50,0,0
839572650,2490378,4259850,2490378,0,0,0.12729827,0.12729827,0.0,0.0,2490378,4325386,2490378,0,0,0.0034565493,0.0034565495,0.0,0.0,1,1,0,0,50,50,0,0,1,1,0,0,50,50,0,0
839776731,2490378,4259850,2490378,0,0,0.13253535,0.13253532,0.0,0.0,2490378,4325386,2490378,0,0,0.0034802614,0.0034802617,0.0,0.0,1,1,0,0,50,50,0,0,1,1,0,0,50,50,0,0
839975747,2490378,4259850,2490378,0,0,0.13013288,0.1301329,0.0,0.0,2490378,4325386,2490378,0,0,0.004127058,0.00412706,0.0,0.0,1,1,0,0,50,50,0,0,1,1,0,0,50,50,0,0
840174799,2490378,4259850,2490378,0,0,0.13208897,0.13208899,0.0,0.0,2490378,4325386,2490378,0,0,0.002818421,0.0028184215,0.0,0.0,1,1,0,0,50,50,0,0,1,1,0,0,50,50,0,0
840373881,2490378,4259850,2490378,0,0,0.13293855,0.13293855,0.0,0.0,2490378,4325386,2490378,0,0,0.0019186579,0.001918658,0.0,0.0,1,1,0,0,50,50,0,0,1,1,0,0,50,50,0,0
840572927,2490378,4259850,2490378,0,0,0.13381079,0.1338108,0.0,0.0,2490378,4325386,2490378,0,0,0.0025541016,0.0025541014,0.0,0.0,1,1,0,0,50,50,0,0,1,1,0,0,50,50,0,0
840771993,2490378,4259850,2490378,0,0,0.13339065,0.13339068,0.0,0.0,2490378,4325386,2490378,0,0,0.002753147,0.0027531472,0.0,0.0,1,1,0,0,50,50,0,0,1,1,0,0,50,50,0,0
840976039,2490378,4259850,2490378,0,0,0.13458374,0.13458377,0.0,0.0,2490378,4325386,2490378,0,0,0.0027586627,0.0027586627,0.0,0.0,1,1,0,0,50,50,0,0,1,1,0,0,50,50,0,0
841175102,2490378,4259850,2490378,0,0,0.1347569,0.13475686,0.0,0.0,2490378,4325386,2490378,0,0,0.0024503502,0.0024503502,0.0,0.0,1,1,0,0,50,50,0,0,1,1,0,0,50,50,0,0
841374196,2490378,4259850,2490378,0,0,0.1338563,0.13385627,0.0,0.0,2490378,4325386,2490378,0,0,0.0025813566,0.0025813566,0.0,0.0,1,1,0,0,50,50,0,0,1,1,0,0,50,50,0,0
841573238,2490378,4259850,2490378,0,0,0.13204134,0.13204135,0.0,0.0,2490378,4325386,2490378,0,0,0.0030629607,0.0030629607,0.0,0.0,1,1,0,0,50,50,0,0,1,1,0,0,50,50,0,0
841777278,2490378,4259850,2490378,0,0,0.13046047,0.13046044,0.0,0.0,2490378,4325386,2490378,0,0,0.002522881,0.0025228795,0.0,0.0,1,1,0,0,50,50,0,0,1,1,0,0,50,50,0,0
841976348,2490378,4259850,2490378,0,0,0.13180715,0.1318072,0.0,0.0,2490378,4325386,2490378,0,0,0.0023956806,0.0023956797,0.0,0.0,1,1,0,0,50,50,0,0,1,1,0,0,50,50,0,0
842175413,2490378,4259850,2490378,0,0,0.13024104,0.13024105,0.0,0.0,2490378,4325386,2490378,0,0,0.0021127919,0.0021127916,0.0,0.0,1,1,0,0,50,50,0,0,1,1,0,0,50,50,0,0
842374478,2490378,4259850,2490378,0,0,0.1282442,0.1282442,0.0,0.0,2490378,4325386,2490378,0,0,0.0026554484,0.002655448,0.0,0.0,1,1,0,0,50,50,0,0,1,1,0,0,50,50,0,0
842578566,2490378,4259850,2490378,0,0,0.13035682,0.13035682,0.0,0.0,2490378,4325386,2490378,0,0,0.0025814995,0.0025814997,0.0,0.0,1,1,0,0,50,50,0,0,1,1,0,0,50,50,0,0
842777613,2490378,4259850,2490378,0,0,0.13161966,0.13161968,0.0,0.0,2490378,4325386,2490378,0,0,0.0031739047,0.0031739054,0.0,0.0,1,1,0,0,50,50,0,0,1,1,0,0,50,50,0,0
842976657,2490378,4259850,2490378,0,0,0.13237968,0.1323797,0.0,0.0,2490378,4325386,2490378,0,0,0.002956177,0.0029561785,0.0,0.0,1,1,0,0,50,50,0,0,1,1,0,0,50,50,0,0
843175724,2490378,4259850,2490378,0,0,0.13567023,0.1356702,0.0,0.0,2490378,4325386,2490378,0,0,0.0027130458,0.0027130458,0.0,0.0,1,1,0,0,50,50,0,0,1,1,0,0,50,50,0,0
843374792,2490378,4259850,2490378,0,0,0.1412479,0.14124788,0.0,0.0,2490378,4325386,2490378,0,0,0.0020432468,0.0020432465,0.0,0.0,1,1,0,0,50,50,0,0,1,1,0,0,50,50,0,0
843573857,2490378,4259850,2490378,0,0,0.13020788,0.13020785,0.0,0.0,2490378,4325386,2490378,0,0,0.0032423257,0.0032423255,0.0,0.0,1,1,0,0,50,50,0,0,1,1,0,0,50,50,0,0
843772923,2490378,4259850,2490378,0,0,0.12880479,0.12880479,0.0,0.0,2490378,4325386,2490378,0,0,0.00255679,0.0025567904,0.0,0.0,1,1,0,0,50,50,0,0,1,1,0,0,50,50,0,0
843976964,2490378,4259850,2490378,0,0,0.13208906,0.13208905,0.0,0.0,2490378,4325386,2490378,0,0,0.0027332606,0.002733261,0.0,0.0,1,1,0,0,50,50,0,0,1,1,0,0,50,50,0,0
844176061,2490378,4259850,2490378,0,0,0.13076173,0.13076173,0.0,0.0,2490378,4325386,2490378,0,0,0.0023582857,0.0023582857,0.0,0.0,1,1,0,0,50,50,0,0,1,1,0,0,50,50,0,0
844375105,2490378,4259850,2490378,0,0,0.13265012,0.1326501,0.0,0.0,2490378,4325386,2490378,0,0,0.0018674511,0.001867451,0.0,0.0,1,1,0,0,50,50,0,0,1,1,0,0,50,50,0,0
844574166,2490378,4259850,2490378,0,0,0.1309503,0.1309503,0.0,0.0,2490378,4325386,2490378,0,0,0.002806478,0.0028064777,0.0,0.0,1,1,0,0,50,50,0,0,1,1,0,0,50,50,0,0
844773240,2490378,4259850,2490378,0,0,0.13367501,0.133675,0.0,0.0,2490378,4325386,2490378,0,0,0.0026461869,0.0026461866,0.0,0.0,1,1,0,0,50,50,0,0,1,1,0,0,50,50,0,0
844972312,2490378,4259850,2490378,0,0,0.13262755,0.13262756,0.0,0.0,2490378,4325386,2490378,0,0,0.0023296545,0.0023296545,0.0,0.0,1,1,0,0,50,50,0,0,1,1,0,0,50,50,0,0
845171367,2490378,4259850,2490378,0,0,0.1304693,0.13046932,0.0,0.0,2490378,4325386,2490378,0,0,0.003124482,0.003124482,0.0,0.0,1,1,0,0,50,50,0,0,1,1,0,0,50,50,0,0
845375455,2490378,4259850,2490378,0,0,0.1292902,0.1292902,0.0,0.0,2490378,4325386,2490378,0,0,0.0027766353,0.002776635,0.0,0.0,1,1,0,0,50,50,0,0,1,1,0,0,50,50,0,0
845574482,2490378,4259850,2490378,0,0,0.13057901,0.130579,0.0,0.0,2490378,4325386,2490378,0,0,0.0028765094,0.0028765092,0.0,0.0,1,1,0,0,50,50,0,0,1,1,0,0,50,50,0,0
845773538,2490378,4259850,2490378,0,0,0.13017464,0.13017462,0.0,0.0,2490378,4325386,2490378,0,0,0.0023180984,0.0023180987,0.0,0.0,1,1,0,0,50,50,0,0,1,1,0,0,50,50,0,0
845972609,2490378,4259850,2490378,0,0,0.13043946,0.13043948,0.0,0.0,2490378,4325386,2490378,0,0,0.0027780992,0.0027780994,0.0,0.0,1,1,0,0,50,50,0,0,1,1,0,0,50,50,0,0
846176655,2490378,4259850,2490378,0,0,0.13119918,0.13119918,0.0,0.0,2490378,4325386,2490378,0,0,0.002813747,0.002813747,0.0,0.0,1,1,0,0,50,50,0,0,1,1,0,0,50,50,0,0
846375714,2490378,4259850,2490378,0,0,0.13014527,0.13014525,0.0,0.0,2490378,4325386,2490378,0,0,0.0025732783,0.002573278,0.0,0.0,1,1,0,0,50,50,0,0,1,1,0,0,50,50,0,0
846574779,2490378,4259850,2490378,0,0,0.13143726,0.13143724,0.0,0.0,2490378,4325386,2490378,0,0,0.00256836,0.0025683595,0.0,0.0,1,1,0,0,50,50,0,0,1,1,0,0,50,50,0,0
846778822,2490378,4259850,2490378,0,0,0.12936996,0.12936996,0.0,0.0,2490378,4325386,2490378,0,0,0.0029026885,0.0029026885,0.0,0.0,1,1,0,0,50,50,0,0,1,1,0,0,50,50,0,0
846977914,2490378,4259850,2490378,0,0,0.1276314,0.1276314,0.0,0.0,2490378,4325386,2490378,0,0,0.0027056185,0.0027056185,0.0,0.0,1,1,0,0,50,50,0,0,1,1,0,0,50,50,0,0
847176960,2490378,4259850,2490378,0,0,0.13059185,0.13059182,0.0,0.0,2490378,4325386,2490378,0,0,0.0024298097,0.0024298097,0.0,0.0,1,1,0,0,50,50,0,0,1,1,0,0,50,50,0,0
847376100,2490378,4259850,2490378,0,0,0.13067463,0.1306746,0.0,0.0,2490378,4325386,2490378,0,0,0.0024203486,0.0024203488,0.0,0.0,1,1,0,0,50,50,0,0,1,1,0,0,50,50,0,0
847575171,2490378,4259850,2490378,0,0,0.13316493,0.13316493,0.0,0.0,2490378,4325386,2490378,0,0,0.0024832014,0.0024832012,0.0,0.0,1,1,0,0,50,50,0,0,1,1,0,0,50,50,0,0
847774155,2490378,4259850,2490378,0,0,0.13256802,0.13256803,0.0,0.0,2490378,4325386,2490378,0,0,0.0025200944,0.0025200944,0.0,0.0,1,1,0,0,50,50,0,0,1,1,0,0,50,50,0,0
847973221,2490378,4259850,2490378,0,0,0.13101222,0.13101226,0.0,0.0,2490378,4325386,2490378,0,0,0.002498508,0.002498508,0.0,0.0,1,1,0,0,50,50,0,0,1,1,0,0,50,50,0,0
848177295,2490378,4259850,2490378,0,0,0.13304853,0.13304855,0.0,0.0,2490378,4325386,2490378,0,0,0.0027262252,0.0027262252,0.0,0.0,1,1,0,0,50,50,0,0,1,1,0,0,50,50,0,0
848376390,2490378,4259850,2490378,0,0,0.13217537,0.13217537,0.0,0.0,2490378,4325386,2490378,0,0,0.0026168071,0.0026168071,0.0,0.0,1,1,0,0,50,50,0,0,1,1,0,0,50,50,0,0
848575393,2490378,4259850,2490378,0,0,0.12999673,0.12999672,0.0,0.0,2490378,4325386,2490378,0,0,0.0028604707,0.0028604702,0.0,0.0,1,1,0,0,50,50,0,0,1,1,0,0,50,50,0,0
848774462,2490378,4259850,2490378,0,0,0.12853132,0.12853132,0.0,0.0,2490378,4325386,2490378,0,0,0.003083932,0.003083932,0.0,0.0,1,1,0,0,50,50,0,0,1,1,0,0,50,50,0,0
848973549,2490378,4259850,2490378,0,0,0.13251056,0.13251057,0.0,0.0,2490378,4325386,2490378,0,0,0.0026594594,0.0026594591,0.0,0.0,1,1,0,0,50,50,0,0,1,1,0,0,50,50,0,0
849172594,2490378,4259850,2490378,0,0,0.12849888,0.12849891,0.0,0.0,2490378,4325386,2490378,0,0,0.0023909772,0.0023909772,0.0,0.0,1,1,0,0,50,50,0,0,1,1,0,0,50,50,0,0
849371699,2490378,4259850,2490378,0,0,0.12913264,0.12913267,0.0,0.0,2490378,4325386,2490378,0,0,0.0030575916,0.0030575916,0.0,0.0,1,1,0,0,50,50,0,0,1,1,0,0,50,50,0,0
849575724,2490378,4259850,2490378,0,0,0.13348386,0.13348386,0.0,0.0,2490378,4325386,2490378,0,0,0.0025599548,0.0025599548,0.0,0.0,1,1,0,0,50,50,0,0,1,1,0,0,50,50,0,0
849774768,2490378,4259850,2490378,0,0,0.12671617,0.12671617,0.0,0.0,2490378,4325386,2490378,0,0,0.0026543536,0.0026543534,0.0,0.0,1,1,0,0,50,50,0,0,1,1,0,0,50,50,0,0
849973866,2490378,4259850,2490378,0,0,0.1281078,0.1281078,0.0,0.0,2490378,4325386,2490378,0,0,0.0017775786,0.0017775791,0.0,0.0,1,1,0,0,50,50,0,0,1,1,0,0,50,50,0,0
850172901,2490378,4259850,2490378,0,0,0.13275495,0.13275495,0.0,0.0,2490378,4325386,2490378,0,0,0.0036043895,0.0036043923,0.0,0.0,1,1,0,0,50,50,0,0,1,1,0,0,50,50,0,0
850376972,2490378,4259850,2490378,0,0,0.1324467,0.13244674,0.0,0.0,2490378,4325386,2490378,0,0,0.0027986933,0.0027986933,0.0,0.0,1,1,0,0,50,50,0,0,1,1,0,0,50,50,0,0
850576008,2490378,4259850,2490378,0,0,0.14106458,0.14106458,0.0,0.0,2490378,4325386,2490378,0,0,0.0021997914,0.0021997893,0.0,0.0,1,1,0,0,50,50,0,0,1,1,0,0,50,50,0,0
850775072,2490378,4259850,2490378,0,0,0.13040672,0.13040672,0.0,0.0,2490378,4325386,2490378,0,0,0.0028292576,0.0028292576,0.0,0.0,1,1,0,0,50,50,0,0,1,1,0,0,50,50,0,0
850974158,2490378,4259850,2490378,0,0,0.1290099,0.1290099,0.0,0.0,2490378,4325386,2490378,0,0,0.0033145337,0.0033145337,0.0,0.0,1,1,0,0,50,50,0,0,1,1,0,0,50,50,0,0
851178186,2490378,4259850,2490378,0,0,0.13221003,0.13221003,0.0,0.0,2490378,4325386,2490378,0,0,0.0027603107,0.0027603104,0.0,0.0,1,1,0,0,50,50,0,0,1,1,0,0,50,50,0,0
851377244,2490378,4259850,2490378,0,0,0.13372025,0.13372025,0.0,0.0,2490378,4325386,2490378,0,0,0.0028591787,0.0028591787,0.0,0.0,1,1,0,0,50,50,0,0,1,1,0,0,50,50,0,0
851576312,2490378,4259850,2490378,0,0,0.13040346,0.13040344,0.0,0.0,2490378,4325386,2490378,0,0,0.0022604957,0.0022604957,0.0,0.0,1,1,0,0,50,50,0,0,1,1,0,0,50,50,0,0
851775382,2490378,4259850,2490378,0,0,0.13196076,0.13196076,0.0,0.0,2490378,4325386,2490378,0,0,0.0023104283,0.0023104285,0.0,0.0,1,1,0,0,50,50,0,0,1,1,0,0,50,50,0,0
851974434,2490378,4259850,2490378,0,0,0.13018191,0.13018192,0.0,0.0,2490378,4325386,2490378,0,0,0.0027346173,0.002734617,0.0,0.0,1,1,0,0,50,50,0,0,1,1,0,0,50,50,0,0
852173514,2490378,4259850,2490378,0,0,0.13067834,0.13067837,0.0,0.0,2490378,4325386,2490378,0,0,0.0026045307,0.0026045307,0.0,0.0,1,1,0,0,50,50,0,0,1,1,0,0,50,50,0,0
852377551,2490378,4259850,2490378,0,0,0.12798418,0.12798418,0.0,0.0,2490378,4325386,2490378,0,0,0.0024569205,0.0024569207,0.0,0.0,1,1,0,0,50,50,0,0,1,1,0,0,50,50,0,0
852576625,2490378,4259850,2490378,0,0,0.12900354,0.12900354,0.0,0.0,2490378,4325386,2490378,0,0,0.0028244136,0.0028244136,0.0,0.0,1,1,0,0,50,50,0,0,1,1,0,0,50,50,0,0
852775715,2490378,4259850,2490378,0,0,0.12973873,0.12973873,0.0,0.0,2490378,4325386,2490378,0,0,0.0029284428,0.0029284426,0.0,0.0,1,1,0,0,50,50,0,0,1,1,0,0,50,50,0,0
852974749,2490378,4259850,2490378,0,0,0.13240005,0.13240008,0.0,0.0,2490378,4325386,2490378,0,0,0.0028331047,0.0028331045,0.0,0.0,1,1,0,0,50,50,0,0,1,1,0,0,50,50,0,0
853173849,2490378,4259850,2490378,0,0,0.11840043,0.11840045,0.0,0.0,2490378,4325386,2490378,0,0,0.0035470375,0.003547037,0.0,0.0,1,1,0,0,50,50,0,0,1,1,0,0,50,50,0,0
853372878,2490378,4259850,2490378,0,0,0.12944466,0.12944467,0.0,0.0,2490378,4325386,2490378,0,0,0.0031928516,0.0031928516,0.0,0.0,1,1,0,0,50,50,0,0,1,1,0,0,50,50,0,0
853571944,2490378,4259850,2490378,0,0,0.12795836,0.12795834,0.0,0.0,2490378,4325386,2490378,0,0,0.002405416,0.0024054158,0.0,0.0,1,1,0,0,50,50,0,0,1,1,0,0,50,50,0,0
853775986,2490378,4259850,2490378,0,0,0.11688159,0.1168816,0.0,0.0,2490378,4325386,2490378,0,0,0.0038485792,0.0038485792,0.0,0.0,1,1,0,0,50,50,0,0,1,1,0,0,50,50,0,0
853975051,2490378,4259850,2490378,0,0,0.10272742,0.102727436,0.0,0.0,2490378,4325386,2490378,0,0,0.0026896945,0.0026896945,0.0,0.0,1,1,0,0,50,50,0,0,1,1,0,0,50,50,0,0
854174127,2490378,4259850,2490378,0,0,0.062440526,0.062440548,0.0,0.0,2490378,4325386,2490378,0,0,0.0026189724,0.0026189724,0.0,0.0,1,1,0,0,50,50,0,0,1,1,0,0,50,50,0,0
854373214,2490378,4259850,2490378,0,0,0.0512266,0.05122658,0.0,0.0,2490378,4325386,2490378,0,0,0.0019843287,0.0019843283,0.0,0.0,1,1,0,0,50,50,0,0,1,1,0,0,50,50,0,0
854572250,2490378,4259850,2490378,0,0,0.051486384,0.051486377,0.0,0.0,2490378,4325386,2490378,0,0,0.0018027755,0.0018027759,0.0,0.0,1,1,0,0,50,50,0,0,1,1,0,0,50,50,0,0
854776288,2490378,4259850,2490378,0,0,0.061263457,0.06126342,0.0,0.0,2490378,4325386,2490378,0,0,0.0019516294,0.0019516295,0.0,0.0,1,1,0,0,50,50,0,0,1,1,0,0,50,50,0,0
854975357,2490378,4259850,2490378,0,0,0.044854082,0.04485402,0.0,0.0,2490378,4325386,2490378,0,0,0.002206265,0.0022062652,0.0,0.0,1,1,0,0,50,50,0,0,1,1,0,0,50,50,0,0
855174422,2490378,4259850,2490378,0,0,0.04478906,0.04478905,0.0,0.0,2490378,4325386,2490378,0,0,0.002999326,0.002999326,0.0,0.0,1,1,0,0,50,50,0,0,1,1,0,0,50,50,0,0
855378698,2490378,4259850,2490378,0,0,0.04987902,0.049879014,0.0,0.0,2490378,4325386,2490378,0,0,0.0024012637,0.002401262,0.0,0.0,1,1,0,0,50,50,0,0,1,1,0,0,50,50,0,0
855577526,2490378,4259850,2490378,0,0,0.06213581,0.06213579,0.0,0.0,2490378,4325386,2490378,0,0,0.0041381223,0.004138122,0.0,0.0,1,1,0,0,50,50,0,0,1,1,0,0,50,50,0,0
855776622,2490378,4259850,2490378,0,0,0.086184844,0.08618483,0.0,0.0,2490378,4325386,2490378,0,0,0.0026456038,0.002645604,0.0,0.0,1,1,0,0,50,50,0,0,1,1,0,0,50,50,0,0
855975726,2490378,4259850,2490378,0,0,0.10362979,0.10362977,0.0,0.0,2490378,4325386,2490378,0,0,0.0022651264,0.0022651267,0.0,0.0,1,1,0,0,50,50,0,0,1,1,0,0,50,50,0,0
856174743,2490378,4259850,2490378,0,0,0.10888823,0.108888246,0.0,0.0,2490378,4325386,2490378,0,0,0.0026019057,0.0026019057,0.0,0.0,1,1,0,0,50,50,0,0,1,1,0,0,50,50,0,0
856373791,2490378,4259850,2490378,0,0,0.11499291,0.11499292,0.0,0.0,2490378,4325386,2490378,0,0,0.002178594,0.0021785938,0.0,0.0,1,1,0,0,50,50,0,0,1,1,0,0,50,50,0,0
856577831,2490378,4259850,2490378,0,0,0.10050574,0.10050574,0.0,0.0,2490378,4325386,2490378,0,0,0.002335297,0.0023352967,0.0,0.0,1,1,0,0,50,50,0,0,1,1,0,0,50,50,0,0
856776897,2490378,4259850,2490378,0,0,0.110028826,0.11002883,0.0,0.0,2490378,4325386,2490378,0,0,0.0022025965,0.0022025965,0.0,0.0,1,1,0,0,50,50,0,0,1,1,0,0,50,50,0,0
856975962,2490378,4259850,2490378,0,0,0.11156156,0.11156156,0.0,0.0,2490378,4325386,2490378,0,0,0.002480097,0.0024800969,0.0,0.0,1,1,0,0,50,50,0,0,1,1,0,0,50,50,0,0
857175027,2490378,4259850,2490378,0,0,0.10819804,0.108198054,0.0,0.0,2490378,4325386,2490378,0,0,0.0020824962,0.0020824964,0.0,0.0,1,1,0,0,50,50,0,0,1,1,0,0,50,50,0,0
857374091,2490378,4259850,2490378,0,0,0.10757993,0.10757995,0.0,0.0,2490378,4325386,2490378,0,0,0.0028338623,0.0028338623,0.0,0.0,1,1,0,0,50,50,0,0,1,1,0,0,50,50,0,0
857573156,2490378,4259850,2490378,0,0,0.10562543,0.105625406,0.0,0.0,2490378,4325386,2490378,0,0,0.0027587453,0.0027587453,0.0,0.0,1,1,0,0,50,50,0,0,1,1,0,0,50,50,0,0
857772220,2490378,4259850,2490378,0,0,0.10722206,0.10722204,0.0,0.0,2490378,4325386,2490378,0,0,0.0023226987,0.0023226987,0.0,0.0,1,1,0,0,50,50,0,0,1,1,0,0,50,50,0,0
857976276,2490378,4259850,2490378,0,0,0.110839695,0.110839665,0.0,0.0,2490378,4325386,2490378,0,0,0.0026882358,0.0026882358,0.0,0.0,1,1,0,0,50,50,0,0,1,1,0,0,50,50,0,0
858175358,2490378,4259850,2490378,0,0,0.11252701,0.11252699,0.0,0.0,2490378,4325386,2490378,0,0,0.0025719348,0.0025719348,0.0,0.0,1,1,0,0,50,50,0,0,1,1,0,0,50,50,0,0
858374394,2490378,4259850,2490378,0,0,0.11699043,0.11699042,0.0,0.0,2490378,4325386,2490378,0,0,0.0023022024,0.0023022024,0.0,0.0,1,1,0,0,50,50,0,0,1,1,0,0,50,50,0,0
858573470,2490378,4259850,2490378,0,0,0.11243363,0.11243364,0.0,0.0,2490378,4325386,2490378,0,0,0.002764883,0.0027648825,0.0,0.0,1,1,0,0,50,50,0,0,1,1,0,0,50,50,0,0
858772568,2490378,4259850,2490378,0,0,0.11684134,0.11684134,0.0,0.0,2490378,4325386,2490378,0,0,0.0024134098,0.0024134098,0.0,0.0,1,1,0,0,50,50,0,0,1,1,0,0,50,50,0,0
858971589,2490378,4259850,2490378,0,0,0.11792392,0.11792391,0.0,0.0,2490378,4325386,2490378,0,0,0.0024118966,0.0024118966,0.0,0.0,1,1,0,0,50,50,0,0,1,1,0,0,50,50,0,0
859175633,2490378,4259850,2490378,0,0,0.118666664,0.11866665,0.0,0.0,2490378,4325386,2490378,0,0,0.0026372902,0.0026372902,0.0,0.0,1,1,0,0,50,50,0,0,1,1,0,0,50,50,0,0
859374695,2490378,4259850,2490378,0,0,0.11952449,0.1195245,0.0,0.0,2490378,4325386,2490378,0,0,0.0028639743,0.0028639745,0.0,0.0,1,1,0,0,50,50,0,0,1,1,0,0,50,50,0,0
859573781,2490378,4259850,2490378,0,0,0.11759329,0.11759326,0.0,0.0,2490378,4325386,2490378,0,0,0.0029286637,0.0029286642,0.0,0.0,1,1,0,0,50,50,0,0,1,1,0,0,50,50,0,0
859777874,2490378,4259850,2490378,0,0,0.11452527,0.11452528,0.0,0.0,2490378,4325386,2490378,0,0,0.0030335535,0.003033554,0.0,0.0,1,1,0,0,50,50,0,0,1,1,0,0,50,50,0,0
859976865,2490378,4259850,2490378,0,0,0.106201395,0.10620138,0.0,0.0,2490378,4325386,2490378,0,0,0.0027113399,0.0027113403,0.0,0.0,1,1,0,0,50,50,0,0,1,1,0,0,50,50,0,0
860175933,2490378,4259850,2490378,0,0,0.10360236,0.103602335,0.0,0.0,2490378,4325386,2490378,0,0,0.0022765428,0.0022765428,0.0,0.0,1,1,0,0,50,50,0,0,1,1,0,0,50,50,0,0
860374992,2490378,4259850,2490378,0,0,0.10899728,0.10899727,0.0,0.0,2490378,4325386,2490378,0,0,0.003069016,0.0030690155,0.0,0.0,1,1,0,0,50,50,0,0,1,1,0,0,50,50,0,0
860574059,2490378,4259850,2490378,0,0,0.11500585,0.11500583,0.0,0.0,2490378,4325386,2490378,0,0,0.0025773698,0.00257737,0.0,0.0,1,1,0,0,50,50,0,0,1,1,0,0,50,50,0,0
860778101,2490378,4259850,2490378,0,0,0.11974303,0.11974304,0.0,0.0,2490378,4325386,2490378,0,0,0.0025987232,0.002598723,0.0,0.0,1,1,0,0,50,50,0,0,1,1,0,0,50,50,0,0
860977208,2490378,4259850,2490378,0,0,0.12338826,0.123388276,0.0,0.0,2490378,4325386,2490378,0,0,0.0026680662,0.0026680662,0.0,0.0,1,1,0,0,50,50,0,0,1,1,0,0,50,50,0,0
861176262,2490378,4259850,2490378,0,0,0.12273855,0.122738555,0.0,0.0,2490378,4325386,2490378,0,0,0.0029458879,0.0029458879,0.0,0.0,1,1,0,0,50,50,0,0,1,1,0,0,50,50,0,0
861375295,2490378,4259850,2490378,0,0,0.12012095,0.12012096,0.0,0.0,2490378,4325386,2490378,0,0,0.0027414225,0.0027414227,0.0,0.0,1,1,0,0,50,50,0,0,1,1,0,0,50,50,0,0
861574360,2490378,4259850,2490378,0,0,0.10394575,0.10394573,0.0,0.0,2490378,4325386,2490378,0,0,0.0030009567,0.0030009565,0.0,0.0,1,1,0,0,50,50,0,0,1,1,0,0,50,50,0,0
861773428,2490378,4259850,2490378,0,0,0.08930292,0.089302935,0.0,0.0,2490378,4325386,2490378,0,0,0.00257771,0.0025777097,0.0,0.0,1,1,0,0,50,50,0,0,1,1,0,0,50,50,0,0
861972490,2490378,4259850,2490378,0,0,0.11148041,0.11148044,0.0,0.0,2490378,4325386,2490378,0,0,0.0026536975,0.0026536977,0.0,0.0,1,1,0,0,50,50,0,0,1,1,0,0,50,50,0,0
862176562,2490378,4259850,2490378,0,0,0.11284462,0.11284461,0.0,0.0,2490378,4325386,2490378,0,0,0.0026932515,0.0026932515,0.0,0.0,1,1,0,0,50,50,0,0,1,1,0,0,50,50,0,0
862375598,2490378,4259850,2490378,0,0,0.11370588,0.11370588,0.0,0.0,2490378,4325386,2490378,0,0,0.002635091,0.002635091,0.0,0.0,1,1,0,0,50,50,0,0,1,1,0,0,50,50,0,0
862574665,2490378,4259850,2490378,0,0,0.113841385,0.11384147,0.0,0.0,2490378,4325386,2490378,0,0,0.0023385752,0.0023385752,0.0,0.0,1,1,0,0,50,50,0,0,1,1,0,0,50,50,0,0
862773730,2490378,4259850,2490378,0,0,0.10733595,0.107335925,0.0,0.0,2490378,4325386,2490378,0,0,0.0028146605,0.0028146608,0.0,0.0,1,1,0,0,50,50,0,0,1,1,0,0,50,50,0,0
862972788,2490378,4259850,2490378,0,0,0.11553817,0.115538165,0.0,0.0,2490378,4325386,2490378,0,0,0.0029064633,0.002906463,0.0,0.0,1,1,0,0,50,50,0,0,1,1,0,0,50,50,0,0
863171854,2490378,4259850,2490378,0,0,0.12163092,0.12163094,0.0,0.0,2490378,4325386,2490378,0,0,0.002152966,0.002152966,0.0,0.0,1,1,0,0,50,50,0,0,1,1,0,0,50,50,0,0
863375913,2490378,4259850,2490378,0,0,0.12392947,0.12392947,0.0,0.0,2490378,4325386,2490378,0,0,0.001802323,0.001802323,0.0,0.0,1,1,0,0,50,50,0,0,1,1,0,0,50,50,0,0
863574960,2490378,4259850,2490378,0,0,0.12048324,0.12048325,0.0,0.0,2490378,4325386,2490378,0,0,0.0020770286,0.0020770286,0.0,0.0,1,1,0,0,50,50,0,0,1,1,0,0,50,50,0,0
863774073,2490378,4259850,2490378,0,0,0.12357079,0.12357081,0.0,0.0,2490378,4325386,2490378,0,0,0.0026183932,0.0026183932,0.0,0.0,1,1,0,0,50,50,0,0,1,1,0,0,50,50,0,0
863973088,2490378,4259850,2490378,0,0,0.124239706,0.124239706,0.0,0.0,2490378,4325386,2490378,0,0,0.002925325,0.0029253247,0.0,0.0,1,1,0,0,50,50,0,0,1,1,0,0,50,50,0,0
864177132,2490378,4259850,2490378,0,0,0.12189666,0.12189666,0.0,0.0,2490378,4325386,2490378,0,0,0.0030615048,0.0030615048,0.0,0.0,1,1,0,0,50,50,0,0,1,1,0,0,50,50,0,0
864376193,2490378,4259850,2490378,0,0,0.12203639,0.1220364,0.0,0.0,2490378,4325386,2490378,0,0,0.0026362638,0.0026362638,0.0,0.0,1,1,0,0,50,50,0,0,1,1,0,0,50,50,0,0
864575258,2490378,4259850,2490378,0,0,0.121018715,0.121018715,0.0,0.0,2490378,4325386,2490378,0,0,0.0029925788,0.0029925785,0.0,0.0,1,1,0,0,50,50,0,0,1,1,0,0,50,50,0,0
864774348,2490378,4259850,2490378,0,0,0.117934935,0.11793493,0.0,0.0,2490378,4325386,2490378,0,0,0.0031227914,0.0031227912,0.0,0.0,1,1,0,0,50,50,0,0,1,1,0,0,50,50,0,0
864978367,2490378,4259850,2490378,0,0,0.11627635,0.116276324,0.0,0.0,2490378,4325386,2490378,0,0,0.0028376523,0.0028376523,0.0,0.0,1,1,0,0,50,50,0,0,1,1,0,0,50,50,0,0
865177432,2490378,4259850,2490378,0,0,0.11791961,0.11791961,0.0,0.0,2490378,4325386,2490378,0,0,0.0024302176,0.0024302176,0.0,0.0,1,1,0,0,50,50,0,0,1,1,0,0,50,50,0,0
865376819,2490378,4259850,2490378,0,0,0.11684189,0.1168419,0.0,0.0,2490378,4325386,2490378,0,0,0.0025680135,0.0025680135,0.0,0.0,1,1,0,0,50,50,0,0,1,1,0,0,50,50,0,0
865575557,2490378,4259850,2490378,0,0,0.1186952,0.11869519,0.0,0.0,2490378,4325386,2490378,0,0,0.0024414854,0.0024414856,0.0,0.0,1,1,0,0,50,50,0,0,1,1,0,0,50,50,0,0
865774622,2490378,4259850,2490378,0,0,0.12283048,0.12283048,0.0,0.0,2490378,4325386,2490378,0,0,0.0025376135,0.0025376137,0.0,0.0,1,1,0,0,50,50,0,0,1,1,0,0,50,50,0,0
865973843,2490378,4259850,2490378,0,0,0.12295163,0.12295165,0.0,0.0,2490378,4325386,2490378,0,0,0.0025269818,0.0025269818,0.0,0.0,1,1,0,0,50,50,0,0,1,1,0,0,50,50,0,0
866172785,2490378,4259850,2490378,0,0,0.12356717,0.12356718,0.0,0.0,2490378,4325386,2490378,0,0,0.0018530973,0.0018530972,0.0,0.0,1,1,0,0,50,50,0,0,1,1,0,0,50,50,0,0
866376791,2490378,4259850,2490378,0,0,0.12596022,0.12596022,0.0,0.0,2490378,4325386,2490378,0,0,0.002309554,0.0023095543,0.0,0.0,1,1,0,0,50,50,0,0,1,1,0,0,50,50,0,0
866575896,2490378,4259850,2490378,0,0,0.11975075,0.11975076,0.0,0.0,2490378,4325386,2490378,0,0,0.0009427577,0.0009427578,0.0,0.0,1,1,0,0,50,50,0,0,1,1,0,0,50,50,0,0
866774918,2490378,4259850,2490378,0,0,0.11399394,0.11399395,0.0,0.0,2490378,4325386,2490378,0,0,0.0027272615,0.002727261,0.0,0.0,1,1,0,0,50,50,0,0,1,1,0,0,50,50,0,0
866973985,2490378,4259850,2490378,0,0,0.11703974,0.11703973,0.0,0.0,2490378,4325386,2490378,0,0,0.0014059173,0.0014059173,0.0,0.0,1,1,0,0,50,50,0,0,1,1,0,0,50,50,0,0
867173045,2490378,4259850,2490378,0,0,0.11733445,0.11733446,0.0,0.0,2490378,4325386,2490378,0,0,0.0024471208,0.0024471215,0.0,0.0,1,1,0,0,50,50,0,0,1,1,0,0,50,50,0,0
867372150,2490378,4259850,2490378,0,0,0.124199644,0.12419964,0.0,0.0,2490378,4325386,2490378,0,0,0.002246713,0.0022467133,0.0,0.0,1,1,0,0,50,50,0,0,1,1,0,0,50,50,0,0
867571187,2490378,4259850,2490378,0,0,0.12277362,0.122773625,0.0,0.0,2490378,4325386,2490378,0,0,0.002451851,0.002451851,0.0,0.0,1,1,0,0,50,50,0,0,1,1,0,0,50,50,0,0
867775216,2490378,4259850,2490378,0,0,0.115412876,0.115412876,0.0,0.0,2490378,4325386,2490378,0,0,0.0030515771,0.0030515778,0.0,0.0,1,1,0,0,50,50,0,0,1,1,0,0,50,50,0,0
867974280,2490378,4259850,2490378,0,0,0.12404742,0.12404742,0.0,0.0,2490378,4325386,2490378,0,0,0.0024116177,0.0024116177,0.0,0.0,1,1,0,0,50,50,0,0,1,1,0,0,50,50,0,0
868173344,2490378,4259850,2490378,0,0,0.12509345,0.12509345,0.0,0.0,2490378,4325386,2490378,0,0,0.0025645564,0.0025645562,0.0,0.0,1,1,0,0,50,50,0,0,1,1,0,0,50,50,0,0
868377383,2490378,4259850,2490378,0,0,0.11895394,0.11895391,0.0,0.0,2490378,4325386,2490378,0,0,0.0023423107,0.0023423093,0.0,0.0,1,1,0,0,50,50,0,0,1,1,0,0,50,50,0,0
868576446,2490378,4259850,2490378,0,0,0.12489008,0.124890104,0.0,0.0,2490378,4325386,2490378,0,0,0.0021938253,0.0021938256,0.0,0.0,1,1,0,0,50,50,0,0,1,1,0,0,50,50,0,0
868775561,2490378,4259850,2490378,0,0,0.10734185,0.10734184,0.0,0.0,2490378,4325386,2490378,0,0,0.0027800547,0.0027800545,0.0,0.0,1,1,0,0,50,50,0,0,1,1,0,0,50,50,0,0
868974575,2490378,4259850,2490378,0,0,0.117206134,0.117206104,0.0,0.0,2490378,4325386,2490378,0,0,0.0022207794,0.0022207794,0.0,0.0,1,1,0,0,50,50,0,0,1,1,0,0,50,50,0,0
869178620,2490378,4259850,2490378,0,0,0.12212284,0.12212284,0.0,0.0,2490378,4325386,2490378,0,0,0.0010089547,0.0010089547,0.0,0.0,1,1,0,0,50,50,0,0,1,1,0,0,50,50,0,0
869377683,2490378,4259850,2490378,0,0,0.111537896,0.11153792,0.0,0.0,2490378,4325386,2490378,0,0,0.0017936958,0.0017936957,0.0,0.0,1,1,0,0,50,50,0,0,1,1,0,0,50,50,0,0
869576752,2490378,4259850,2490378,0,0,0.11291768,0.11291768,0.0,0.0,2490378,4325386,2490378,0,0,0.0020325147,0.0020325165,0.0,0.0,1,1,0,0,50,50,0,0,1,1,0,0,50,50,0,0
869775910,2490378,4259850,2490378,0,0,0.09695059,0.09695062,0.0,0.0,2490378,4325386,2490378,0,0,0.003031939,0.0030319386,0.0,0.0,1,1,0,0,50,50,0,0,1,1,0,0,50,50,0,0
869974871,2490378,4259850,2490378,0,0,0.06428154,0.06428152,0.0,0.0,2490378,4325386,2490378,0,0,0.004695721,0.0046957205,0.0,0.0,1,1,0,0,50,50,0,0,1,1,0,0,50,50,0,0
870173942,2490378,4259850,2490378,0,0,0.047965422,0.04796544,0.0,0.0,2490378,4325386,2490378,0,0,0.0036711572,0.0036711572,0.0,0.0,1,1,0,0,50,50,0,0,1,1,0,0,50,50,0,0
870373000,2490378,4259850,2490378,0,0,0.02324241,0.023242408,0.0,0.0,2490378,4325386,2490378,0,0,0.0032670987,0.0032670996,0.0,0.0,1,1,0,0,50,50,0,0,1,1,0,0,50,50,0,0
870577043,2490378,4259850,2490378,0,0,0.015221641,0.015221636,0.0,0.0,2490378,4325386,2490378,0,0,0.0031427664,0.0031427664,0.0,0.0,1,1,0,0,50,50,0,0,1,1,0,0,50,50,0,0
870776107,2490378,4259850,2490378,0,0,0.03356124,0.033561233,0.0,0.0,2490378,4325386,2490378,0,0,0.0027555712,0.0027555719,0.0,0.0,1,1,0,0,50,50,0,0,1,1,0,0,50,50,0,0
870975604,2490378,4259850,2490378,0,0,0.10028386,0.100283876,0.0,0.0,2490378,4325386,2490378,0,0,0.0021957166,0.002195719,0.0,0.0,1,1,0,0,50,50,0,0,1,1,0,0,50,50,0,0
871174237,2490378,4259850,2490378,0,0,0.114645645,0.11464564,0.0,0.0,2490378,4325386,2490378,0,0,0.0030605427,0.0030605432,0.0,0.0,1,1,0,0,50,50,0,0,1,1,0,0,50,50,0,0
871373296,2490378,4259850,2490378,0,0,0.11649897,0.116498955,0.0,0.0,2490378,4325386,2490378,0,0,0.0027845192,0.0027845192,0.0,0.0,1,1,0,0,50,50,0,0,1,1,0,0,50,50,0,0
871572388,2490378,4259850,2490378,0,0,0.120284945,0.12028493,0.0,0.0,2490378,4325386,2490378,0,0,0.0026439403,0.0026439412,0.0,0.0,1,1,0,0,50,50,0,0,1,1,0,0,50,50,0,0
871771425,2490378,4259850,2490378,0,0,0.11220434,0.11220434,0.0,0.0,2490378,4325386,2490378,0,0,0.0036869308,0.0036869303,0.0,0.0,1,1,0,0,50,50,0,0,1,1,0,0,50,50,0,0
871975470,2490378,4259850,2490378,0,0,0.11442182,0.114421844,0.0,0.0,2490378,4325386,2490378,0,0,0.0027908415,0.0027908413,0.0,0.0,1,1,0,0,50,50,0,0,1,1,0,0,50,50,0,0
872174554,2490378,4259850,2490378,0,0,0.12718911,0.12718911,0.0,0.0,2490378,4325386,2490378,0,0,0.0038136013,0.0038136002,0.0,0.0,1,1,0,0,50,50,0,0,1,1,0,0,50,50,0,0
872373589,2490378,4259850,2490378,0,0,0.13100046,0.13100046,0.0,0.0,2490378,4325386,2490378,0,0,0.0025982005,0.0025982002,0.0,0.0,1,1,0,0,50,50,0,0,1,1,0,0,50,50,0,0
872572659,2490378,4259850,2490378,0,0,0.12499965,0.12499966,0.0,0.0,2490378,4325386,2490378,0,0,0.0029172273,0.0029172273,0.0,0.0,1,1,0,0,50,50,0,0,1,1,0,0,50,50,0,0
872776700,2490378,4259850,2490378,0,0,0.124409415,0.12440942,0.0,0.0,2490378,4325386,2490378,0,0,0.003969797,0.003969797,0.0,0.0,1,1,0,0,50,50,0,0,1,1,0,0,50,50,0,0
872975764,2490378,4259850,2490378,0,0,0.12538274,0.12538275,0.0,0.0,2490378,4325386,2490378,0,0,0.0026779883,0.0026779883,0.0,0.0,1,1,0,0,50,50,0,0,1,1,0,0,50,50,0,0
873175132,2490378,4259850,2490378,0,0,0.1256272,0.12562722,0.0,0.0,2490378,4325386,2490378,0,0,0.002234018,0.0022340165,0.0,0.0,1,1,0,0,50,50,0,0,1,1,0,0,50,50,0,0
873378867,2490378,4259850,2490378,0,0,0.13110979,0.1311098,0.0,0.0,2490378,4325386,2490378,0,0,0.00022608152,0.00022608261,0.0,0.0,1,1,0,0,50,50,0,0,1,1,0,0,50,50,0,0
873577926,2490378,4259850,2490378,0,0,0.12769307,0.12769307,0.0,0.0,2490378,4325386,2490378,0,0,0.0027222047,0.0027222051,0.0,0.0,1,1,0,0,50,50,0,0,1,1,0,0,50,50,0,0
873777504,2490378,4259850,2490378,0,0,0.12922864,0.12922862,0.0,0.0,2490378,4325386,2490378,0,0,0.0059358124,0.005935812,0.0,0.0,1,1,0,0,50,50,0,0,1,1,0,0,50,50,0,0
873976057,2490378,4259850,2490378,0,0,0.12867047,0.12867044,0.0,0.0,2490378,4325386,2490378,0,0,0.004510474,0.0045104725,0.0,0.0,1,1,0,0,50,50,0,0,1,1,0,0,50,50,0,0
874175147,2490378,4259850,2490378,0,0,0.12613626,0.12613624,0.0,0.0,2490378,4325386,2490378,0,0,0.0020104358,0.0020104358,0.0,0.0,1,1,0,0,50,50,0,0,1,1,0,0,50,50,0,0
874374225,2490378,4259850,2490378,0,0,0.1238455,0.1238455,0.0,0.0,2490378,4325386,2490378,0,0,0.0023587036,0.002358704,0.0,0.0,1,1,0,0,50,50,0,0,1,1,0,0,50,50,0,0
874573250,2490378,4259850,2490378,0,0,0.1263348,0.12633479,0.0,0.0,2490378,4325386,2490378,0,0,0.0025589853,0.0025589853,0.0,0.0,1,1,0,0,50,50,0,0,1,1,0,0,50,50,0,0
874777289,2490378,4259850,2490378,0,0,0.12817274,0.12817274,0.0,0.0,2490378,4325386,2490378,0,0,0.00034306085,0.00034306,0.0,0.0,1,1,0,0,50,50,0,0,1,1,0,0,50,50,0,0
874976356,2490378,4259850,2490378,0,0,0.12397726,0.12397722,0.0,0.0,2490378,4325386,2490378,0,0,0.0082579665,0.0082579665,0.0,0.0,1,1,0,0,50,50,0,0,1,1,0,0,50,50,0,0
875175416,2490378,4259850,2490378,0,0,0.1264682,0.1264682,0.0,0.0,2490378,4325386,2490378,0,0,0.00306849,0.00306849,0.0,0.0,1,1,0,0,50,50,0,0,1,1,0,0,50,50,0,0
875374771,2490378,4259850,2490378,0,0,0.12965639,0.12965639,0.0,0.0,2490378,4325386,2490378,0,0,0.002764548,0.002764548,0.0,0.0,1,1,0,0,50,50,0,0,1,1,0,0,50,50,0,0
875573549,2490378,4259850,2490378,0,0,0.13071246,0.13071246,0.0,0.0,2490378,4325386,2490378,0,0,0.0025584467,0.002558446,0.0,0.0,1,1,0,0,50,50,0,0,1,1,0,0,50,50,0,0
875772610,2490378,4259850,2490378,0,0,0.12783392,0.12783389,0.0,0.0,2490378,4325386,2490378,0,0,0.002827887,0.002827887,0.0,0.0,1,1,0,0,50,50,0,0,1,1,0,0,50,50,0,0
875971669,2490378,4259850,2490378,0,0,0.12762149,0.12762147,0.0,0.0,2490378,4325386,2490378,0,0,0.0027122311,0.0027122311,0.0,0.0,1,1,0,0,50,50,0,0,1,1,0,0,50,50,0,0
876175714,2490378,4259850,2490378,0,0,0.12960511,0.12960511,0.0,0.0,2490378,4325386,2490378,0,0,0.002853359,0.002853359,0.0,0.0,1,1,0,0,50,50,0,0,1,1,0,0,50,50,0,0
876374773,2490378,4259850,2490378,0,0,0.12653908,0.12653908,0.0,0.0,2490378,4325386,2490378,0,0,0.0024961163,0.0024961163,0.0,0.0,1,1,0,0,50,50,0,0,1,1,0,0,50,50,0,0
876573868,2490378,4259850,2490378,0,0,0.12927657,0.12927656,0.0,0.0,2490378,4325386,2490378,0,0,0.0029866693,0.0029866693,0.0,0.0,1,1,0,0,50,50,0,0,1,1,0,0,50,50,0,0
876772899,2490378,4259850,2490378,0,0,0.12658459,0.12658459,0.0,0.0,2490378,4325386,2490378,0,0,0.0026982336,0.002698234,0.0,0.0,1,1,0,0,50,50,0,0,1,1,0,0,50,50,0,0
876976936,2490378,4259850,2490378,0,0,0.12566224,0.12566221,0.0,0.0,2490378,4325386,2490378,0,0,0.0030815578,0.0030815578,0.0,0.0,1,1,0,0,50,50,0,0,1,1,0,0,50,50,0,0
877176023,2490378,4259850,2490378,0,0,0.12845401,0.12845401,0.0,0.0,2490378,4325386,2490378,0,0,0.0023705324,0.0023705324,0.0,0.0,1,1,0,0,50,50,0,0,1,1,0,0,50,50,0,0
877375096,2490378,4259850,2490378,0,0,0.12960994,0.12960997,0.0,0.0,2490378,4325386,2490378,0,0,0.001968666,0.0019686655,0.0,0.0,1,1,0,0,50,50,0,0,1,1,0,0,50,50,0,0
877574212,2490378,4259850,2490378,0,0,0.12829927,0.12829927,0.0,0.0,2490378,4325386,2490378,0,0,0.0025623387,0.0025623392,0.0,0.0,1,1,0,0,50,50,0,0,1,1,0,0,50,50,0,0
877778171,2490378,4259850,2490378,0,0,0.12734707,0.12734707,0.0,0.0,2490378,4325386,2490378,0,0,0.0025701954,0.0025701958,0.0,0.0,1,1,0,0,50,50,0,0,1,1,0,0,50,50,0,0
877977234,2490378,4259850,2490378,0,0,0.12978283,0.12978281,0.0,0.0,2490378,4325386,2490378,0,0,0.002615187,0.002615187,0.0,0.0,1,1,0,0,50,50,0,0,1,1,0,0,50,50,0,0
878176296,2490378,4259850,2490378,0,0,0.13089925,0.13089924,0.0,0.0,2490378,4325386,2490378,0,0,0.002813655,0.0028136557,0.0,0.0,1,1,0,0,50,50,0,0,1,1,0,0,50,50,0,0
878375362,2490378,4259850,2490378,0,0,0.12945622,0.12945624,0.0,0.0,2490378,4325386,2490378,0,0,0.0025864139,0.0025864139,0.0,0.0,1,1,0,0,50,50,0,0,1,1,0,0,50,50,0,0
878574451,2490378,4259850,2490378,0,0,0.12917551,0.12917553,0.0,0.0,2490378,4325386,2490378,0,0,0.0025845785,0.0025845785,0.0,0.0,1,1,0,0,50,50,0,0,1,1,0,0,50,50,0,0
878773597,2490378,4259850,2490378,0,0,0.1317777,0.1317777,0.0,0.0,2490378,4325386,2490378,0,0,0.0025431635,0.0025431635,0.0,0.0,1,1,0,0,50,50,0,0,1,1,0,0,50,50,0,0
878977526,2490378,4259850,2490378,0,0,0.1308191,0.13081911,0.0,0.0,2490378,4325386,2490378,0,0,0.0023915311,0.0023915311,0.0,0.0,1,1,0,0,50,50,0,0,1,1,0,0,50,50,0,0
879176591,2490378,4259850,2490378,0,0,0.12888102,0.12888102,0.0,0.0,2490378,4325386,2490378,0,0,0.0025037776,0.0025037774,0.0,0.0,1,1,0,0,50,50,0,0,1,1,0,0,50,50,0,0
879375685,2490378,4259850,2490378,0,0,0.12904443,0.12904444,0.0,0.0,2490378,4325386,2490378,0,0,0.0028072016,0.0028072016,0.0,0.0,1,1,0,0,50,50,0,0,1,1,0,0,50,50,0,0
879574722,2490378,4259850,2490378,0,0,0.13330445,0.13330443,0.0,0.0,2490378,4325386,2490378,0,0,0.002144656,0.002144656,0.0,0.0,1,1,0,0,50,50,0,0,1,1,0,0,50,50,0,0
879773830,2490378,4259850,2490378,0,0,0.13059649,0.13059649,0.0,0.0,2490378,4325386,2490378,0,0,0.0025951664,0.0025951667,0.0,0.0,1,1,0,0,50,50,0,0,1,1,0,0,50,50,0,0
879972844,2490378,4259850,2490378,0,0,0.12786049,0.1278605,0.0,0.0,2490378,4325386,2490378,0,0,0.0024000828,0.0024000825,0.0,0.0,1,1,0,0,50,50,0,0,1,1,0,0,50,50,0,0
880171907,2490378,4259850,2490378,0,0,0.13063839,0.1306384,0.0,0.0,2490378,4325386,2490378,0,0,0.002518182,0.002518182,0.0,0.0,1,1,0,0,50,50,0,0,1,1,0,0,50,50,0,0
880375947,2490378,4259850,2490378,0,0,0.12960635,0.12960634,0.0,0.0,2490378,4325386,2490378,0,0,0.0022592398,0.0022592398,0.0,0.0,1,1,0,0,50,50,0,0,1,1,0,0,50,50,0,0
880575014,2490378,4259850,2490378,0,0,0.12214526,0.12214522,0.0,0.0,2490378,4325386,2490378,0,0,0.0029645727,0.002964573,0.0,0.0,1,1,0,0,50,50,0,0,1,1,0,0,50,50,0,0
880774091,2490378,4259850,2490378,0,0,0.12992987,0.12992987,0.0,0.0,2490378,4325386,2490378,0,0,0.0023297267,0.0023297267,0.0,0.0,1,1,0,0,50,50,0,0,1,1,0,0,50,50,0,0
880973484,2490378,4259850,2490378,0,0,0.1300558,0.13005579,0.0,0.0,2490378,4325386,2490378,0,0,0.002632676,0.002632676,0.0,0.0,1,1,0,0,50,50,0,0,1,1,0,0,50,50,0,0
881172201,2490378,4259850,2490378,0,0,0.11582697,0.11582699,0.0,0.0,2490378,4325386,2490378,0,0,0.0032425944,0.0032425944,0.0,0.0,1,1,0,0,50,50,0,0,1,1,0,0,50,50,0,0
881376244,2490378,4259850,2490378,0,0,0.12887056,0.12887056,0.0,0.0,2490378,4325386,2490378,0,0,0.0022835687,0.0022835687,0.0,0.0,1,1,0,0,50,50,0,0,1,1,0,0,50,50,0,0
881575338,2490378,4259850,2490378,0,0,0.12743862,0.12743856,0.0,0.0,2490378,4325386,2490378,0,0,0.002677661,0.002677661,0.0,0.0,1,1,0,0,50,50,0,0,1,1,0,0,50,50,0,0
881774369,2490378,4259850,2490378,0,0,0.12871692,0.1287169,0.0,0.0,2490378,4325386,2490378,0,0,0.0023991382,0.0023991382,0.0,0.0,1,1,0,0,50,50,0,0,1,1,0,0,50,50,0,0
881978408,2490378,4259850,2490378,0,0,0.12855159,0.12855159,0.0,0.0,2490378,4325386,2490378,0,0,0.0028003445,0.0028003445,0.0,0.0,1,1,0,0,50,50,0,0,1,1,0,0,50,50,0,0
882177515,2490378,4259850,2490378,0,0,0.12996319,0.1299632,0.0,0.0,2490378,4325386,2490378,0,0,0.0022457244,0.0022457244,0.0,0.0,1,1,0,0,50,50,0,0,1,1,0,0,50,50,0,0
882376534,2490378,4259850,2490378,0,0,0.110264584,0.110264614,0.0,0.0,2490378,4325386,2490378,0,0,0.0031329845,0.0031329845,0.0,0.0,1,1,0,0,50,50,0,0,1,1,0,0,50,50,0,0
882575594,2490378,4259850,2490378,0,0,0.09984898,0.099848956,0.0,0.0,2490378,4325386,2490378,0,0,0.0027449701,0.0027449701,0.0,0.0,1,1,0,0,50,50,0,0,1,1,0,0,50,50,0,0
882774662,2490378,4259850,2490378,0,0,0.12708865,0.12708864,0.0,0.0,2490378,4325386,2490378,0,0,0.0026945898,0.0026945898,0.0,0.0,1,1,0,0,50,50,0,0,1,1,0,0,50,50,0,0
882973728,2490378,4259850,2490378,0,0,0.1320239,0.13202392,0.0,0.0,2490378,4325386,2490378,0,0,0.0027771723,0.0027771727,0.0,0.0,1,1,0,0,50,50,0,0,1,1,0,0,50,50,0,0
883177760,2490378,4259850,2490378,0,0,0.13328472,0.1332847,0.0,0.0,2490378,4325386,2490378,0,0,0.00277807,0.00277807,0.0,0.0,1,1,0,0,50,50,0,0,1,1,0,0,50,50,0,0
883376848,2490378,4259850,2490378,0,0,0.13223223,0.13223222,0.0,0.0,2490378,4325386,2490378,0,0,0.002417884,0.002417884,0.0,0.0,1,1,0,0,50,50,0,0,1,1,0,0,50,50,0,0
883575889,2490378,4259850,2490378,0,0,0.12937003,0.12937002,0.0,0.0,2490378,4325386,2490378,0,0,0.002352993,0.002352993,0.0,0.0,1,1,0,0,50,50,0,0,1,1,0,0,50,50,0,0
883774950,2490378,4259850,2490378,0,0,0.12967052,0.12967052,0.0,0.0,2490378,4325386,2490378,0,0,0.0023649484,0.0023649484,0.0,0.0,1,1,0,0,50,50,0,0,1,1,0,0,50,50,0,0
883974014,2490378,4259850,2490378,0,0,0.13179474,0.13179472,0.0,0.0,2490378,4325386,2490378,0,0,0.0024143383,0.0024143383,0.0,0.0,1,1,0,0,50,50,0,0,1,1,0,0,50,50,0,0
884173082,2490378,4259850,2490378,0,0,0.12514982,0.1251498,0.0,0.0,2490378,4325386,2490378,0,0,0.0023921344,0.0023921342,0.0,0.0,1,1,0,0,50,50,0,0,1,1,0,0,50,50,0,0
884372172,2490378,4259850,2490378,0,0,0.12872516,0.12872514,0.0,0.0,2490378,4325386,2490378,0,0,0.00223942,0.00223942,0.0,0.0,1,1,0,0,50,50,0,0,1,1,0,0,50,50,0,0
884576212,2490378,4259850,2490378,0,0,0.1302626,0.13026261,0.0,0.0,2490378,4325386,2490378,0,0,0.0026876596,0.0026876596,0.0,0.0,1,1,0,0,50,50,0,0,1,1,0,0,50,50,0,0
884775246,2490378,4259850,2490378,0,0,0.13070513,0.13070513,0.0,0.0,2490378,4325386,2490378,0,0,0.0027434337,0.0027434337,0.0,0.0,1,1,0,0,50,50,0,0,1,1,0,0,50,50,0,0
884974324,2490378,4259850,2490378,0,0,0.12254478,0.12254474,0.0,0.0,2490378,4325386,2490378,0,0,0.002360607,0.0023606073,0.0,0.0,1,1,0,0,50,50,0,0,1,1,0,0,50,50,0,0
885173376,2490378,4259850,2490378,0,0,0.13176322,0.13176325,0.0,0.0,2490378,4325386,2490378,0,0,0.0018579643,0.0018579641,0.0,0.0,1,1,0,0,50,50,0,0,1,1,0,0,50,50,0,0
885372444,2490378,4259850,2490378,0,0,0.13084579,0.13084579,0.0,0.0,2490378,4325386,2490378,0,0,0.0025381462,0.0025381462,0.0,0.0,1,1,0,0,50,50,0,0,1,1,0,0,50,50,0,0
885576552,2490378,4259850,2490378,0,0,0.12352387,0.12352387,0.0,0.0,2490378,4325386,2490378,0,0,0.0020682097,0.0020682095,0.0,0.0,1,1,0,0,50,50,0,0,1,1,0,0,50,50,0,0
885775563,2490378,4259850,2490378,0,0,0.12861072,0.12861072,0.0,0.0,2490378,4325386,2490378,0,0,0.0026757375,0.0026757375,0.0,0.0,1,1,0,0,50,50,0,0,1,1,0,0,50,50,0,0
885974596,2490378,4259850,2490378,0,0,0.13074777,0.13074778,0.0,0.0,2490378,4325386,2490378,0,0,0.0024250646,0.0024250646,0.0,0.0,1,1,0,0,50,50,0,0,1,1,0,0,50,50,0,0
886173666,2490378,4259850,2490378,0,0,0.12642933,0.12642933,0.0,0.0,2490378,4325386,2490378,0,0,0.002240656,0.002240656,0.0,0.0,1,1,0,0,50,50,0,0,1,1,0,0,50,50,0,0
886377702,2490378,4259850,2490378,0,0,0.12639664,0.12639664,0.0,0.0,2490378,4325386,2490378,0,0,0.0022776185,0.0022776185,0.0,0.0,1,1,0,0,50,50,0,0,1,1,0,0,50,50,0,0
886576782,2490378,4259850,2490378,0,0,0.1305568,0.13055684,0.0,0.0,2490378,4325386,2490378,0,0,0.0028045077,0.002804508,0.0,0.0,1,1,0,0,50,50,0,0,1,1,0,0,50,50,0,0
886775825,2490378,4259850,2490378,0,0,0.1309843,0.13098432,0.0,0.0,2490378,4325386,2490378,0,0,0.0027075817,0.0027075817,0.0,0.0,1,1,0,0,50,50,0,0,1,1,0,0,50,50,0,0
886974914,2490378,4259850,2490378,0,0,0.13183829,0.13183828,0.0,0.0,2490378,4325386,2490378,0,0,0.0025935704,0.0025935706,0.0,0.0,1,1,0,0,50,50,0,0,1,1,0,0,50,50,0,0
887173982,2490378,4259850,2490378,0,0,0.12924847,0.12924848,0.0,0.0,2490378,4325386,2490378,0,0,0.0027100546,0.002710055,0.0,0.0,1,1,0,0,50,50,0,0,1,1,0,0,50,50,0,0
887378004,2490378,4259850,2490378,0,0,0.12983152,0.12983154,0.0,0.0,2490378,4325386,2490378,0,0,0.0028596495,0.0028596497,0.0,0.0,1,1,0,0,50,50,0,0,1,1,0,0,50,50,0,0
887577053,2490378,4259850,2490378,0,0,0.1303664,0.1303664,0.0,0.0,2490378,4325386,2490378,0,0,0.0022731768,0.0022731768,0.0,0.0,1,1,0,0,50,50,0,0,1,1,0,0,50,50,0,0
887776117,2490378,4259850,2490378,0,0,0.1184069,0.11840685,0.0,0.0,2490378,4325386,2490378,0,0,0.0024632148,0.002463215,0.0,0.0,1,1,0,0,50,50,0,0,1,1,0,0,50,50,0,0
887975178,2490378,4259850,2490378,0,0,0.12736316,0.12736318,0.0,0.0,2490378,4325386,2490378,0,0,0.0028748019,0.0028748019,0.0,0.0,1,1,0,0,50,50,0,0,1,1,0,0,50,50,0,0
888174263,2490378,4259850,2490378,0,0,0.13277565,0.13277565,0.0,0.0,2490378,4325386,2490378,0,0,0.0022502493,0.0022502495,0.0,0.0,1,1,0,0,50,50,0,0,1,1,0,0,50,50,0,0
888373307,2490378,4259850,2490378,0,0,0.12667473,0.12667473,0.0,0.0,2490378,4325386,2490378,0,0,0.0024133378,0.0024133378,0.0,0.0,1,1,0,0,50,50,0,0,1,1,0,0,50,50,0,0
888572372,2490378,4259850,2490378,0,0,0.12388582,0.1238858,0.0,0.0,2490378,4325386,2490378,0,0,0.0023676972,0.0023676972,0.0,0.0,1,1,0,0,50,50,0,0,1,1,0,0,50,50,0,0
888776411,2490378,4259850,2490378,0,0,0.1285223,0.1285223,0.0,0.0,2490378,4325386,2490378,0,0,0.0023569295,0.0023569292,0.0,0.0,1,1,0,0,50,50,0,0,1,1,0,0,50,50,0,0
888975470,2490378,4259850,2490378,0,0,0.1254518,0.1254518,0.0,0.0,2490378,4325386,2490378,0,0,0.0016763563,0.001676356,0.0,0.0,1,1,0,0,50,50,0,0,1,1,0,0,50,50,0,0
889174571,2490378,4259850,2490378,0,0,0.1269189,0.12691888,0.0,0.0,2490378,4325386,2490378,0,0,0.002558651,0.002558651,0.0,0.0,1,1,0,0,50,50,0,0,1,1,0,0,50,50,0,0
889373631,2490378,4259850,2490378,0,0,0.12925495,0.12925494,0.0,0.0,2490378,4325386,2490378,0,0,0.0018858887,0.0018858887,0.0,0.0,1,1,0,0,50,50,0,0,1,1,0,0,50,50,0,0
889572662,2490378,4259850,2490378,0,0,0.128205,0.128205,0.0,0.0,2490378,4325386,2490378,0,0,0.002299584,0.0022995844,0.0,0.0,1,1,0,0,50,50,0,0,1,1,0,0,50,50,0,0
889771747,2490378,4259850,2490378,0,0,0.12965906,0.12965903,0.0,0.0,2490378,4325386,2490378,0,0,0.0022763489,0.0022763493,0.0,0.0,1,1,0,0,50,50,0,0,1,1,0,0,50,50,0,0
889975935,2490378,4259850,2490378,0,0,0.12809694,0.12809694,0.0,0.0,2490378,4325386,2490378,0,0,0.0023450833,0.0023450833,0.0,0.0,1,1,0,0,50,50,0,0,1,1,0,0,50,50,0,0
890174826,2490378,4259850,2490378,0,0,0.1222451,0.12224515,0.0,0.0,2490378,4325386,2490378,0,0,0.0024619927,0.0024619931,0.0,0.0,1,1,0,0,50,50,0,0,1,1,0,0,50,50,0,0
890373913,2490378,4259850,2490378,0,0,0.12637904,0.12637904,0.0,0.0,2490378,4325386,2490378,0,0,0.0030443987,0.0030443987,0.0,0.0,1,1,0,0,50,50,0,0,1,1,0,0,50,50,0,0
890577928,2490378,4259850,2490378,0,0,0.13316576,0.13316579,0.0,0.0,2490378,4325386,2490378,0,0,0.0022755447,0.0022755452,0.0,0.0,1,1,0,0,50,50,0,0,1,1,0,0,50,50,0,0
890776988,2490378,4259850,2490378,0,0,0.13121922,0.13121922,0.0,0.0,2490378,4325386,2490378,0,0,0.0023442437,0.0023442437,0.0,0.0,1,1,0,0,50,50,0,0,1,1,0,0,50,50,0,0
890976050,2490378,4259850,2490378,0,0,0.1312359,0.13123593,0.0,0.0,2490378,4325386,2490378,0,0,0.0022499443,0.0022499443,0.0,0.0,1,1,0,0,50,50,0,0,1,1,0,0,50,50,0,0
891175123,2490378,4259850,2490378,0,0,0.132395,0.132395,0.0,0.0,2490378,4325386,2490378,0,0,0.0025492068,0.0025492068,0.0,0.0,1,1,0,0,50,50,0,0,1,1,0,0,50,50,0,0
891374175,2490378,4259850,2490378,0,0,0.13083428,0.1308343,0.0,0.0,2490378,4325386,2490378,0,0,0.002713915,0.0027139147,0.0,0.0,1,1,0,0,50,50,0,0,1,1,0,0,50,50,0,0
891578242,2490378,4259850,2490378,0,0,0.12991978,0.1299198,0.0,0.0,2490378,4325386,2490378,0,0,0.0026473305,0.0026473305,0.0,0.0,1,1,0,0,50,50,0,0,1,1,0,0,50,50,0,0
891777280,2490378,4259850,2490378,0,0,0.12939757,0.12939759,0.0,0.0,2490378,4325386,2490378,0,0,0.002606111,0.002606111,0.0,0.0,1,1,0,0,50,50,0,0,1,1,0,0,50,50,0,0
891976342,2490378,4259850,2490378,0,0,0.120296046,0.120296024,0.0,0.0,2490378,4325386,2490378,0,0,0.0021811854,0.0021811847,0.0,0.0,1,1,0,0,50,50,0,0,1,1,0,0,50,50,0,0
892175442,2490378,4259850,2490378,0,0,0.12171475,0.12171473,0.0,0.0,2490378,4325386,2490378,0,0,0.0021855913,0.0021855913,0.0,0.0,1,1,0,0,50,50,0,0,1,1,0,0,50,50,0,0
892374468,2490378,4259850,2490378,0,0,0.12829024,0.12829025,0.0,0.0,2490378,4325386,2490378,0,0,0.0022984266,0.0022984263,0.0,0.0,1,1,0,0,50,50,0,0,1,1,0,0,50,50,0,0
892573534,2490378,4259850,2490378,0,0,0.13432844,0.13432844,0.0,0.0,2490378,4325386,2490378,0,0,0.002405505,0.002405505,0.0,0.0,1,1,0,0,50,50,0,0,1,1,0,0,50,50,0,0
892772720,2490378,4259850,2490378,0,0,0.1312687,0.13126868,0.0,0.0,2490378,4325386,2490378,0,0,0.0024599335,0.0024599335,0.0,0.0,1,1,0,0,50,50,0,0,1,1,0,0,50,50,0,0
892976636,2490378,4259850,2490378,0,0,0.12711126,0.12711126,0.0,0.0,2490378,4325386,2490378,0,0,0.002616917,0.002616917,0.0,0.0,1,1,0,0,50,50,0,0,1,1,0,0,50,50,0,0
893175698,2490378,4259850,2490378,0,0,0.12876119,0.12876119,0.0,0.0,2490378,4325386,2490378,0,0,0.002773597,0.0027735967,0.0,0.0,1,1,0,0,50,50,0,0,1,1,0,0,50,50,0,0
893374776,2490378,4259850,2490378,0,0,0.12854214,0.12854214,0.0,0.0,2490378,4325386,2490378,0,0,0.0032349862,0.0032349862,0.0,0.0,1,1,0,0,50,50,0,0,1,1,0,0,50,50,0,0
893573829,2490378,4259850,2490378,0,0,0.1290421,0.1290421,0.0,0.0,2490378,4325386,2490378,0,0,0.002387891,0.002387891,0.0,0.0,1,1,0,0,50,50,0,0,1,1,0,0,50,50,0,0
893772882,2490378,4259850,2490378,0,0,0.13010168,0.13010167,0.0,0.0,2490378,4325386,2490378,0,0,0.0022734713,0.0022734709,0.0,0.0,1,1,0,0,50,50,0,0,1,1,0,0,50,50,0,0
893971969,2490378,4259850,2490378,0,0,0.12711518,0.12711518,0.0,0.0,2490378,4325386,2490378,0,0,0.002780152,0.002780152,0.0,0.0,1,1,0,0,50,50,0,0,1,1,0,0,50,50,0,0
894175988,2490378,4259850,2490378,0,0,0.13074732,0.13074735,0.0,0.0,2490378,4325386,2490378,0,0,0.002641861,0.0026418606,0.0,0.0,1,1,0,0,50,50,0,0,1,1,0,0,50,50,0,0
894375046,2490378,4259850,2490378,0,0,0.13189262,0.13189265,0.0,0.0,2490378,4325386,2490378,0,0,0.0025917012,0.0025917012,0.0,0.0,1,1,0,0,50,50,0,0,1,1,0,0,50,50,0,0
894574109,2490378,4259850,2490378,0,0,0.13327365,0.1332736,0.0,0.0,2490378,4325386,2490378,0,0,0.0021404014,0.0021404012,0.0,0.0,1,1,0,0,50,50,0,0,1,1,0,0,50,50,0,0
894773175,2490378,4259850,2490378,0,0,0.13336027,0.13336027,0.0,0.0,2490378,4325386,2490378,0,0,0.0028843894,0.0028843891,0.0,0.0,1,1,0,0,50,50,0,0,1,1,0,0,50,50,0,0
894977263,2490378,4259850,2490378,0,0,0.12989506,0.12989509,0.0,0.0,2490378,4325386,2490378,0,0,0.0025311136,0.0025311136,0.0,0.0,1,1,0,0,50,50,0,0,1,1,0,0,50,50,0,0
895176277,2490378,4259850,2490378,0,0,0.13222262,0.13222262,0.0,0.0,2490378,4325386,2490378,0,0,0.002409636,0.002409636,0.0,0.0,1,1,0,0,50,50,0,0,1,1,0,0,50,50,0,0
895375350,2490378,4259850,2490378,0,0,0.1307992,0.13079922,0.0,0.0,2490378,4325386,2490378,0,0,0.0021391795,0.0021391795,0.0,0.0,1,1,0,0,50,50,0,0,1,1,0,0,50,50,0,0
895574402,2490378,4259850,2490378,0,0,0.12921366,0.12921368,0.0,0.0,2490378,4325386,2490378,0,0,0.0026416043,0.0026416045,0.0,0.0,1,1,0,0,50,50,0,0,1,1,0,0,50,50,0,0
895778437,2490378,4259850,2490378,0,0,0.13313434,0.13313434,0.0,0.0,2490378,4325386,2490378,0,0,0.0025843754,0.0025843757,0.0,0.0,1,1,0,0,50,50,0,0,1,1,0,0,50,50,0,0
895977499,2490378,4259850,2490378,0,0,0.1300569,0.13005689,0.0,0.0,2490378,4325386,2490378,0,0,0.0026324766,0.0026324769,0.0,0.0,1,1,0,0,50,50,0,0,1,1,0,0,50,50,0,0
896176564,2490378,4259850,2490378,0,0,0.13215922,0.1321592,0.0,0.0,2490378,4325386,2490378,0,0,0.002418209,0.002418209,0.0,0.0,1,1,0,0,50,50,0,0,1,1,0,0,50,50,0,0
896375641,2490378,4259850,2490378,0,0,0.1328975,0.13289751,0.0,0.0,2490378,4325386,2490378,0,0,0.0026655141,0.002665514,0.0,0.0,1,1,0,0,50,50,0,0,1,1,0,0,50,50,0,0
896574717,2490378,4259850,2490378,0,0,0.12923522,0.12923524,0.0,0.0,2490378,4325386,2490378,0,0,0.0025112452,0.0025112457,0.0,0.0,1,1,0,0,50,50,0,0,1,1,0,0,50,50,0,0
896773754,2490378,4259850,2490378,0,0,0.13012911,0.13012911,0.0,0.0,2490378,4325386,2490378,0,0,0.0027164526,0.0027164528,0.0,0.0,1,1,0,0,50,50,0,0,1,1,0,0,50,50,0,0
896972817,2490378,4259850,2490378,0,0,0.12819263,0.12819265,0.0,0.0,2490378,4325386,2490378,0,0,0.0024673834,0.0024673836,0.0,0.0,1,1,0,0,50,50,0,0,1,1,0,0,50,50,0,0
897176939,2490378,4259850,2490378,0,0,0.12778014,0.12778015,0.0,0.0,2490378,4325386,2490378,0,0,0.0024386612,0.002438661,0.0,0.0,1,1,0,0,50,50,0,0,1,1,0,0,50,50,0,0
897375916,2490378,4259850,2490378,0,0,0.12958445,0.12958448,0.0,0.0,2490378,4325386,2490378,0,0,0.0025420145,0.0025420147,0.0,0.0,1,1,0,0,50,50,0,0,1,1,0,0,50,50,0,0
897574980,2490378,4259850,2490378,0,0,0.1286376,0.1286376,0.0,0.0,2490378,4325386,2490378,0,0,0.003031771,0.0030317712,0.0,0.0,1,1,0,0,50,50,0,0,1,1,0,0,50,50,0,0
897774073,2490378,4259850,2490378,0,0,0.12624426,0.12624426,0.0,0.0,2490378,4325386,2490378,0,0,0.002835827,0.002835827,0.0,0.0,1,1,0,0,50,50,0,0,1,1,0,0,50,50,0,0
897973104,2490378,4259850,2490378,0,0,0.13144983,0.13144983,0.0,0.0,2490378,4325386,2490378,0,0,0.0025586546,0.0025586549,0.0,0.0,1,1,0,0,50,50,0,0,1,1,0,0,50,50,0,0
898172170,2490378,4259850,2490378,0,0,0.13153851,0.13153851,0.0,0.0,2490378,4325386,2490378,0,0,0.002794737,0.0027947368,0.0,0.0,1,1,0,0,50,50,0,0,1,1,0,0,50,50,0,0
898371263,2490378,4259850,2490378,0,0,0.13278721,0.1327872,0.0,0.0,2490378,4325386,2490378,0,0,0.0030715745,0.0030715745,0.0,0.0,1,1,0,0,50,50,0,0,1,1,0,0,50,50,0,0
898575266,2490378,4259850,2490378,0,0,0.103881195,0.103881195,0.0,0.0,2490378,4325386,2490378,0,0,0.003407334,0.0034073337,0.0,0.0,1,1,0,0,50,50,0,0,1,1,0,0,50,50,0,0
898774328,2490378,4259850,2490378,0,0,0.101553835,0.10155383,0.0,0.0,2490378,4325386,2490378,0,0,0.0025475034,0.0025475032,0.0,0.0,1,1,0,0,50,50,0,0,1,1,0,0,50,50,0,0
898973396,2490378,4259850,2490378,0,0,0.12273806,0.12273811,0.0,0.0,2490378,4325386,2490378,0,0,0.0026331148,0.0026331146,0.0,0.0,1,1,0,0,50,50,0,0,1,1,0,0,50,50,0,0
899177432,2490378,4259850,2490378,0,0,0.13136214,0.13136214,0.0,0.0,2490378,4325386,2490378,0,0,0.00213212,0.00213212,0.0,0.0,1,1,0,0,50,50,0,0,1,1,0,0,50,50,0,0
899376492,2490378,4259850,2490378,0,0,0.12826957,0.12826957,0.0,0.0,2490378,4325386,2490378,0,0,0.0022600023,0.0022600018,0.0,0.0,1,1,0,0,50,50,0,0,1,1,0,0,50,50,0,0
899575553,2490378,4259850,2490378,0,0,0.12622274,0.12622276,0.0,0.0,2490378,4325386,2490378,0,0,0.003244506,0.003244506,0.0,0.0,1,1,0,0,50,50,0,0,1,1,0,0,50,50,0,0
899774623,2490378,4259850,2490378,0,0,0.12818705,0.12818706,0.0,0.0,2490378,4325386,2490378,0,0,0.0020469816,0.0020469816,0.0,0.0,1,1,0,0,50,50,0,0,1,1,0,0,50,50,0,0
899978688,2490378,4259850,2490378,0,0,0.13023348,0.1302335,0.0,0.0,2490378,4325386,2490378,0,0,0.002012567,0.0020125667,0.0,0.0,1,1,0,0,50,50,0,0,1,1,0,0,50,50,0,0
900177738,2490378,4259850,2490378,0,0,0.13048983,0.13048983,0.0,0.0,2490378,4325386,2490378,0,0,0.0019725126,0.0019725126,0.0,0.0,1,1,0,0,50,50,0,0,1,1,0,0,50,50,0,0
900376786,2490378,4259850,2490378,0,0,0.12940717,0.12940715,0.0,0.0,2490378,4325386,2490378,0,0,0.0024049932,0.002404993,0.0,0.0,1,1,0,0,50,50,0,0,1,1,0,0,50,50,0,0
900575893,2490378,4259850,2490378,0,0,0.13167715,0.13167714,0.0,0.0,2490378,4325386,2490378,0,0,0.002547983,0.0025479826,0.0,0.0,1,1,0,0,50,50,0,0,1,1,0,0,50,50,0,0
900774909,2490378,4259850,2490378,0,0,0.13114984,0.13114983,0.0,0.0,2490378,4325386,2490378,0,0,0.002371378,0.002371378,0.0,0.0,1,1,0,0,50,50,0,0,1,1,0,0,50,50,0,0
900973968,2490378,4259850,2490378,0,0,0.13317834,0.13317832,0.0,0.0,2490378,4325386,2490378,0,0,0.002506403,0.0025064028,0.0,0.0,1,1,0,0,50,50,0,0,1,1,0,0,50,50,0,0
901173037,2490378,4259850,2490378,0,0,0.13117689,0.13117683,0.0,0.0,2490378,4325386,2490378,0,0,0.0024389625,0.002438963,0.0,0.0,1,1,0,0,50,50,0,0,1,1,0,0,50,50,0,0
901377071,2490378,4259850,2490378,0,0,0.13502514,0.13502516,0.0,0.0,2490378,4325386,2490378,0,0,0.00227451,0.00227451,0.0,0.0,1,1,0,0,50,50,0,0,1,1,0,0,50,50,0,0
901576179,2490378,4259850,2490378,0,0,0.13337012,0.13337013,0.0,0.0,2490378,4325386,2490378,0,0,0.0025185526,0.0025185528,0.0,0.0,1,1,0,0,50,50,0,0,1,1,0,0,50,50,0,0
901775199,2490378,4259850,2490378,0,0,0.13212185,0.13212185,0.0,0.0,2490378,4325386,2490378,0,0,0.0026296673,0.0026296673,0.0,0.0,1,1,0,0,50,50,0,0,1,1,0,0,50,50,0,0
901974278,2490378,4259850,2490378,0,0,0.12707002,0.12707004,0.0,0.0,2490378,4325386,2490378,0,0,0.0024108225,0.0024108228,0.0,0.0,1,1,0,0,50,50,0,0,1,1,0,0,50,50,0,0
902173320,2490378,4259850,2490378,0,0,0.10291277,0.10291279,0.0,0.0,2490378,4325386,2490378,0,0,0.002467666,0.002467666,0.0,0.0,1,1,0,0,50,50,0,0,1,1,0,0,50,50,0,0
902372386,2490378,4259850,2490378,0,0,0.09881888,0.09881888,0.0,0.0,2490378,4325386,2490378,0,0,0.0022874384,0.0022874386,0.0,0.0,1,1,0,0,50,50,0,0,1,1,0,0,50,50,0,0
902571444,2490378,4259850,2490378,0,0,0.09252167,0.092521645,0.0,0.0,2490378,4325386,2490378,0,0,0.002981488,0.002981488,0.0,0.0,1,1,0,0,50,50,0,0,1,1,0,0,50,50,0,0
902775532,2490378,4259850,2490378,0,0,0.104115866,0.104115844,0.0,0.0,2490378,4325386,2490378,0,0,0.0023098432,0.002309843,0.0,0.0,1,1,0,0,50,50,0,0,1,1,0,0,50,50,0,0
902974545,2490378,4259850,2490378,0,0,0.12673874,0.12673874,0.0,0.0,2490378,4325386,2490378,0,0,0.0024616204,0.0024616204,0.0,0.0,1,1,0,0,50,50,0,0,1,1,0,0,50,50,0,0
903173616,2490378,4259850,2490378,0,0,0.13264021,0.13264018,0.0,0.0,2490378,4325386,2490378,0,0,0.0022991735,0.0022991735,0.0,0.0,1,1,0,0,50,50,0,0,1,1,0,0,50,50,0,0
903372673,2490378,4259850,2490378,0,0,0.13251702,0.132517,0.0,0.0,2490378,4325386,2490378,0,0,0.002574171,0.0025741712,0.0,0.0,1,1,0,0,50,50,0,0,1,1,0,0,50,50,0,0
903576710,2490378,4259850,2490378,0,0,0.12961371,0.12961371,0.0,0.0,2490378,4325386,2490378,0,0,0.0022784004,0.0022784004,0.0,0.0,1,1,0,0,50,50,0,0,1,1,0,0,50,50,0,0
903775806,2490378,4259850,2490378,0,0,0.13108869,0.13108869,0.0,0.0,2490378,4325386,2490378,0,0,0.0024099678,0.0024099678,0.0,0.0,1,1,0,0,50,50,0,0,1,1,0,0,50,50,0,0
903974836,2490378,4259850,2490378,0,0,0.13329297,0.13329302,0.0,0.0,2490378,4325386,2490378,0,0,0.002098327,0.0020983268,0.0,0.0,1,1,0,0,50,50,0,0,1,1,0,0,50,50,0,0
904178875,2490378,4259850,2490378,0,0,0.13116017,0.13116018,0.0,0.0,2490378,4325386,2490378,0,0,0.002637044,0.002637044,0.0,0.0,1,1,0,0,50,50,0,0,1,1,0,0,50,50,0,0
904377958,2490378,4259850,2490378,0,0,0.13109544,0.13109542,0.0,0.0,2490378,4325386,2490378,0,0,0.0026683023,0.0026683023,0.0,0.0,1,1,0,0,50,50,0,0,1,1,0,0,50,50,0,0
904577042,2490378,4259850,2490378,0,0,0.13224733,0.13224733,0.0,0.0,2490378,4325386,2490378,0,0,0.0025326444,0.0025326447,0.0,0.0,1,1,0,0,50,50,0,0,1,1,0,0,50,50,0,0
904776060,2490378,4259850,2490378,0,0,0.1300289,0.1300289,0.0,0.0,2490378,4325386,2490378,0,0,0.0022651954,0.0022651954,0.0,0.0,1,1,0,0,50,50,0,0,1,1,0,0,50,50,0,0
904975197,2490378,4259850,2490378,0,0,0.12845321,0.12845321,0.0,0.0,2490378,4325386,2490378,0,0,0.0022379558,0.0022379556,0.0,0.0,1,1,0,0,50,50,0,0,1,1,0,0,50,50,0,0
905174203,2490378,4259850,2490378,0,0,0.12992017,0.12992015,0.0,0.0,2490378,4325386,2490378,0,0,0.0027115168,0.0027115166,0.0,0.0,1,1,0,0,50,50,0,0,1,1,0,0,50,50,0,0
905373249,2490378,4259850,2490378,0,0,0.1286793,0.12867929,0.0,0.0,2490378,4325386,2490378,0,0,0.0025791747,0.0025791747,0.0,0.0,1,1,0,0,50,50,0,0,1,1,0,0,50,50,0,0
905577315,2490378,4259850,2490378,0,0,0.12915769,0.12915768,0.0,0.0,2490378,4325386,2490378,0,0,0.0021411076,0.0021411073,0.0,0.0,1,1,0,0,50,50,0,0,1,1,0,0,50,50,0,0
905776398,2490378,4259850,2490378,0,0,0.1282667,0.12826672,0.0,0.0,2490378,4325386,2490378,0,0,0.0026261872,0.0026261874,0.0,0.0,1,1,0,0,50,50,0,0,1,1,0,0,50,50,0,0
905975411,2490378,4259850,2490378,0,0,0.1288341,0.12883411,0.0,0.0,2490378,4325386,2490378,0,0,0.0021035152,0.0021035154,0.0,0.0,1,1,0,0,50,50,0,0,1,1,0,0,50,50,0,0
906174493,2490378,4259850,2490378,0,0,0.13109063,0.13109063,0.0,0.0,2490378,4325386,2490378,0,0,0.00211108,0.00211108,0.0,0.0,1,1,0,0,50,50,0,0,1,1,0,0,50,50,0,0
906373540,2490378,4259850,2490378,0,0,0.12960683,0.12960683,0.0,0.0,2490378,4325386,2490378,0,0,0.0025712254,0.0025712256,0.0,0.0,1,1,0,0,50,50,0,0,1,1,0,0,50,50,0,0
906572596,2490378,4259850,2490378,0,0,0.13037086,0.13037084,0.0,0.0,2490378,4325386,2490378,0,0,0.00217344,0.0021734403,0.0,0.0,1,1,0,0,50,50,0,0,1,1,0,0,50,50,0,0
906771682,2490378,4259850,2490378,0,0,0.1319288,0.13192883,0.0,0.0,2490378,4325386,2490378,0,0,0.0025000202,0.0025000207,0.0,0.0,1,1,0,0,50,50,0,0,1,1,0,0,50,50,0,0
906975702,2490378,4259850,2490378,0,0,0.13222596,0.13222596,0.0,0.0,2490378,4325386,2490378,0,0,0.0028858976,0.0028858983,0.0,0.0,1,1,0,0,50,50,0,0,1,1,0,0,50,50,0,0
907174769,2490378,4259850,2490378,0,0,0.12973906,0.12973906,0.0,0.0,2490378,4325386,2490378,0,0,0.0017325172,0.0017325172,0.0,0.0,1,1,0,0,50,50,0,0,1,1,0,0,50,50,0,0
907373840,2490378,4259850,2490378,0,0,0.12923223,0.12923223,0.0,0.0,2490378,4325386,2490378,0,0,0.0022942293,0.0022942293,0.0,0.0,1,1,0,0,50,50,0,0,1,1,0,0,50,50,0,0
907572884,2490378,4259850,2490378,0,0,0.13005416,0.13005413,0.0,0.0,2490378,4325386,2490378,0,0,0.0024417792,0.0024417792,0.0,0.0,1,1,0,0,50,50,0,0,1,1,0,0,50,50,0,0
907776955,2490378,4259850,2490378,0,0,0.1278081,0.12780814,0.0,0.0,2490378,4325386,2490378,0,0,0.002044949,0.0020449492,0.0,0.0,1,1,0,0,50,50,0,0,1,1,0,0,50,50,0,0
907976013,2490378,4259850,2490378,0,0,0.13204813,0.13204812,0.0,0.0,2490378,4325386,2490378,0,0,0.002604891,0.0026048906,0.0,0.0,1,1,0,0,50,50,0,0,1,1,0,0,50,50,0,0
908175071,2490378,4259850,2490378,0,0,0.12945259,0.12945256,0.0,0.0,2490378,4325386,2490378,0,0,0.0024930462,0.002493046,0.0,0.0,1,1,0,0,50,50,0,0,1,1,0,0,50,50,0,0
908374151,2490378,4259850,2490378,0,0,0.12956223,0.1295622,0.0,0.0,2490378,4325386,2490378,0,0,0.0025316037,0.0025316037,0.0,0.0,1,1,0,0,50,50,0,0,1,1,0,0,50,50,0,0
908578150,2490378,4259850,2490378,0,0,0.12713262,0.12713262,0.0,0.0,2490378,4325386,2490378,0,0,0.002436096,0.0024360963,0.0,0.0,1,1,0,0,50,50,0,0,1,1,0,0,50,50,0,0
908777212,2490378,4259850,2490378,0,0,0.12677059,0.12677062,0.0,0.0,2490378,4325386,2490378,0,0,0.002813961,0.0028139607,0.0,0.0,1,1,0,0,50,50,0,0,1,1,0,0,50,50,0,0
908976304,2490378,4259850,2490378,0,0,0.13129753,0.1312975,0.0,0.0,2490378,4325386,2490378,0,0,0.0026046836,0.0026046836,0.0,0.0,1,1,0,0,50,50,0,0,1,1,0,0,50,50,0,0
909175337,2490378,4259850,2490378,0,0,0.131832,0.13183199,0.0,0.0,2490378,4325386,2490378,0,0,0.0027214128,0.0027214126,0.0,0.0,1,1,0,0,50,50,0,0,1,1,0,0,50,50,0,0
909374400,2490378,4259850,2490378,0,0,0.13017926,0.13017924,0.0,0.0,2490378,4325386,2490378,0,0,0.0028463162,0.0028463157,0.0,0.0,1,1,0,0,50,50,0,0,1,1,0,0,50,50,0,0
909573465,2490378,4259850,2490378,0,0,0.13019457,0.1301946,0.0,0.0,2490378,4325386,2490378,0,0,0.0029316414,0.0029316412,0.0,0.0,1,1,0,0,50,50,0,0,1,1,0,0,50,50,0,0
909777502,2490378,4259850,2490378,0,0,0.12842117,0.12842117,0.0,0.0,2490378,4325386,2490378,0,0,0.0021333664,0.0021333664,0.0,0.0,1,1,0,0,50,50,0,0,1,1,0,0,50,50,0,0
909976693,2490378,4259850,2490378,0,0,0.12819241,0.12819241,0.0,0.0,2490378,4325386,2490378,0,0,0.0024837502,0.0024837502,0.0,0.0,1,1,0,0,50,50,0,0,1,1,0,0,50,50,0,0
910175649,2490378,4259850,2490378,0,0,0.13010837,0.1301084,0.0,0.0,2490378,4325386,2490378,0,0,0.0022875024,0.0022875024,0.0,0.0,1,1,0,0,50,50,0,0,1,1,0,0,50,50,0,0
910374689,2490378,4259850,2490378,0,0,0.12963876,0.12963878,0.0,0.0,2490378,4325386,2490378,0,0,0.0024538955,0.0024538955,0.0,0.0,1,1,0,0,50,50,0,0,1,1,0,0,50,50,0,0
910573777,2490378,4259850,2490378,0,0,0.13120537,0.13120537,0.0,0.0,2490378,4325386,2490378,0,0,0.0026065172,0.0026065179,0.0,0.0,1,1,0,0,50,50,0,0,1,1,0,0,50,50,0,0
910772811,2490378,4259850,2490378,0,0,0.1324554,0.13245542,0.0,0.0,2490378,4325386,2490378,0,0,0.001951659,0.001951659,0.0,0.0,1,1,0,0,50,50,0,0,1,1,0,0,50,50,0,0
910971871,2490378,4259850,2490378,0,0,0.13289529,0.1328953,0.0,0.0,2490378,4325386,2490378,0,0,0.0021217044,0.0021217044,0.0,0.0,1,1,0,0,50,50,0,0,1,1,0,0,50,50,0,0
911175919,2490378,4259850,2490378,0,0,0.128747,0.12874702,0.0,0.0,2490378,4325386,2490378,0,0,0.0025596416,0.0025596416,0.0,0.0,1,1,0,0,50,50,0,0,1,1,0,0,50,50,0,0
911374977,2490378,4259850,2490378,0,0,0.12853484,0.12853487,0.0,0.0,2490378,4325386,2490378,0,0,0.0021645455,0.002164545,0.0,0.0,1,1,0,0,50,50,0,0,1,1,0,0,50,50,0,0
911574033,2490378,4259850,2490378,0,0,0.12848398,0.12848398,0.0,0.0,2490378,4325386,2490378,0,0,0.00218004,0.0021800403,0.0,0.0,1,1,0,0,50,50,0,0,1,1,0,0,50,50,0,0
911773095,2490378,4259850,2490378,0,0,0.12633939,0.12633936,0.0,0.0,2490378,4325386,2490378,0,0,0.0026506558,0.002650656,0.0,0.0,1,1,0,0,50,50,0,0,1,1,0,0,50,50,0,0
911972159,2490378,4259850,2490378,0,0,0.13087578,0.13087578,0.0,0.0,2490378,4325386,2490378,0,0,0.0024430759,0.0024430756,0.0,0.0,1,1,0,0,50,50,0,0,1,1,0,0,50,50,0,0
912176254,2490378,4259850,2490378,0,0,0.12940088,0.12940091,0.0,0.0,2490378,4325386,2490378,0,0,0.0024434482,0.0024434477,0.0,0.0,1,1,0,0,50,50,0,0,1,1,0,0,50,50,0,0
912375275,2490378,4259850,2490378,0,0,0.12814206,0.12814206,0.0,0.0,2490378,4325386,2490378,0,0,0.002258307,0.0022583066,0.0,0.0,1,1,0,0,50,50,0,0,1,1,0,0,50,50,0,0
912574322,2490378,4259850,2490378,0,0,0.1286823,0.12868229,0.0,0.0,2490378,4325386,2490378,0,0,0.0021830343,0.0021830346,0.0,0.0,1,1,0,0,50,50,0,0,1,1,0,0,50,50,0,0
912778392,2490378,4259850,2490378,0,0,0.12952034,0.12952034,0.0,0.0,2490378,4325386,2490378,0,0,0.0028113206,0.0028113206,0.0,0.0,1,1,0,0,50,50,0,0,1,1,0,0,50,50,0,0
912977422,2490378,4259850,2490378,0,0,0.12852013,0.12852013,0.0,0.0,2490378,4325386,2490378,0,0,0.0028604125,0.0028604125,0.0,0.0,1,1,0,0,50,50,0,0,1,1,0,0,50,50,0,0
913176499,2490378,4259850,2490378,0,0,0.13033865,0.13033865,0.0,0.0,2490378,4325386,2490378,0,0,0.0021970512,0.0021970514,0.0,0.0,1,1,0,0,50,50,0,0,1,1,0,0,50,50,0,0
913375576,2490378,4259850,2490378,0,0,0.12535349,0.12535349,0.0,0.0,2490378,4325386,2490378,0,0,0.002446259,0.002446259,0.0,0.0,1,1,0,0,50,50,0,0,1,1,0,0,50,50,0,0
913574635,2490378,4259850,2490378,0,0,0.12946184,0.12946184,0.0,0.0,2490378,4325386,2490378,0,0,0.0022589825,0.0022589832,0.0,0.0,1,1,0,0,50,50,0,0,1,1,0,0,50,50,0,0
913773678,2490378,4259850,2490378,0,0,0.1279695,0.1279695,0.0,0.0,2490378,4325386,2490378,0,0,0.0029780085,0.0029780085,0.0,0.0,1,1,0,0,50,50,0,0,1,1,0,0,50,50,0,0
913977712,2490378,4259850,2490378,0,0,0.12956189,0.1295619,0.0,0.0,2490378,4325386,2490378,0,0,0.002344085,0.0023440847,0.0,0.0,1,1,0,0,50,50,0,0,1,1,0,0,50,50,0,0
914176778,2490378,4259850,2490378,0,0,0.12884858,0.12884861,0.0,0.0,2490378,4325386,2490378,0,0,0.0027004215,0.0027004215,0.0,0.0,1,1,0,0,50,50,0,0,1,1,0,0,50,50,0,0
914375842,2490378,4259850,2490378,0,0,0.12596811,0.1259681,0.0,0.0,2490378,4325386,2490378,0,0,0.0026043323,0.002604332,0.0,0.0,1,1,0,0,50,50,0,0,1,1,0,0,50,50,0,0
914574945,2490378,4259850,2490378,0,0,0.12489294,0.12489292,0.0,0.0,2490378,4325386,2490378,0,0,0.0026981626,0.0026981626,0.0,0.0,1,1,0,0,50,50,0,0,1,1,0,0,50,50,0,0
914773960,2490378,4259850,2490378,0,0,0.12755649,0.12755647,0.0,0.0,2490378,4325386,2490378,0,0,0.0023782623,0.0023782623,0.0,0.0,1,1,0,0,50,50,0,0,1,1,0,0,50,50,0,0
914973072,2490378,4259850,2490378,0,0,0.12630193,0.12630191,0.0,0.0,2490378,4325386,2490378,0,0,0.002025121,0.0020251211,0.0,0.0,1,1,0,0,50,50,0,0,1,1,0,0,50,50,0,0
915172086,2490378,4259850,2490378,0,0,0.1298319,0.12983187,0.0,0.0,2490378,4325386,2490378,0,0,0.0028021322,0.0028021322,0.0,0.0,1,1,0,0,50,50,0,0,1,1,0,0,50,50,0,0
915376121,2490378,4259850,2490378,0,0,0.12836763,0.12836765,0.0,0.0,2490378,4325386,2490378,0,0,0.0026490334,0.0026490332,0.0,0.0,1,1,0,0,50,50,0,0,1,1,0,0,50,50,0,0
915575253,2490378,4259850,2490378,0,0,0.12607807,0.12607808,0.0,0.0,2490378,4325386,2490378,0,0,0.002325619,0.002325619,0.0,0.0,1,1,0,0,50,50,0,0,1,1,0,0,50,50,0,0
915774247,2490378,4259850,2490378,0,0,0.12883098,0.12883097,0.0,0.0,2490378,4325386,2490378,0,0,0.0028010434,0.0028010432,0.0,0.0,1,1,0,0,50,50,0,0,1,1,0,0,50,50,0,0
915973327,2490378,4259850,2490378,0,0,0.12903485,0.12903486,0.0,0.0,2490378,4325386,2490378,0,0,0.002939187,0.0029391872,0.0,0.0,1,1,0,0,50,50,0,0,1,1,0,0,50,50,0,0
916172393,2490378,4259850,2490378,0,0,0.12959297,0.12959296,0.0,0.0,2490378,4325386,2490378,0,0,0.0022502018,0.0022502018,0.0,0.0,1,1,0,0,50,50,0,0,1,1,0,0,50,50,0,0
916376410,2490378,4259850,2490378,0,0,0.12974362,0.12974365,0.0,0.0,2490378,4325386,2490378,0,0,0.0021644286,0.0021644284,0.0,0.0,1,1,0,0,50,50,0,0,1,1,0,0,50,50,0,0
916575469,2490378,4259850,2490378,0,0,0.12698469,0.12698469,0.0,0.0,2490378,4325386,2490378,0,0,0.0021239137,0.0021239135,0.0,0.0,1,1,0,0,50,50,0,0,1,1,0,0,50,50,0,0
916774553,2490378,4259850,2490378,0,0,0.12953037,0.12953036,0.0,0.0,2490378,4325386,2490378,0,0,0.0025435619,0.0025435619,0.0,0.0,1,1,0,0,50,50,0,0,1,1,0,0,50,50,0,0
916973596,2490378,4259850,2490378,0,0,0.13104151,0.13104151,0.0,0.0,2490378,4325386,2490378,0,0,0.0023243872,0.0023243872,0.0,0.0,1,1,0,0,50,50,0,0,1,1,0,0,50,50,0,0
917177637,2490378,4259850,2490378,0,0,0.12656976,0.12656975,0.0,0.0,2490378,4325386,2490378,0,0,0.002044612,0.002044612,0.0,0.0,1,1,0,0,50,50,0,0,1,1,0,0,50,50,0,0
917376713,2490378,4259850,2490378,0,0,0.12144495,0.121444926,0.0,0.0,2490378,4325386,2490378,0,0,0.002225371,0.002225371,0.0,0.0,1,1,0,0,50,50,0,0,1,1,0,0,50,50,0,0
917575771,2490378,4259850,2490378,0,0,0.1292736,0.12927356,0.0,0.0,2490378,4325386,2490378,0,0,0.0017359486,0.0017359481,0.0,0.0,1,1,0,0,50,50,0,0,1,1,0,0,50,50,0,0
917774991,2490378,4259850,2490378,0,0,0.1298943,0.1298943,0.0,0.0,2490378,4325386,2490378,0,0,0.0024602574,0.0024602578,0.0,0.0,1,1,0,0,50,50,0,0,1,1,0,0,50,50,0,0
917973881,2490378,4259850,2490378,0,0,0.12586147,0.12586145,0.0,0.0,2490378,4325386,2490378,0,0,0.0024842252,0.0024842243,0.0,0.0,1,1,0,0,50,50,0,0,1,1,0,0,50,50,0,0
918177920,2490378,4259850,2490378,0,0,0.12649128,0.12649131,0.0,0.0,2490378,4325386,2490378,0,0,0.0025451747,0.0025451751,0.0,0.0,1,1,0,0,50,50,0,0,1,1,0,0,50,50,0,0
918377008,2490378,4259850,2490378,0,0,0.13027243,0.13027246,0.0,0.0,2490378,4325386,2490378,0,0,0.0027195278,0.002719528,0.0,0.0,1,1,0,0,50,50,0,0,1,1,0,0,50,50,0,0
918576043,2490378,4259850,2490378,0,0,0.12537937,0.12537935,0.0,0.0,2490378,4325386,2490378,0,0,0.002662343,0.0026623427,0.0,0.0,1,1,0,0,50,50,0,0,1,1,0,0,50,50,0,0
918775105,2490378,4259850,2490378,0,0,0.12862174,0.12862176,0.0,0.0,2490378,4325386,2490378,0,0,0.0023337011,0.0023337007,0.0,0.0,1,1,0,0,50,50,0,0,1,1,0,0,50,50,0,0
918974172,2490378,4259850,2490378,0,0,0.12792353,0.12792355,0.0,0.0,2490378,4325386,2490378,0,0,0.00248455,0.00248455,0.0,0.0,1,1,0,0,50,50,0,0,1,1,0,0,50,50,0,0
919173234,2490378,4259850,2490378,0,0,0.12603068,0.12603068,0.0,0.0,2490378,4325386,2490378,0,0,0.002731107,0.002731107,0.0,0.0,1,1,0,0,50,50,0,0,1,1,0,0,50,50,0,0
919372290,2490378,4259850,2490378,0,0,0.12684847,0.12684846,0.0,0.0,2490378,4325386,2490378,0,0,0.0024063902,0.0024063902,0.0,0.0,1,1,0,0,50,50,0,0,1,1,0,0,50,50,0,0
919576332,2490378,4259850,2490378,0,0,0.13318826,0.13318823,0.0,0.0,2490378,4325386,2490378,0,0,0.0028062582,0.0028062582,0.0,0.0,1,1,0,0,50,50,0,0,1,1,0,0,50,50,0,0
919775398,2490378,4259850,2490378,0,0,0.11969935,0.11969937,0.0,0.0,2490378,4325386,2490378,0,0,0.0025773153,0.0025773156,0.0,0.0,1,1,0,0,50,50,0,0,1,1,0,0,50,50,0,0
919974557,2490378,4259850,2490378,0,0,0.12587565,0.12587567,0.0,0.0,2490378,4325386,2490378,0,0,0.0024301247,0.0024301247,0.0,0.0,1,1,0,0,50,50,0,0,1,1,0,0,50,50,0,0
920173540,2490378,4259850,2490378,0,0,0.13044867,0.13044865,0.0,0.0,2490378,4325386,2490378,0,0,0.002638039,0.0026380387,0.0,0.0,1,1,0,0,50,50,0,0,1,1,0,0,50,50,0,0
920372581,2490378,4259850,2490378,0,0,0.12624443,0.12624441,0.0,0.0,2490378,4325386,2490378,0,0,0.0023190454,0.0023190458,0.0,0.0,1,1,0,0,50,50,0,0,1,1,0,0,50,50,0,0
920571694,2490378,4259850,2490378,0,0,0.12987259,0.1298726,0.0,0.0,2490378,4325386,2490378,0,0,0.0027334692,0.002733469,0.0,0.0,1,1,0,0,50,50,0,0,1,1,0,0,50,50,0,0
920775682,2490378,4259850,2490378,0,0,0.12718949,0.12718949,0.0,0.0,2490378,4325386,2490378,0,0,0.0028625522,0.002862552,0.0,0.0,1,1,0,0,50,50,0,0,1,1,0,0,50,50,0,0
920974787,2490378,4259850,2490378,0,0,0.12732114,0.12732114,0.0,0.0,2490378,4325386,2490378,0,0,0.002457279,0.0024572795,0.0,0.0,1,1,0,0,50,50,0,0,1,1,0,0,50,50,0,0
921173835,2490378,4259850,2490378,0,0,0.12600325,0.12600325,0.0,0.0,2490378,4325386,2490378,0,0,0.0029948817,0.0029948817,0.0,0.0,1,1,0,0,50,50,0,0,1,1,0,0,50,50,0,0
921377848,2490378,4259850,2490378,0,0,0.12836687,0.12836686,0.0,0.0,2490378,4325386,2490378,0,0,0.0025043637,0.0025043637,0.0,0.0,1,1,0,0,50,50,0,0,1,1,0,0,50,50,0,0
921576931,2490378,4259850,2490378,0,0,0.12740289,0.12740289,0.0,0.0,2490378,4325386,2490378,0,0,0.0023950832,0.0023950834,0.0,0.0,1,1,0,0,50,50,0,0,1,1,0,0,50,50,0,0
921775968,2490378,4259850,2490378,0,0,0.1264528,0.1264528,0.0,0.0,2490378,4325386,2490378,0,0,0.0023118423,0.0023118423,0.0,0.0,1,1,0,0,50,50,0,0,1,1,0,0,50,50,0,0
921975028,2490378,4259850,2490378,0,0,0.12982787,0.12982786,0.0,0.0,2490378,4325386,2490378,0,0,0.0025687779,0.0025687779,0.0,0.0,1,1,0,0,50,50,0,0,1,1,0,0,50,50,0,0
922174127,2490378,4259850,2490378,0,0,0.13126005,0.13126005,0.0,0.0,2490378,4325386,2490378,0,0,0.0025788217,0.0025788215,0.0,0.0,1,1,0,0,50,50,0,0,1,1,0,0,50,50,0,0
922378128,2490378,4259850,2490378,0,0,0.13034339,0.13034339,0.0,0.0,2490378,4325386,2490378,0,0,0.0021512073,0.0021512073,0.0,0.0,1,1,0,0,50,50,0,0,1,1,0,0,50,50,0,0
922577189,2490378,4259850,2490378,0,0,0.12807694,0.12807694,0.0,0.0,2490378,4325386,2490378,0,0,0.0026831038,0.0026831038,0.0,0.0,1,1,0,0,50,50,0,0,1,1,0,0,50,50,0,0
922776252,2490378,4259850,2490378,0,0,0.12639351,0.12639353,0.0,0.0,2490378,4325386,2490378,0,0,0.0029082296,0.00290823,0.0,0.0,1,1,0,0,50,50,0,0,1,1,0,0,50,50,0,0
922975315,2490378,4259850,2490378,0,0,0.12466685,0.12466687,0.0,0.0,2490378,4325386,2490378,0,0,0.0020909698,0.0020909698,0.0,0.0,1,1,0,0,50,50,0,0,1,1,0,0,50,50,0,0
923174411,2490378,4259850,2490378,0,0,0.12718824,0.12718824,0.0,0.0,2490378,4325386,2490378,0,0,0.0028331461,0.0028331461,0.0,0.0,1,1,0,0,50,50,0,0,1,1,0,0,50,50,0,0
923373473,2490378,4259850,2490378,0,0,0.1297954,0.1297954,0.0,0.0,2490378,4325386,2490378,0,0,0.0024286606,0.0024286606,0.0,0.0,1,1,0,0,50,50,0,0,1,1,0,0,50,50,0,0
923572506,2490378,4259850,2490378,0,0,0.13072404,0.13072403,0.0,0.0,2490378,4325386,2490378,0,0,0.002178197,0.002178197,0.0,0.0,1,1,0,0,50,50,0,0,1,1,0,0,50,50,0,0
923776621,2490378,4259850,2490378,0,0,0.1305653,0.1305653,0.0,0.0,2490378,4325386,2490378,0,0,0.0028666058,0.0028666058,0.0,0.0,1,1,0,0,50,50,0,0,1,1,0,0,50,50,0,0
923975620,2490378,4259850,2490378,0,0,0.12883413,0.12883414,0.0,0.0,2490378,4325386,2490378,0,0,0.0027111403,0.0027111403,0.0,0.0,1,1,0,0,50,50,0,0,1,1,0,0,50,50,0,0
924174671,2490378,4259850,2490378,0,0,0.12925754,0.12925756,0.0,0.0,2490378,4325386,2490378,0,0,0.0024361077,0.002436108,0.0,0.0,1,1,0,0,50,50,0,0,1,1,0,0,50,50,0,0
924373759,2490378,4259850,2490378,0,0,0.12726602,0.12726603,0.0,0.0,2490378,4325386,2490378,0,0,0.0026230968,0.0026230968,0.0,0.0,1,1,0,0,50,50,0,0,1,1,0,0,50,50,0,0
924572788,2490378,4259850,2490378,0,0,0.12859955,0.12859957,0.0,0.0,2490378,4325386,2490378,0,0,0.002963717,0.002963717,0.0,0.0,1,1,0,0,50,50,0,0,1,1,0,0,50,50,0,0
924771852,2490378,4259850,2490378,0,0,0.12473419,0.12473422,0.0,0.0,2490378,4325386,2490378,0,0,0.0028168978,0.0028168978,0.0,0.0,1,1,0,0,50,50,0,0,1,1,0,0,50,50,0,0
924975887,2490378,4259850,2490378,0,0,0.12836719,0.12836717,0.0,0.0,2490378,4325386,2490378,0,0,0.0021712487,0.0021712487,0.0,0.0,1,1,0,0,50,50,0,0,1,1,0,0,50,50,0,0
925174956,2490378,4259850,2490378,0,0,0.12631652,0.12631653,0.0,0.0,2490378,4325386,2490378,0,0,0.0021412843,0.0021412843,0.0,0.0,1,1,0,0,50,50,0,0,1,1,0,0,50,50,0,0
925374012,2490378,4259850,2490378,0,0,0.12834226,0.12834226,0.0,0.0,2490378,4325386,2490378,0,0,0.0023544542,0.0023544542,0.0,0.0,1,1,0,0,50,50,0,0,1,1,0,0,50,50,0,0
925573250,2490378,4259850,2490378,0,0,0.12885703,0.12885706,0.0,0.0,2490378,4325386,2490378,0,0,0.002673604,0.0026736043,0.0,0.0,1,1,0,0,50,50,0,0,1,1,0,0,50,50,0,0
925777112,2490378,4259850,2490378,0,0,0.1271132,0.1271132,0.0,0.0,2490378,4325386,2490378,0,0,0.0023395522,0.002339552,0.0,0.0,1,1,0,0,50,50,0,0,1,1,0,0,50,50,0,0
925976178,2490378,4259850,2490378,0,0,0.13041614,0.13041614,0.0,0.0,2490378,4325386,2490378,0,0,0.0023956639,0.0023956634,0.0,0.0,1,1,0,0,50,50,0,0,1,1,0,0,50,50,0,0
926175266,2490378,4259850,2490378,0,0,0.13110659,0.13110659,0.0,0.0,2490378,4325386,2490378,0,0,0.0027120728,0.0027120728,0.0,0.0,1,1,0,0,50,50,0,0,1,1,0,0,50,50,0,0
926374319,2490378,4259850,2490378,0,0,0.12878516,0.12878518,0.0,0.0,2490378,4325386,2490378,0,0,0.0025916246,0.0025916246,0.0,0.0,1,1,0,0,50,50,0,0,1,1,0,0,50,50,0,0
926578337,2490378,4259850,2490378,0,0,0.12965173,0.12965173,0.0,0.0,2490378,4325386,2490378,0,0,0.0020991182,0.002099118,0.0,0.0,1,1,0,0,50,50,0,0,1,1,0,0,50,50,0,0
926777417,2490378,4259850,2490378,0,0,0.12989005,0.12989008,0.0,0.0,2490378,4325386,2490378,0,0,0.0024580744,0.0024580741,0.0,0.0,1,1,0,0,50,50,0,0,1,1,0,0,50,50,0,0
926976462,2490378,4259850,2490378,0,0,0.12889181,0.12889183,0.0,0.0,2490378,4325386,2490378,0,0,0.0025738722,0.0025738722,0.0,0.0,1,1,0,0,50,50,0,0,1,1,0,0,50,50,0,0
927175524,2490378,4259850,2490378,0,0,0.13110049,0.13110049,0.0,0.0,2490378,4325386,2490378,0,0,0.0026145303,0.00261453,0.0,0.0,1,1,0,0,50,50,0,0,1,1,0,0,50,50,0,0
927374622,2490378,4259850,2490378,0,0,0.12974581,0.12974583,0.0,0.0,2490378,4325386,2490378,0,0,0.0022766632,0.0022766632,0.0,0.0,1,1,0,0,50,50,0,0,1,1,0,0,50,50,0,0
927573654,2490378,4259850,2490378,0,0,0.12997347,0.12997349,0.0,0.0,2490378,4325386,2490378,0,0,0.0020918597,0.0020918597,0.0,0.0,1,1,0,0,50,50,0,0,1,1,0,0,50,50,0,0
927773057,2490378,4259850,2490378,0,0,0.12825166,0.12825164,0.0,0.0,2490378,4325386,2490378,0,0,0.0024272683,0.0024272676,0.0,0.0,1,1,0,0,50,50,0,0,1,1,0,0,50,50,0,0
927976747,2490378,4259850,2490378,0,0,0.13084051,0.13084051,0.0,0.0,2490378,4325386,2490378,0,0,0.0022417034,0.0022417032,0.0,0.0,1,1,0,0,50,50,0,0,1,1,0,0,50,50,0,0
928175820,2490378,4259850,2490378,0,0,0.13122469,0.13122469,0.0,0.0,2490378,4325386,2490378,0,0,0.0021141542,0.0021141542,0.0,0.0,1,1,0,0,50,50,0,0,1,1,0,0,50,50,0,0
928374925,2490378,4259850,2490378,0,0,0.13104649,0.13104655,0.0,0.0,2490378,4325386,2490378,0,0,0.0023001335,0.0023001335,0.0,0.0,1,1,0,0,50,50,0,0,1,1,0,0,50,50,0,0
928573935,2490378,4259850,2490378,0,0,0.13035668,0.1303567,0.0,0.0,2490378,4325386,2490378,0,0,0.002438707,0.002438707,0.0,0.0,1,1,0,0,50,50,0,0,1,1,0,0,50,50,0,0
928773000,2490378,4259850,2490378,0,0,0.13213056,0.13213055,0.0,0.0,2490378,4325386,2490378,0,0,0.0026284286,0.0026284286,0.0,0.0,1,1,0,0,50,50,0,0,1,1,0,0,50,50,0,0
928972087,2490378,4259850,2490378,0,0,0.13136391,0.13136391,0.0,0.0,2490378,4325386,2490378,0,0,0.0021523526,0.0021523521,0.0,0.0,1,1,0,0,50,50,0,0,1,1,0,0,50,50,0,0
929171120,2490378,4259850,2490378,0,0,0.12937862,0.12937862,0.0,0.0,2490378,4325386,2490378,0,0,0.0022823757,0.0022823757,0.0,0.0,1,1,0,0,50,50,0,0,1,1,0,0,50,50,0,0
929375156,2490378,4259850,2490378,0,0,0.13028373,0.13028373,0.0,0.0,2490378,4325386,2490378,0,0,0.0021884027,0.0021884027,0.0,0.0,1,1,0,0,50,50,0,0,1,1,0,0,50,50,0,0
929574265,2490378,4259850,2490378,0,0,0.13111101,0.13111104,0.0,0.0,2490378,4325386,2490378,0,0,0.002302194,0.002302194,0.0,0.0,1,1,0,0,50,50,0,0,1,1,0,0,50,50,0,0
929773286,2490378,4259850,2490378,0,0,0.13247836,0.13247837,0.0,0.0,2490378,4325386,2490378,0,0,0.0025110354,0.0025110357,0.0,0.0,1,1,0,0,50,50,0,0,1,1,0,0,50,50,0,0
929977321,2490378,4259850,2490378,0,0,0.1302354,0.13023542,0.0,0.0,2490378,4325386,2490378,0,0,0.0029355586,0.0029355586,0.0,0.0,1,1,0,0,50,50,0,0,1,1,0,0,50,50,0,0
930176389,2490378,4259850,2490378,0,0,0.12851658,0.1285166,0.0,0.0,2490378,4325386,2490378,0,0,0.0030620946,0.0030620943,0.0,0.0,1,1,0,0,50,50,0,0,1,1,0,0,50,50,0,0
930375464,2490378,4259850,2490378,0,0,0.12769789,0.12769789,0.0,0.0,2490378,4325386,2490378,0,0,0.002296783,0.002296783,0.0,0.0,1,1,0,0,50,50,0,0,1,1,0,0,50,50,0,0
930574537,2490378,4259850,2490378,0,0,0.12798569,0.12798567,0.0,0.0,2490378,4325386,2490378,0,0,0.0026253012,0.0026253015,0.0,0.0,1,1,0,0,50,50,0,0,1,1,0,0,50,50,0,0
930778550,2490378,4259850,2490378,0,0,0.12871823,0.1287182,0.0,0.0,2490378,4325386,2490378,0,0,0.0026833387,0.0026833385,0.0,0.0,1,1,0,0,50,50,0,0,1,1,0,0,50,50,0,0
930977608,2490378,4259850,2490378,0,0,0.12979321,0.12979323,0.0,0.0,2490378,4325386,2490378,0,0,0.0022063882,0.0022063882,0.0,0.0,1,1,0,0,50,50,0,0,1,1,0,0,50,50,0,0
931176702,2490378,4259850,2490378,0,0,0.12876087,0.12876087,0.0,0.0,2490378,4325386,2490378,0,0,0.0026518768,0.0026518765,0.0,0.0,1,1,0,0,50,50,0,0,1,1,0,0,50,50,0,0
931375730,2490378,4259850,2490378,0,0,0.12903047,0.1290305,0.0,0.0,2490378,4325386,2490378,0,0,0.0026312333,0.0026312333,0.0,0.0,1,1,0,0,50,50,0,0,1,1,0,0,50,50,0,0
931574794,2490378,4259850,2490378,0,0,0.11997053,0.11997053,0.0,0.0,2490378,4325386,2490378,0,0,0.0025497575,0.0025497577,0.0,0.0,1,1,0,0,50,50,0,0,1,1,0,0,50,50,0,0
931773904,2490378,4259850,2490378,0,0,0.12692894,0.12692896,0.0,0.0,2490378,4325386,2490378,0,0,0.0027359312,0.0027359312,0.0,0.0,1,1,0,0,50,50,0,0,1,1,0,0,50,50,0,0
931972919,2490378,4259850,2490378,0,0,0.121500745,0.12150077,0.0,0.0,2490378,4325386,2490378,0,0,0.0023700215,0.0023700213,0.0,0.0,1,1,0,0,50,50,0,0,1,1,0,0,50,50,0,0
932176955,2490378,4259850,2490378,0,0,0.12654942,0.12654942,0.0,0.0,2490378,4325386,2490378,0,0,0.0022037087,0.0022037087,0.0,0.0,1,1,0,0,50,50,0,0,1,1,0,0,50,50,0,0
932376018,2490378,4259850,2490378,0,0,0.12733108,0.12733108,0.0,0.0,2490378,4325386,2490378,0,0,0.002437847,0.002437847,0.0,0.0,1,1,0,0,50,50,0,0,1,1,0,0,50,50,0,0
932575083,2490378,4259850,2490378,0,0,0.12987082,0.1298708,0.0,0.0,2490378,4325386,2490378,0,0,0.0022724539,0.002272454,0.0,0.0,1,1,0,0,50,50,0,0,1,1,0,0,50,50,0,0
932774188,2490378,4259850,2490378,0,0,0.1260714,0.12607138,0.0,0.0,2490378,4325386,2490378,0,0,0.0020565677,0.0020565675,0.0,0.0,1,1,0,0,50,50,0,0,1,1,0,0,50,50,0,0
932973205,2490378,4259850,2490378,0,0,0.1272501,0.1272501,0.0,0.0,2490378,4325386,2490378,0,0,0.0020678674,0.002067868,0.0,0.0,1,1,0,0,50,50,0,0,1,1,0,0,50,50,0,0
933172269,2490378,4259850,2490378,0,0,0.12896422,0.12896422,0.0,0.0,2490378,4325386,2490378,0,0,0.0022712916,0.0022712916,0.0,0.0,1,1,0,0,50,50,0,0,1,1,0,0,50,50,0,0
933371779,2490378,4259850,2490378,0,0,0.12709534,0.12709534,0.0,0.0,2490378,4325386,2490378,0,0,0.002309359,0.002309359,0.0,0.0,1,1,0,0,50,50,0,0,1,1,0,0,50,50,0,0
933575368,2490378,4259850,2490378,0,0,0.12836798,0.12836798,0.0,0.0,2490378,4325386,2490378,0,0,0.0022966054,0.002296605,0.0,0.0,1,1,0,0,50,50,0,0,1,1,0,0,50,50,0,0
933774427,2490378,4259850,2490378,0,0,0.12658703,0.12658702,0.0,0.0,2490378,4325386,2490378,0,0,0.0024793935,0.0024793935,0.0,0.0,1,1,0,0,50,50,0,0,1,1,0,0,50,50,0,0
933973522,2490378,4259850,2490378,0,0,0.12843631,0.12843628,0.0,0.0,2490378,4325386,2490378,0,0,0.002761196,0.0027611954,0.0,0.0,1,1,0,0,50,50,0,0,1,1,0,0,50,50,0,0
934177532,2490378,4259850,2490378,0,0,0.13123354,0.13123353,0.0,0.0,2490378,4325386,2490378,0,0,0.0027883325,0.0027883325,0.0,0.0,1,1,0,0,50,50,0,0,1,1,0,0,50,50,0,0
934376594,2490378,4259850,2490378,0,0,0.13394234,0.13394237,0.0,0.0,2490378,4325386,2490378,0,0,0.0025521817,0.0025521817,0.0,0.0,1,1,0,0,50,50,0,0,1,1,0,0,50,50,0,0
934575656,2490378,4259850,2490378,0,0,0.13354816,0.13354814,0.0,0.0,2490378,4325386,2490378,0,0,0.002609891,0.002609891,0.0,0.0,1,1,0,0,50,50,0,0,1,1,0,0,50,50,0,0
934774719,2490378,4259850,2490378,0,0,0.12858202,0.128582,0.0,0.0,2490378,4325386,2490378,0,0,0.0024567964,0.0024567964,0.0,0.0,1,1,0,0,50,50,0,0,1,1,0,0,50,50,0,0
934978784,2490378,4259850,2490378,0,0,0.12822697,0.12822697,0.0,0.0,2490378,4325386,2490378,0,0,0.002737912,0.0027379123,0.0,0.0,1,1,0,0,50,50,0,0,1,1,0,0,50,50,0,0
935177817,2490378,4259850,2490378,0,0,0.12827188,0.12827188,0.0,0.0,2490378,4325386,2490378,0,0,0.002563705,0.0025637054,0.0,0.0,1,1,0,0,50,50,0,0,1,1,0,0,50,50,0,0
935376882,2490378,4259850,2490378,0,0,0.1308031,0.13080311,0.0,0.0,2490378,4325386,2490378,0,0,0.0028718098,0.0028718098,0.0,0.0,1,1,0,0,50,50,0,0,1,1,0,0,50,50,0,0
935575940,2490378,4259850,2490378,0,0,0.11526988,0.1152699,0.0,0.0,2490378,4325386,2490378,0,0,0.0024421802,0.0024421804,0.0,0.0,1,1,0,0,50,50,0,0,1,1,0,0,50,50,0,0
935775002,2490378,4259850,2490378,0,0,0.10070376,0.10070382,0.0,0.0,2490378,4325386,2490378,0,0,0.0023360148,0.002336015,0.0,0.0,1,1,0,0,50,50,0,0,1,1,0,0,50,50,0,0
935974065,2490378,4259850,2490378,0,0,0.12289055,0.12289056,0.0,0.0,2490378,4325386,2490378,0,0,0.002254355,0.0022543548,0.0,0.0,1,1,0,0,50,50,0,0,1,1,0,0,50,50,0,0
936173177,2490378,4259850,2490378,0,0,0.12756962,0.12756962,0.0,0.0,2490378,4325386,2490378,0,0,0.0025597159,0.0025597159,0.0,0.0,1,1,0,0,50,50,0,0,1,1,0,0,50,50,0,0
936377164,2490378,4259850,2490378,0,0,0.13178922,0.1317892,0.0,0.0,2490378,4325386,2490378,0,0,0.0025304554,0.0025304556,0.0,0.0,1,1,0,0,50,50,0,0,1,1,0,0,50,50,0,0
936576226,2490378,4259850,2490378,0,0,0.13008848,0.13008846,0.0,0.0,2490378,4325386,2490378,0,0,0.0029440988,0.0029440995,0.0,0.0,1,1,0,0,50,50,0,0,1,1,0,0,50,50,0,0
936775310,2490378,4259850,2490378,0,0,0.1325389,0.13253888,0.0,0.0,2490378,4325386,2490378,0,0,0.0027786708,0.0027786708,0.0,0.0,1,1,0,0,50,50,0,0,1,1,0,0,50,50,0,0
936974354,2490378,4259850,2490378,0,0,0.12522744,0.12522742,0.0,0.0,2490378,4325386,2490378,0,0,0.0023517415,0.0023517415,0.0,0.0,1,1,0,0,50,50,0,0,1,1,0,0,50,50,0,0
937173414,2490378,4259850,2490378,0,0,0.13217211,0.13217208,0.0,0.0,2490378,4325386,2490378,0,0,0.0025876062,0.0025876062,0.0,0.0,1,1,0,0,50,50,0,0,1,1,0,0,50,50,0,0
937372473,2490378,4259850,2490378,0,0,0.13329649,0.1332965,0.0,0.0,2490378,4325386,2490378,0,0,0.0026934596,0.0026934596,0.0,0.0,1,1,0,0,50,50,0,0,1,1,0,0,50,50,0,0
937571538,2490378,4259850,2490378,0,0,0.1295164,0.1295164,0.0,0.0,2490378,4325386,2490378,0,0,0.0020897468,0.0020897468,0.0,0.0,1,1,0,0,50,50,0,0,1,1,0,0,50,50,0,0
937775578,2490378,4259850,2490378,0,0,0.12900175,0.12900175,0.0,0.0,2490378,4325386,2490378,0,0,0.0022702373,0.0022702378,0.0,0.0,1,1,0,0,50,50,0,0,1,1,0,0,50,50,0,0
937974638,2490378,4259850,2490378,0,0,0.1297867,0.12978671,0.0,0.0,2490378,4325386,2490378,0,0,0.0026973991,0.0026973991,0.0,0.0,1,1,0,0,50,50,0,0,1,1,0,0,50,50,0,0
938173703,2490378,4259850,2490378,0,0,0.12849732,0.12849732,0.0,0.0,2490378,4325386,2490378,0,0,0.0021348528,0.0021348528,0.0,0.0,1,1,0,0,50,50,0,0,1,1,0,0,50,50,0,0
938372760,2490378,4259850,2490378,0,0,0.12857468,0.12857468,0.0,0.0,2490378,4325386,2490378,0,0,0.0028456359,0.0028456359,0.0,0.0,1,1,0,0,50,50,0,0,1,1,0,0,50,50,0,0
938576799,2490378,4259850,2490378,0,0,0.12506305,0.12506306,0.0,0.0,2490378,4325386,2490378,0,0,0.002143894,0.002143894,0.0,0.0,1,1,0,0,50,50,0,0,1,1,0,0,50,50,0,0
938775877,2490378,4259850,2490378,0,0,0.12900223,0.12900221,0.0,0.0,2490378,4325386,2490378,0,0,0.0025915892,0.0025915892,0.0,0.0,1,1,0,0,50,50,0,0,1,1,0,0,50,50,0,0
938974957,2490378,4259850,2490378,0,0,0.12974742,0.1297474,0.0,0.0,2490378,4325386,2490378,0,0,0.002234753,0.0022347525,0.0,0.0,1,1,0,0,50,50,0,0,1,1,0,0,50,50,0,0
939178964,2490378,4259850,2490378,0,0,0.12829247,0.12829244,0.0,0.0,2490378,4325386,2490378,0,0,0.002152611,0.0021526106,0.0,0.0,1,1,0,0,50,50,0,0,1,1,0,0,50,50,0,0
939378051,2490378,4259850,2490378,0,0,0.12741075,0.12741074,0.0,0.0,2490378,4325386,2490378,0,0,0.0021613769,0.0021613773,0.0,0.0,1,1,0,0,50,50,0,0,1,1,0,0,50,50,0,0
939577084,2490378,4259850,2490378,0,0,0.12766875,0.12766875,0.0,0.0,2490378,4325386,2490378,0,0,0.0024834443,0.002483444,0.0,0.0,1,1,0,0,50,50,0,0,1,1,0,0,50,50,0,0
939776164,2490378,4259850,2490378,0,0,0.1301072,0.1301072,0.0,0.0,2490378,4325386,2490378,0,0,0.0029437987,0.0029437987,0.0,0.0,1,1,0,0,50,50,0,0,1,1,0,0,50,50,0,0
939975212,2490378,4259850,2490378,0,0,0.12914008,0.12914008,0.0,0.0,2490378,4325386,2490378,0,0,0.002393891,0.0023938913,0.0,0.0,1,1,0,0,50,50,0,0,1,1,0,0,50,50,0,0
940174276,2490378,4259850,2490378,0,0,0.13305551,0.13305554,0.0,0.0,2490378,4325386,2490378,0,0,0.0020573991,0.0020573994,0.0,0.0,1,1,0,0,50,50,0,0,1,1,0,0,50,50,0,0
940373386,2490378,4259850,2490378,0,0,0.1311269,0.1311269,0.0,0.0,2490378,4325386,2490378,0,0,0.0023117515,0.0023117515,0.0,0.0,1,1,0,0,50,50,0,0,1,1,0,0,50,50,0,0
940577395,2490378,4259850,2490378,0,0,0.13053782,0.13053782,0.0,0.0,2490378,4325386,2490378,0,0,0.0026443063,0.0026443063,0.0,0.0,1,1,0,0,50,50,0,0,1,1,0,0,50,50,0,0
940776434,2490378,4259850,2490378,0,0,0.13184093,0.13184094,0.0,0.0,2490378,4325386,2490378,0,0,0.0020949142,0.0020949137,0.0,0.0,1,1,0,0,50,50,0,0,1,1,0,0,50,50,0,0
940975497,2490378,4259850,2490378,0,0,0.12647416,0.12647416,0.0,0.0,2490378,4325386,2490378,0,0,0.0026915034,0.0026915038,0.0,0.0,1,1,0,0,50,50,0,0,1,1,0,0,50,50,0,0
941174603,2490378,4259850,2490378,0,0,0.13021854,0.13021857,0.0,0.0,2490378,4325386,2490378,0,0,0.0028077913,0.002807792,0.0,0.0,1,1,0,0,50,50,0,0,1,1,0,0,50,50,0,0
941373626,2490378,4259850,2490378,0,0,0.11475278,0.11475278,0.0,0.0,2490378,4325386,2490378,0,0,0.0024303293,0.002430329,0.0,0.0,1,1,0,0,50,50,0,0,1,1,0,0,50,50,0,0
941572705,2490378,4259850,2490378,0,0,0.13259955,0.13259955,0.0,0.0,2490378,4325386,2490378,0,0,0.0020960208,0.0020960208,0.0,0.0,1,1,0,0,50,50,0,0,1,1,0,0,50,50,0,0
941771776,2490378,4259850,2490378,0,0,0.12699999,0.12700003,0.0,0.0,2490378,4325386,2490378,0,0,0.0023909626,0.002390962,0.0,0.0,1,1,0,0,50,50,0,0,1,1,0,0,50,50,0,0
941975786,2490378,4259850,2490378,0,0,0.124844804,0.124844804,0.0,0.0,2490378,4325386,2490378,0,0,0.0027181474,0.0027181471,0.0,0.0,1,1,0,0,50,50,0,0,1,1,0,0,50,50,0,0
942174848,2490378,4259850,2490378,0,0,0.12812276,0.12812278,0.0,0.0,2490378,4325386,2490378,0,0,0.0027411012,0.0027411012,0.0,0.0,1,1,0,0,50,50,0,0,1,1,0,0,50,50,0,0
942373987,2490378,4259850,2490378,0,0,0.12714952,0.1271495,0.0,0.0,2490378,4325386,2490378,0,0,0.0022598337,0.0022598337,0.0,0.0,1,1,0,0,50,50,0,0,1,1,0,0,50,50,0,0
942572990,2490378,4259850,2490378,0,0,0.13181442,0.1318144,0.0,0.0,2490378,4325386,2490378,0,0,0.002012721,0.002012721,0.0,0.0,1,1,0,0,50,50,0,0,1,1,0,0,50,50,0,0
942777011,2490378,4259850,2490378,0,0,0.12762897,0.12762898,0.0,0.0,2490378,4325386,2490378,0,0,0.0025564297,0.0025564297,0.0,0.0,1,1,0,0,50,50,0,0,1,1,0,0,50,50,0,0
942976073,2490378,4259850,2490378,0,0,0.12809555,0.12809555,0.0,0.0,2490378,4325386,2490378,0,0,0.002057182,0.0020571817,0.0,0.0,1,1,0,0,50,50,0,0,1,1,0,0,50,50,0,0
943175135,2490378,4259850,2490378,0,0,0.1283977,0.12839769,0.0,0.0,2490378,4325386,2490378,0,0,0.0019993712,0.0019993712,0.0,0.0,1,1,0,0,50,50,0,0,1,1,0,0,50,50,0,0
943379331,2490378,4259850,2490378,0,0,0.1308872,0.13088721,0.0,0.0,2490378,4325386,2490378,0,0,0.0021269014,0.0021269014,0.0,0.0,1,1,0,0,50,50,0,0,1,1,0,0,50,50,0,0
943578233,2490378,4259850,2490378,0,0,0.12890996,0.12890996,0.0,0.0,2490378,4325386,2490378,0,0,0.0023633516,0.0023633516,0.0,0.0,1,1,0,0,50,50,0,0,1,1,0,0,50,50,0,0
943777349,2490378,4259850,2490378,0,0,0.1297426,0.1297426,0.0,0.0,2490378,4325386,2490378,0,0,0.0021089062,0.0021089062,0.0,0.0,1,1,0,0,50,50,0,0,1,1,0,0,50,50,0,0
943976388,2490378,4259850,2490378,0,0,0.1295747,0.1295747,0.0,0.0,2490378,4325386,2490378,0,0,0.0023087908,0.0023087908,0.0,0.0,1,1,0,0,50,50,0,0,1,1,0,0,50,50,0,0
944175421,2490378,4259850,2490378,0,0,0.12957673,0.12957671,0.0,0.0,2490378,4325386,2490378,0,0,0.0029159335,0.0029159335,0.0,0.0,1,1,0,0,50,50,0,0,1,1,0,0,50,50,0,0
944374481,2490378,4259850,2490378,0,0,0.12973669,0.12973668,0.0,0.0,2490378,4325386,2490378,0,0,0.0029322307,0.0029322305,0.0,0.0,1,1,0,0,50,50,0,0,1,1,0,0,50,50,0,0
944573566,2490378,4259850,2490378,0,0,0.1312478,0.13124782,0.0,0.0,2490378,4325386,2490378,0,0,0.0025135141,0.0025135141,0.0,0.0,1,1,0,0,50,50,0,0,1,1,0,0,50,50,0,0
944777581,2490378,4259850,2490378,0,0,0.12668686,0.12668687,0.0,0.0,2490378,4325386,2490378,0,0,0.002628975,0.002628975,0.0,0.0,1,1,0,0,50,50,0,0,1,1,0,0,50,50,0,0
944976674,2490378,4259850,2490378,0,0,0.12697843,0.12697843,0.0,0.0,2490378,4325386,2490378,0,0,0.0025722112,0.0025722112,0.0,0.0,1,1,0,0,50,50,0,0,1,1,0,0,50,50,0,0
945175714,2490378,4259850,2490378,0,0,0.12710437,0.12710437,0.0,0.0,2490378,4325386,2490378,0,0,0.0021506187,0.002150619,0.0,0.0,1,1,0,0,50,50,0,0,1,1,0,0,50,50,0,0
945374773,2490378,4259850,2490378,0,0,0.13007136,0.13007136,0.0,0.0,2490378,4325386,2490378,0,0,0.0020680304,0.0020680306,0.0,0.0,1,1,0,0,50,50,0,0,1,1,0,0,50,50,0,0
945573833,2490378,4259850,2490378,0,0,0.1264124,0.1264124,0.0,0.0,2490378,4325386,2490378,0,0,0.0028185751,0.0028185754,0.0,0.0,1,1,0,0,50,50,0,0,1,1,0,0,50,50,0,0
945772964,2490378,4259850,2490378,0,0,0.12948154,0.12948155,0.0,0.0,2490378,4325386,2490378,0,0,0.0026559257,0.0026559255,0.0,0.0,1,1,0,0,50,50,0,0,1,1,0,0,50,50,0,0
945971953,2490378,4259850,2490378,0,0,0.12792873,0.12792875,0.0,0.0,2490378,4325386,2490378,0,0,0.002260924,0.002260924,0.0,0.0,1,1,0,0,50,50,0,0,1,1,0,0,50,50,0,0
946175992,2490378,4259850,2490378,0,0,0.12912193,0.12912193,0.0,0.0,2490378,4325386,2490378,0,0,0.0022535396,0.0022535392,0.0,0.0,1,1,0,0,50,50,0,0,1,1,0,0,50,50,0,0
946375058,2490378,4259850,2490378,0,0,0.13295057,0.13295059,0.0,0.0,2490378,4325386,2490378,0,0,0.0023646776,0.0023646776,0.0,0.0,1,1,0,0,50,50,0,0,1,1,0,0,50,50,0,0
946574116,2490378,4259850,2490378,0,0,0.12692648,0.12692648,0.0,0.0,2490378,4325386,2490378,0,0,0.0024529696,0.0024529696,0.0,0.0,1,1,0,0,50,50,0,0,1,1,0,0,50,50,0,0
946773208,2490378,4259850,2490378,0,0,0.12790361,0.12790358,0.0,0.0,2490378,4325386,2490378,0,0,0.0021375532,0.0021375534,0.0,0.0,1,1,0,0,50,50,0,0,1,1,0,0,50,50,0,0
946972269,2490378,4259850,2490378,0,0,0.12776624,0.12776619,0.0,0.0,2490378,4325386,2490378,0,0,0.0021397544,0.0021397541,0.0,0.0,1,1,0,0,50,50,0,0,1,1,0,0,50,50,0,0
947176282,2490378,4259850,2490378,0,0,0.13028646,0.13028644,0.0,0.0,2490378,4325386,2490378,0,0,0.0028836515,0.0028836515,0.0,0.0,1,1,0,0,50,50,0,0,1,1,0,0,50,50,0,0
947375344,2490378,4259850,2490378,0,0,0.13081838,0.13081838,0.0,0.0,2490378,4325386,2490378,0,0,0.0028210322,0.0028210322,0.0,0.0,1,1,0,0,50,50,0,0,1,1,0,0,50,50,0,0
947574407,2490378,4259850,2490378,0,0,0.12974998,0.12975,0.0,0.0,2490378,4325386,2490378,0,0,0.0027038902,0.0027038902,0.0,0.0,1,1,0,0,50,50,0,0,1,1,0,0,50,50,0,0
947778448,2490378,4259850,2490378,0,0,0.12915848,0.12915848,0.0,0.0,2490378,4325386,2490378,0,0,0.0025620793,0.0025620793,0.0,0.0,1,1,0,0,50,50,0,0,1,1,0,0,50,50,0,0
947977503,2490378,4259850,2490378,0,0,0.12686974,0.12686975,0.0,0.0,2490378,4325386,2490378,0,0,0.0024383126,0.0024383126,0.0,0.0,1,1,0,0,50,50,0,0,1,1,0,0,50,50,0,0
948176596,2490378,4259850,2490378,0,0,0.12886463,0.12886466,0.0,0.0,2490378,4325386,2490378,0,0,0.0029970321,0.0029970324,0.0,0.0,1,1,0,0,50,50,0,0,1,1,0,0,50,50,0,0
948375631,2490378,4259850,2490378,0,0,0.1269386,0.12693858,0.0,0.0,2490378,4325386,2490378,0,0,0.002353563,0.002353563,0.0,0.0,1,1,0,0,50,50,0,0,1,1,0,0,50,50,0,0
948574697,2490378,4259850,2490378,0,0,0.13072176,0.13072173,0.0,0.0,2490378,4325386,2490378,0,0,0.002893527,0.0028935273,0.0,0.0,1,1,0,0,50,50,0,0,1,1,0,0,50,50,0,0
948773755,2490378,4259850,2490378,0,0,0.12805092,0.12805088,0.0,0.0,2490378,4325386,2490378,0,0,0.0025246546,0.0025246546,0.0,0.0,1,1,0,0,50,50,0,0,1,1,0,0,50,50,0,0
948977805,2490378,4259850,2490378,0,0,0.13229054,0.13229053,0.0,0.0,2490378,4325386,2490378,0,0,0.0027310485,0.0027310485,0.0,0.0,1,1,0,0,50,50,0,0,1,1,0,0,50,50,0,0
949176858,2490378,4259850,2490378,0,0,0.12989017,0.12989017,0.0,0.0,2490378,4325386,2490378,0,0,0.0024057687,0.0024057687,0.0,0.0,1,1,0,0,50,50,0,0,1,1,0,0,50,50,0,0
949375935,2490378,4259850,2490378,0,0,0.13103007,0.13103007,0.0,0.0,2490378,4325386,2490378,0,0,0.002031248,0.002031248,0.0,0.0,1,1,0,0,50,50,0,0,1,1,0,0,50,50,0,0
949575010,2490378,4259850,2490378,0,0,0.13221946,0.13221946,0.0,0.0,2490378,4325386,2490378,0,0,0.0025916104,0.0025916104,0.0,0.0,1,1,0,0,50,50,0,0,1,1,0,0,50,50,0,0
949774043,2490378,4259850,2490378,0,0,0.1308427,0.13084266,0.0,0.0,2490378,4325386,2490378,0,0,0.002518591,0.002518591,0.0,0.0,1,1,0,0,50,50,0,0,1,1,0,0,50,50,0,0
949973103,2490378,4259850,2490378,0,0,0.12889348,0.12889348,0.0,0.0,2490378,4325386,2490378,0,0,0.002257618,0.0022576174,0.0,0.0,1,1,0,0,50,50,0,0,1,1,0,0,50,50,0,0
950172166,2490378,4259850,2490378,0,0,0.13064477,0.13064475,0.0,0.0,2490378,4325386,2490378,0,0,0.0024503511,0.0024503511,0.0,0.0,1,1,0,0,50,50,0,0,1,1,0,0,50,50,0,0
950376232,2490378,4259850,2490378,0,0,0.1271424,0.12714241,0.0,0.0,2490378,4325386,2490378,0,0,0.0017664931,0.0017664931,0.0,0.0,1,1,0,0,50,50,0,0,1,1,0,0,50,50,0,0
950575285,2490378,4259850,2490378,0,0,0.12782727,0.12782727,0.0,0.0,2490378,4325386,2490378,0,0,0.0020771392,0.0020771394,0.0,0.0,1,1,0,0,50,50,0,0,1,1,0,0,50,50,0,0
950774332,2490378,4259850,2490378,0,0,0.12910913,0.12910913,0.0,0.0,2490378,4325386,2490378,0,0,0.0027006422,0.002700642,0.0,0.0,1,1,0,0,50,50,0,0,1,1,0,0,50,50,0,0
950973392,2490378,4259850,2490378,0,0,0.13136746,0.13136747,0.0,0.0,2490378,4325386,2490378,0,0,0.0026929975,0.0026929972,0.0,0.0,1,1,0,0,50,50,0,0,1,1,0,0,50,50,0,0
951172454,2490378,4259850,2490378,0,0,0.12848939,0.1284894,0.0,0.0,2490378,4325386,2490378,0,0,0.002301353,0.0023013533,0.0,0.0,1,1,0,0,50,50,0,0,1,1,0,0,50,50,0,0
951376495,2490378,4259850,2490378,0,0,0.13108826,0.13108824,0.0,0.0,2490378,4325386,2490378,0,0,0.002273049,0.0022730485,0.0,0.0,1,1,0,0,50,50,0,0,1,1,0,0,50,50,0,0
951575581,2490378,4259850,2490378,0,0,0.13049588,0.13049586,0.0,0.0,2490378,4325386,2490378,0,0,0.002592432,0.002592432,0.0,0.0,1,1,0,0,50,50,0,0,1,1,0,0,50,50,0,0
951774647,2490378,4259850,2490378,0,0,0.13007365,0.13007365,0.0,0.0,2490378,4325386,2490378,0,0,0.0027742106,0.0027742106,0.0,0.0,1,1,0,0,50,50,0,0,1,1,0,0,50,50,0,0
951973683,2490378,4259850,2490378,0,0,0.12980618,0.12980616,0.0,0.0,2490378,4325386,2490378,0,0,0.0026112278,0.0026112278,0.0,0.0,1,1,0,0,50,50,0,0,1,1,0,0,50,50,0,0
952177718,2490378,4259850,2490378,0,0,0.12751973,0.12751976,0.0,0.0,2490378,4325386,2490378,0,0,0.002857732,0.0028577314,0.0,0.0,1,1,0,0,50,50,0,0,1,1,0,0,50,50,0,0
952376779,2490378,4259850,2490378,0,0,0.12805668,0.12805666,0.0,0.0,2490378,4325386,2490378,0,0,0.002200424,0.002200424,0.0,0.0,1,1,0,0,50,50,0,0,1,1,0,0,50,50,0,0
952575893,2490378,4259850,2490378,0,0,0.12930231,0.12930228,0.0,0.0,2490378,4325386,2490378,0,0,0.002925227,0.002925227,0.0,0.0,1,1,0,0,50,50,0,0,1,1,0,0,50,50,0,0
952774907,2490378,4259850,2490378,0,0,0.13017163,0.13017166,0.0,0.0,2490378,4325386,2490378,0,0,0.0029394696,0.00293947,0.0,0.0,1,1,0,0,50,50,0,0,1,1,0,0,50,50,0,0
952973965,2490378,4259850,2490378,0,0,0.12833624,0.12833622,0.0,0.0,2490378,4325386,2490378,0,0,0.0026556319,0.002655632,0.0,0.0,1,1,0,0,50,50,0,0,1,1,0,0,50,50,0,0
953178019,2490378,4259850,2490378,0,0,0.12956281,0.12956281,0.0,0.0,2490378,4325386,2490378,0,0,0.0027020199,0.0027020203,0.0,0.0,1,1,0,0,50,50,0,0,1,1,0,0,50,50,0,0
953377087,2490378,4259850,2490378,0,0,0.13092762,0.1309276,0.0,0.0,2490378,4325386,2490378,0,0,0.0025200625,0.0025200625,0.0,0.0,1,1,0,0,50,50,0,0,1,1,0,0,50,50,0,0
953576126,2490378,4259850,2490378,0,0,0.13291533,0.13291533,0.0,0.0,2490378,4325386,2490378,0,0,0.0021554027,0.0021554027,0.0,0.0,1,1,0,0,50,50,0,0,1,1,0,0,50,50,0,0
953775219,2490378,4259850,2490378,0,0,0.13175425,0.13175426,0.0,0.0,2490378,4325386,2490378,0,0,0.0026670434,0.002667043,0.0,0.0,1,1,0,0,50,50,0,0,1,1,0,0,50,50,0,0
953974255,2490378,4259850,2490378,0,0,0.12951861,0.12951863,0.0,0.0,2490378,4325386,2490378,0,0,0.002128169,0.0021281682,0.0,0.0,1,1,0,0,50,50,0,0,1,1,0,0,50,50,0,0
954173318,2490378,4259850,2490378,0,0,0.12980096,0.12980099,0.0,0.0,2490378,4325386,2490378,0,0,0.002267492,0.002267492,0.0,0.0,1,1,0,0,50,50,0,0,1,1,0,0,50,50,0,0
954372375,2490378,4259850,2490378,0,0,0.13266832,0.13266833,0.0,0.0,2490378,4325386,2490378,0,0,0.002644317,0.0026443172,0.0,0.0,1,1,0,0,50,50,0,0,1,1,0,0,50,50,0,0
954576446,2490378,4259850,2490378,0,0,0.13104796,0.13104795,0.0,0.0,2490378,4325386,2490378,0,0,0.0020589407,0.0020589407,0.0,0.0,1,1,0,0,50,50,0,0,1,1,0,0,50,50,0,0
954775477,2490378,4259850,2490378,0,0,0.12973757,0.12973756,0.0,0.0,2490378,4325386,2490378,0,0,0.0022476977,0.002247698,0.0,0.0,1,1,0,0,50,50,0,0,1,1,0,0,50,50,0,0
954974543,2490378,4259850,2490378,0,0,0.12791045,0.12791044,0.0,0.0,2490378,4325386,2490378,0,0,0.0028199977,0.0028199975,0.0,0.0,1,1,0,0,50,50,0,0,1,1,0,0,50,50,0,0
955173605,2490378,4259850,2490378,0,0,0.13046901,0.130469,0.0,0.0,2490378,4325386,2490378,0,0,0.0024528897,0.0024528895,0.0,0.0,1,1,0,0,50,50,0,0,1,1,0,0,50,50,0,0
955372671,2490378,4259850,2490378,0,0,0.13009907,0.13009909,0.0,0.0,2490378,4325386,2490378,0,0,0.0023913428,0.0023913428,0.0,0.0,1,1,0,0,50,50,0,0,1,1,0,0,50,50,0,0
955571726,2490378,4259850,2490378,0,0,0.13040234,0.13040236,0.0,0.0,2490378,4325386,2490378,0,0,0.002244915,0.0022449153,0.0,0.0,1,1,0,0,50,50,0,0,1,1,0,0,50,50,0,0
955775767,2490378,4259850,2490378,0,0,0.13091446,0.13091446,0.0,0.0,2490378,4325386,2490378,0,0,0.0023257216,0.0023257218,0.0,0.0,1,1,0,0,50,50,0,0,1,1,0,0,50,50,0,0
955974826,2490378,4259850,2490378,0,0,0.12965834,0.12965833,0.0,0.0,2490378,4325386,2490378,0,0,0.0020336981,0.002033698,0.0,0.0,1,1,0,0,50,50,0,0,1,1,0,0,50,50,0,0
956173893,2490378,4259850,2490378,0,0,0.1308936,0.13089357,0.0,0.0,2490378,4325386,2490378,0,0,0.0028857344,0.0028857344,0.0,0.0,1,1,0,0,50,50,0,0,1,1,0,0,50,50,0,0
956377929,2490378,4259850,2490378,0,0,0.13052511,0.13052513,0.0,0.0,2490378,4325386,2490378,0,0,0.0024235926,0.0024235926,0.0,0.0,1,1,0,0,50,50,0,0,1,1,0,0,50,50,0,0
956576993,2490378,4259850,2490378,0,0,0.13094066,0.13094069,0.0,0.0,2490378,4325386,2490378,0,0,0.0025627555,0.0025627555,0.0,0.0,1,1,0,0,50,50,0,0,1,1,0,0,50,50,0,0
956776064,2490378,4259850,2490378,0,0,0.12833592,0.12833595,0.0,0.0,2490378,4325386,2490378,0,0,0.002362793,0.002362793,0.0,0.0,1,1,0,0,50,50,0,0,1,1,0,0,50,50,0,0
956975131,2490378,4259850,2490378,0,0,0.13201547,0.13201548,0.0,0.0,2490378,4325386,2490378,0,0,0.00241656,0.0024165602,0.0,0.0,1,1,0,0,50,50,0,0,1,1,0,0,50,50,0,0
957174179,2490378,4259850,2490378,0,0,0.12764898,0.127649,0.0,0.0,2490378,4325386,2490378,0,0,0.002037833,0.002037833,0.0,0.0,1,1,0,0,50,50,0,0,1,1,0,0,50,50,0,0
957378238,2490378,4259850,2490378,0,0,0.1266636,0.12666358,0.0,0.0,2490378,4325386,2490378,0,0,0.0023132437,0.0023132437,0.0,0.0,1,1,0,0,50,50,0,0,1,1,0,0,50,50,0,0
957577279,2490378,4259850,2490378,0,0,0.13004445,0.13004442,0.0,0.0,2490378,4325386,2490378,0,0,0.0024910911,0.0024910916,0.0,0.0,1,1,0,0,50,50,0,0,1,1,0,0,50,50,0,0
957776345,2490378,4259850,2490378,0,0,0.12887938,0.12887938,0.0,0.0,2490378,4325386,2490378,0,0,0.002571211,0.002571211,0.0,0.0,1,1,0,0,50,50,0,0,1,1,0,0,50,50,0,0
957975401,2490378,4259850,2490378,0,0,0.1312329,0.13123292,0.0,0.0,2490378,4325386,2490378,0,0,0.0020498594,0.0020498598,0.0,0.0,1,1,0,0,50,50,0,0,1,1,0,0,50,50,0,0
958174465,2490378,4259850,2490378,0,0,0.12977497,0.12977496,0.0,0.0,2490378,4325386,2490378,0,0,0.0026216104,0.0026216104,0.0,0.0,1,1,0,0,50,50,0,0,1,1,0,0,50,50,0,0
958373584,2490378,4259850,2490378,0,0,0.13054,0.13054,0.0,0.0,2490378,4325386,2490378,0,0,0.0025745032,0.0025745032,0.0,0.0,1,1,0,0,50,50,0,0,1,1,0,0,50,50,0,0
958572593,2490378,4259850,2490378,0,0,0.12985446,0.12985446,0.0,0.0,2490378,4325386,2490378,0,0,0.0023949405,0.0023949407,0.0,0.0,1,1,0,0,50,50,0,0,1,1,0,0,50,50,0,0
958771656,2490378,4259850,2490378,0,0,0.13396092,0.13396095,0.0,0.0,2490378,4325386,2490378,0,0,0.0023851937,0.0023851937,0.0,0.0,1,1,0,0,50,50,0,0,1,1,0,0,50,50,0,0
958975786,2490378,4259850,2490378,0,0,0.12950954,0.12950957,0.0,0.0,2490378,4325386,2490378,0,0,0.002242215,0.0022422147,0.0,0.0,1,1,0,0,50,50,0,0,1,1,0,0,50,50,0,0
959174756,2490378,4259850,2490378,0,0,0.13028494,0.13028497,0.0,0.0,2490378,4325386,2490378,0,0,0.0030099775,0.0030099775,0.0,0.0,1,1,0,0,50,50,0,0,1,1,0,0,50,50,0,0
959373861,2490378,4259850,2490378,0,0,0.12666032,0.12666032,0.0,0.0,2490378,4325386,2490378,0,0,0.0026974492,0.002697449,0.0,0.0,1,1,0,0,50,50,0,0,1,1,0,0,50,50,0,0
959572921,2490378,4259850,2490378,0,0,0.12819788,0.1281979,0.0,0.0,2490378,4325386,2490378,0,0,0.00240073,0.00240073,0.0,0.0,1,1,0,0,50,50,0,0,1,1,0,0,50,50,0,0
959771940,2490378,4259850,2490378,0,0,0.13020006,0.13020007,0.0,0.0,2490378,4325386,2490378,0,0,0.0025762697,0.00257627,0.0,0.0,1,1,0,0,50,50,0,0,1,1,0,0,50,50,0,0
959975984,2490378,4259850,2490378,0,0,0.13041906,0.13041905,0.0,0.0,2490378,4325386,2490378,0,0,0.0029454555,0.0029454553,0.0,0.0,1,1,0,0,50,50,0,0,1,1,0,0,50,50,0,0
960175057,2490378,4259850,2490378,0,0,0.13005432,0.13005432,0.0,0.0,2490378,4325386,2490378,0,0,0.0025129395,0.0025129395,0.0,0.0,1,1,0,0,50,50,0,0,1,1,0,0,50,50,0,0
960374102,2490378,4259850,2490378,0,0,0.13158724,0.13158722,0.0,0.0,2490378,4325386,2490378,0,0,0.0024105222,0.002410522,0.0,0.0,1,1,0,0,50,50,0,0,1,1,0,0,50,50,0,0
960573219,2490378,4259850,2490378,0,0,0.13046154,0.13046154,0.0,0.0,2490378,4325386,2490378,0,0,0.0023522067,0.0023522072,0.0,0.0,1,1,0,0,50,50,0,0,1,1,0,0,50,50,0,0
960777227,2490378,4259850,2490378,0,0,0.13133094,0.13133095,0.0,0.0,2490378,4325386,2490378,0,0,0.002568641,0.0025686412,0.0,0.0,1,1,0,0,50,50,0,0,1,1,0,0,50,50,0,0
960976271,2490378,4259850,2490378,0,0,0.1273012,0.12730117,0.0,0.0,2490378,4325386,2490378,0,0,0.0025820716,0.0025820716,0.0,0.0,1,1,0,0,50,50,0,0,1,1,0,0,50,50,0,0
961175691,2490378,4259850,2490378,0,0,0.1290123,0.12901229,0.0,0.0,2490378,4325386,2490378,0,0,0.002276515,0.002276515,0.0,0.0,1,1,0,0,50,50,0,0,1,1,0,0,50,50,0,0
961374387,2490378,4259850,2490378,0,0,0.13091667,0.13091666,0.0,0.0,2490378,4325386,2490378,0,0,0.0020047217,0.0020047217,0.0,0.0,1,1,0,0,50,50,0,0,1,1,0,0,50,50,0,0
961578442,2490378,4259850,2490378,0,0,0.1282587,0.12825875,0.0,0.0,2490378,4325386,2490378,0,0,0.0022706664,0.0022706666,0.0,0.0,1,1,0,0,50,50,0,0,1,1,0,0,50,50,0,0
961777551,2490378,4259850,2490378,0,0,0.13404964,0.13404968,0.0,0.0,2490378,4325386,2490378,0,0,0.0023644932,0.0023644932,0.0,0.0,1,1,0,0,50,50,0,0,1,1,0,0,50,50,0,0
961976641,2490378,4259850,2490378,0,0,0.13287993,0.13287991,0.0,0.0,2490378,4325386,2490378,0,0,0.0023254065,0.0023254068,0.0,0.0,1,1,0,0,50,50,0,0,1,1,0,0,50,50,0,0
962175638,2490378,4259850,2490378,0,0,0.13163555,0.13163555,0.0,0.0,2490378,4325386,2490378,0,0,0.0025749193,0.0025749193,0.0,0.0,1,1,0,0,50,50,0,0,1,1,0,0,50,50,0,0
962374710,2490378,4259850,2490378,0,0,0.13107385,0.13107383,0.0,0.0,2490378,4325386,2490378,0,0,0.0022922736,0.0022922736,0.0,0.0,1,1,0,0,50,50,0,0,1,1,0,0,50,50,0,0
962573744,2490378,4259850,2490378,0,0,0.13140951,0.13140951,0.0,0.0,2490378,4325386,2490378,0,0,0.0025657176,0.0025657176,0.0,0.0,1,1,0,0,50,50,0,0,1,1,0,0,50,50,0,0
962772871,2490378,4259850,2490378,0,0,0.13110971,0.13110968,0.0,0.0,2490378,4325386,2490378,0,0,0.0021106608,0.0021106608,0.0,0.0,1,1,0,0,50,50,0,0,1,1,0,0,50,50,0,0
962976847,2490378,4259850,2490378,0,0,0.12996335,0.12996335,0.0,0.0,2490378,4325386,2490378,0,0,0.0029249226,0.002924923,0.0,0.0,1,1,0,0,50,50,0,0,1,1,0,0,50,50,0,0
963175909,2490378,4259850,2490378,0,0,0.1287029,0.12870288,0.0,0.0,2490378,4325386,2490378,0,0,0.002586676,0.002586676,0.0,0.0,1,1,0,0,50,50,0,0,1,1,0,0,50,50,0,0
963374972,2490378,4259850,2490378,0,0,0.13036688,0.13036688,0.0,0.0,2490378,4325386,2490378,0,0,0.0024159988,0.002415999,0.0,0.0,1,1,0,0,50,50,0,0,1,1,0,0,50,50,0,0
963574034,2490378,4259850,2490378,0,0,0.1296292,0.1296292,0.0,0.0,2490378,4325386,2490378,0,0,0.0028303284,0.0028303284,0.0,0.0,1,1,0,0,50,50,0,0,1,1,0,0,50,50,0,0
963773094,2490378,4259850,2490378,0,0,0.1284847,0.12848467,0.0,0.0,2490378,4325386,2490378,0,0,0.0027099396,0.0027099396,0.0,0.0,1,1,0,0,50,50,0,0,1,1,0,0,50,50,0,0
963972183,2490378,4259850,2490378,0,0,0.12981068,0.12981065,0.0,0.0,2490378,4325386,2490378,0,0,0.0021942323,0.002194232,0.0,0.0,1,1,0,0,50,50,0,0,1,1,0,0,50,50,0,0
964171225,2490378,4259850,2490378,0,0,0.13064483,0.13064483,0.0,0.0,2490378,4325386,2490378,0,0,0.0025571797,0.0025571792,0.0,0.0,1,1,0,0,50,50,0,0,1,1,0,0,50,50,0,0
964375260,2490378,4259850,2490378,0,0,0.13378537,0.13378538,0.0,0.0,2490378,4325386,2490378,0,0,0.0026087018,0.0026087018,0.0,0.0,1,1,0,0,50,50,0,0,1,1,0,0,50,50,0,0
964574348,2490378,4259850,2490378,0,0,0.13118206,0.13118204,0.0,0.0,2490378,4325386,2490378,0,0,0.0022906517,0.0022906517,0.0,0.0,1,1,0,0,50,50,0,0,1,1,0,0,50,50,0,0
964773382,2490378,4259850,2490378,0,0,0.12932314,0.12932314,0.0,0.0,2490378,4325386,2490378,0,0,0.0028832352,0.0028832352,0.0,0.0,1,1,0,0,50,50,0,0,1,1,0,0,50,50,0,0
964977449,2490378,4259850,2490378,0,0,0.13369443,0.13369443,0.0,0.0,2490378,4325386,2490378,0,0,0.0025970738,0.0025970736,0.0,0.0,1,1,0,0,50,50,0,0,1,1,0,0,50,50,0,0
965176508,2490378,4259850,2490378,0,0,0.12777346,0.12777346,0.0,0.0,2490378,4325386,2490378,0,0,0.002272133,0.0022721332,0.0,0.0,1,1,0,0,50,50,0,0,1,1,0,0,50,50,0,0
965375555,2490378,4259850,2490378,0,0,0.13133667,0.13133664,0.0,0.0,2490378,4325386,2490378,0,0,0.0026657975,0.0026657975,0.0,0.0,1,1,0,0,50,50,0,0,1,1,0,0,50,50,0,0
965574619,2490378,4259850,2490378,0,0,0.12856461,0.12856458,0.0,0.0,2490378,4325386,2490378,0,0,0.0021794308,0.0021794308,0.0,0.0,1,1,0,0,50,50,0,0,1,1,0,0,50,50,0,0
965778655,2490378,4259850,2490378,0,0,0.13004996,0.13004996,0.0,0.0,2490378,4325386,2490378,0,0,0.0025079441,0.0025079446,0.0,0.0,1,1,0,0,50,50,0,0,1,1,0,0,50,50,0,0
965977714,2490378,4259850,2490378,0,0,0.12934825,0.12934822,0.0,0.0,2490378,4325386,2490378,0,0,0.0025842374,0.002584238,0.0,0.0,1,1,0,0,50,50,0,0,1,1,0,0,50,50,0,0
966176804,2490378,4259850,2490378,0,0,0.13144994,0.13144994,0.0,0.0,2490378,4325386,2490378,0,0,0.002632712,0.002632712,0.0,0.0,1,1,0,0,50,50,0,0,1,1,0,0,50,50,0,0
966375844,2490378,4259850,2490378,0,0,0.12893476,0.12893476,0.0,0.0,2490378,4325386,2490378,0,0,0.0024768012,0.002476801,0.0,0.0,1,1,0,0,50,50,0,0,1,1,0,0,50,50,0,0
966574900,2490378,4259850,2490378,0,0,0.13213234,0.13213232,0.0,0.0,2490378,4325386,2490378,0,0,0.0025343597,0.0025343597,0.0,0.0,1,1,0,0,50,50,0,0,1,1,0,0,50,50,0,0
966774138,2490378,4259850,2490378,0,0,0.13241445,0.13241446,0.0,0.0,2490378,4325386,2490378,0,0,0.0024854206,0.0024854206,0.0,0.0,1,1,0,0,50,50,0,0,1,1,0,0,50,50,0,0
966973024,2490378,4259850,2490378,0,0,0.12885217,0.12885216,0.0,0.0,2490378,4325386,2490378,0,0,0.0028652877,0.0028652877,0.0,0.0,1,1,0,0,50,50,0,0,1,1,0,0,50,50,0,0
967177061,2490378,4259850,2490378,0,0,0.12916797,0.12916797,0.0,0.0,2490378,4325386,2490378,0,0,0.0027154828,0.0027154826,0.0,0.0,1,1,0,0,50,50,0,0,1,1,0,0,50,50,0,0
967376170,2490378,4259850,2490378,0,0,0.13390915,0.13390915,0.0,0.0,2490378,4325386,2490378,0,0,0.0022541033,0.0022541035,0.0,0.0,1,1,0,0,50,50,0,0,1,1,0,0,50,50,0,0
967575200,2490378,4259850,2490378,0,0,0.13250054,0.13250053,0.0,0.0,2490378,4325386,2490378,0,0,0.0027536487,0.0027536487,0.0,0.0,1,1,0,0,50,50,0,0,1,1,0,0,50,50,0,0
967774252,2490378,4259850,2490378,0,0,0.12721993,0.1272199,0.0,0.0,2490378,4325386,2490378,0,0,0.0030789254,0.0030789254,0.0,0.0,1,1,0,0,50,50,0,0,1,1,0,0,50,50,0,0
967973314,2490378,4259850,2490378,0,0,0.13030142,0.13030142,0.0,0.0,2490378,4325386,2490378,0,0,0.0028294867,0.0028294867,0.0,0.0,1,1,0,0,50,50,0,0,1,1,0,0,50,50,0,0
968172376,2490378,4259850,2490378,0,0,0.13028349,0.13028347,0.0,0.0,2490378,4325386,2490378,0,0,0.0021441302,0.0021441304,0.0,0.0,1,1,0,0,50,50,0,0,1,1,0,0,50,50,0,0
968371464,2490378,4259850,2490378,0,0,0.12737623,0.12737621,0.0,0.0,2490378,4325386,2490378,0,0,0.0027550876,0.002755088,0.0,0.0,1,1,0,0,50,50,0,0,1,1,0,0,50,50,0,0
968575484,2490378,4259850,2490378,0,0,0.12936783,0.1293678,0.0,0.0,2490378,4325386,2490378,0,0,0.0028146284,0.0028146289,0.0,0.0,1,1,0,0,50,50,0,0,1,1,0,0,50,50,0,0
968774557,2490378,4259850,2490378,0,0,0.13077718,0.13077717,0.0,0.0,2490378,4325386,2490378,0,0,0.0022553303,0.0022553303,0.0,0.0,1,1,0,0,50,50,0,0,1,1,0,0,50,50,0,0
968973619,2490378,4259850,2490378,0,0,0.12978745,0.12978745,0.0,0.0,2490378,4325386,2490378,0,0,0.0021075618,0.0021075618,0.0,0.0,1,1,0,0,50,50,0,0,1,1,0,0,50,50,0,0
969172671,2490378,4259850,2490378,0,0,0.130458,0.13045801,0.0,0.0,2490378,4325386,2490378,0,0,0.0026884377,0.0026884377,0.0,0.0,1,1,0,0,50,50,0,0,1,1,0,0,50,50,0,0
969376706,2490378,4259850,2490378,0,0,0.12854782,0.12854783,0.0,0.0,2490378,4325386,2490378,0,0,0.0028655303,0.00286553,0.0,0.0,1,1,0,0,50,50,0,0,1,1,0,0,50,50,0,0
969575803,2490378,4259850,2490378,0,0,0.12903817,0.12903817,0.0,0.0,2490378,4325386,2490378,0,0,0.0026032126,0.002603212,0.0,0.0,1,1,0,0,50,50,0,0,1,1,0,0,50,50,0,0
969774831,2490378,4259850,2490378,0,0,0.1301689,0.13016891,0.0,0.0,2490378,4325386,2490378,0,0,0.0029435141,0.002943514,0.0,0.0,1,1,0,0,50,50,0,0,1,1,0,0,50,50,0,0
969978887,2490378,4259850,2490378,0,0,0.12908989,0.12908994,0.0,0.0,2490378,4325386,2490378,0,0,0.002672945,0.0026729447,0.0,0.0,1,1,0,0,50,50,0,0,1,1,0,0,50,50,0,0
970177965,2490378,4259850,2490378,0,0,0.12870944,0.12870944,0.0,0.0,2490378,4325386,2490378,0,0,0.002911092,0.002911092,0.0,0.0,1,1,0,0,50,50,0,0,1,1,0,0,50,50,0,0
970377029,2490378,4259850,2490378,0,0,0.12937585,0.1293758,0.0,0.0,2490378,4325386,2490378,0,0,0.0028992265,0.0028992265,0.0,0.0,1,1,0,0,50,50,0,0,1,1,0,0,50,50,0,0
970576056,2490378,4259850,2490378,0,0,0.12944667,0.12944667,0.0,0.0,2490378,4325386,2490378,0,0,0.0026869418,0.0026869418,0.0,0.0,1,1,0,0,50,50,0,0,1,1,0,0,50,50,0,0
970775156,2490378,4259850,2490378,0,0,0.1287804,0.12878042,0.0,0.0,2490378,4325386,2490378,0,0,0.0025883105,0.0025883105,0.0,0.0,1,1,0,0,50,50,0,0,1,1,0,0,50,50,0,0
970974184,2490378,4259850,2490378,0,0,0.13006698,0.13006696,0.0,0.0,2490378,4325386,2490378,0,0,0.003067722,0.003067722,0.0,0.0,1,1,0,0,50,50,0,0,1,1,0,0,50,50,0,0
971173248,2490378,4259850,2490378,0,0,0.13000199,0.130002,0.0,0.0,2490378,4325386,2490378,0,0,0.0022796742,0.0022796744,0.0,0.0,1,1,0,0,50,50,0,0,1,1,0,0,50,50,0,0
971377284,2490378,4259850,2490378,0,0,0.13008903,0.13008903,0.0,0.0,2490378,4325386,2490378,0,0,0.0020347328,0.0020347328,0.0,0.0,1,1,0,0,50,50,0,0,1,1,0,0,50,50,0,0
971576417,2490378,4259850,2490378,0,0,0.12878078,0.12878078,0.0,0.0,2490378,4325386,2490378,0,0,0.0020935107,0.0020935107,0.0,0.0,1,1,0,0,50,50,0,0,1,1,0,0,50,50,0,0
971775410,2490378,4259850,2490378,0,0,0.12856898,0.12856899,0.0,0.0,2490378,4325386,2490378,0,0,0.0024269759,0.0024269759,0.0,0.0,1,1,0,0,50,50,0,0,1,1,0,0,50,50,0,0
971974474,2490378,4259850,2490378,0,0,0.12818103,0.12818106,0.0,0.0,2490378,4325386,2490378,0,0,0.002923685,0.002923685,0.0,0.0,1,1,0,0,50,50,0,0,1,1,0,0,50,50,0,0
972173544,2490378,4259850,2490378,0,0,0.13251886,0.13251886,0.0,0.0,2490378,4325386,2490378,0,0,0.001998279,0.001998279,0.0,0.0,1,1,0,0,50,50,0,0,1,1,0,0,50,50,0,0
972372640,2490378,4259850,2490378,0,0,0.13330355,0.13330352,0.0,0.0,2490378,4325386,2490378,0,0,0.002398188,0.002398188,0.0,0.0,1,1,0,0,50,50,0,0,1,1,0,0,50,50,0,0
972571663,2490378,4259850,2490378,0,0,0.13245875,0.13245873,0.0,0.0,2490378,4325386,2490378,0,0,0.0026365893,0.0026365893,0.0,0.0,1,1,0,0,50,50,0,0,1,1,0,0,50,50,0,0
972775731,2490378,4259850,2490378,0,0,0.1305539,0.13055389,0.0,0.0,2490378,4325386,2490378,0,0,0.0030022408,0.0030022403,0.0,0.0,1,1,0,0,50,50,0,0,1,1,0,0,50,50,0,0
972974784,2490378,4259850,2490378,0,0,0.13182709,0.13182707,0.0,0.0,2490378,4325386,2490378,0,0,0.0023151191,0.0023151191,0.0,0.0,1,1,0,0,50,50,0,0,1,1,0,0,50,50,0,0
973173828,2490378,4259850,2490378,0,0,0.13074854,0.13074853,0.0,0.0,2490378,4325386,2490378,0,0,0.0022418108,0.0022418108,0.0,0.0,1,1,0,0,50,50,0,0,1,1,0,0,50,50,0,0
973372890,2490378,4259850,2490378,0,0,0.13207465,0.13207467,0.0,0.0,2490378,4325386,2490378,0,0,0.0023073137,0.0023073137,0.0,0.0,1,1,0,0,50,50,0,0,1,1,0,0,50,50,0,0
973576928,2490378,4259850,2490378,0,0,0.13034812,0.13034812,0.0,0.0,2490378,4325386,2490378,0,0,0.0029391686,0.0029391686,0.0,0.0,1,1,0,0,50,50,0,0,1,1,0,0,50,50,0,0
973776003,2490378,4259850,2490378,0,0,0.1299399,0.12993988,0.0,0.0,2490378,4325386,2490378,0,0,0.0025136059,0.0025136059,0.0,0.0,1,1,0,0,50,50,0,0,1,1,0,0,50,50,0,0
973975117,2490378,4259850,2490378,0,0,0.12898192,0.12898192,0.0,0.0,2490378,4325386,2490378,0,0,0.00278361,0.0027836098,0.0,0.0,1,1,0,0,50,50,0,0,1,1,0,0,50,50,0,0
974174117,2490378,4259850,2490378,0,0,0.12995797,0.12995796,0.0,0.0,2490378,4325386,2490378,0,0,0.002930044,0.002930044,0.0,0.0,1,1,0,0,50,50,0,0,1,1,0,0,50,50,0,0
974378153,2490378,4259850,2490378,0,0,0.12929493,0.12929492,0.0,0.0,2490378,4325386,2490378,0,0,0.0026901853,0.0026901853,0.0,0.0,1,1,0,0,50,50,0,0,1,1,0,0,50,50,0,0
974577216,2490378,4259850,2490378,0,0,0.13140321,0.1314032,0.0,0.0,2490378,4325386,2490378,0,0,0.0029527114,0.0029527112,0.0,0.0,1,1,0,0,50,50,0,0,1,1,0,0,50,50,0,0
974776279,2490378,4259850,2490378,0,0,0.13077481,0.13077484,0.0,0.0,2490378,4325386,2490378,0,0,0.0026475163,0.0026475163,0.0,0.0,1,1,0,0,50,50,0,0,1,1,0,0,50,50,0,0
974975345,2490378,4259850,2490378,0,0,0.12991567,0.12991568,0.0,0.0,2490378,4325386,2490378,0,0,0.0024816438,0.0024816438,0.0,0.0,1,1,0,0,50,50,0,0,1,1,0,0,50,50,0,0
975174453,2490378,4259850,2490378,0,0,0.131607,0.13160695,0.0,0.0,2490378,4325386,2490378,0,0,0.0027735748,0.0027735748,0.0,0.0,1,1,0,0,50,50,0,0,1,1,0,0,50,50,0,0
975373499,2490378,4259850,2490378,0,0,0.13223481,0.13223481,0.0,0.0,2490378,4325386,2490378,0,0,0.0027739045,0.0027739047,0.0,0.0,1,1,0,0,50,50,0,0,1,1,0,0,50,50,0,0
975577507,2490378,4259850,2490378,0,0,0.12947163,0.12947163,0.0,0.0,2490378,4325386,2490378,0,0,0.00233215,0.0023321498,0.0,0.0,1,1,0,0,50,50,0,0,1,1,0,0,50,50,0,0
975776578,2490378,4259850,2490378,0,0,0.12861915,0.12861915,0.0,0.0,2490378,4325386,2490378,0,0,0.0024731187,0.002473119,0.0,0.0,1,1,0,0,50,50,0,0,1,1,0,0,50,50,0,0
975975637,2490378,4259850,2490378,0,0,0.129073,0.12907298,0.0,0.0,2490378,4325386,2490378,0,0,0.002456128,0.0024561284,0.0,0.0,1,1,0,0,50,50,0,0,1,1,0,0,50,50,0,0
976174717,2490378,4259850,2490378,0,0,0.1298275,0.1298275,0.0,0.0,2490378,4325386,2490378,0,0,0.0023936955,0.0023936958,0.0,0.0,1,1,0,0,50,50,0,0,1,1,0,0,50,50,0,0
976373793,2490378,4259850,2490378,0,0,0.12805688,0.1280569,0.0,0.0,2490378,4325386,2490378,0,0,0.0026831266,0.0026831261,0.0,0.0,1,1,0,0,50,50,0,0,1,1,0,0,50,50,0,0
976572824,2490378,4259850,2490378,0,0,0.12999669,0.1299967,0.0,0.0,2490378,4325386,2490378,0,0,0.0021267214,0.0021267212,0.0,0.0,1,1,0,0,50,50,0,0,1,1,0,0,50,50,0,0
976771891,2490378,4259850,2490378,0,0,0.13228162,0.13228163,0.0,0.0,2490378,4325386,2490378,0,0,0.0028020507,0.0028020504,0.0,0.0,1,1,0,0,50,50,0,0,1,1,0,0,50,50,0,0
976975928,2490378,4259850,2490378,0,0,0.12922646,0.12922649,0.0,0.0,2490378,4325386,2490378,0,0,0.0028297,0.0028297002,0.0,0.0,1,1,0,0,50,50,0,0,1,1,0,0,50,50,0,0
977174991,2490378,4259850,2490378,0,0,0.13110276,0.13110277,0.0,0.0,2490378,4325386,2490378,0,0,0.0024840035,0.002484004,0.0,0.0,1,1,0,0,50,50,0,0,1,1,0,0,50,50,0,0
977374263,2490378,4259850,2490378,0,0,0.13058275,0.13058278,0.0,0.0,2490378,4325386,2490378,0,0,0.0024871898,0.0024871898,0.0,0.0,1,1,0,0,50,50,0,0,1,1,0,0,50,50,0,0
977573116,2490378,4259850,2490378,0,0,0.1294225,0.12942252,0.0,0.0,2490378,4325386,2490378,0,0,0.0028851004,0.0028851004,0.0,0.0,1,1,0,0,50,50,0,0,1,1,0,0,50,50,0,0
977772179,2490378,4259850,2490378,0,0,0.12987763,0.12987764,0.0,0.0,2490378,4325386,2490378,0,0,0.002660121,0.002660121,0.0,0.0,1,1,0,0,50,50,0,0,1,1,0,0,50,50,0,0
977976248,2490378,4259850,2490378,0,0,0.12977307,0.12977307,0.0,0.0,2490378,4325386,2490378,0,0,0.002165866,0.0021658663,0.0,0.0,1,1,0,0,50,50,0,0,1,1,0,0,50,50,0,0
978175277,2490378,4259850,2490378,0,0,0.13018966,0.13018967,0.0,0.0,2490378,4325386,2490378,0,0,0.0025040505,0.0025040505,0.0,0.0,1,1,0,0,50,50,0,0,1,1,0,0,50,50,0,0
978374374,2490378,4259850,2490378,0,0,0.12823886,0.12823884,0.0,0.0,2490378,4325386,2490378,0,0,0.0019347868,0.001934787,0.0,0.0,1,1,0,0,50,50,0,0,1,1,0,0,50,50,0,0
978578384,2490378,4259850,2490378,0,0,0.12677655,0.12677653,0.0,0.0,2490378,4325386,2490378,0,0,0.0023610808,0.0023610808,0.0,0.0,1,1,0,0,50,50,0,0,1,1,0,0,50,50,0,0
978777445,2490378,4259850,2490378,0,0,0.12995857,0.12995856,0.0,0.0,2490378,4325386,2490378,0,0,0.0024811518,0.0024811518,0.0,0.0,1,1,0,0,50,50,0,0,1,1,0,0,50,50,0,0
978976507,2490378,4259850,2490378,0,0,0.12969537,0.1296954,0.0,0.0,2490378,4325386,2490378,0,0,0.0023653929,0.0023653929,0.0,0.0,1,1,0,0,50,50,0,0,1,1,0,0,50,50,0,0
979175575,2490378,4259850,2490378,0,0,0.13169202,0.131692,0.0,0.0,2490378,4325386,2490378,0,0,0.0022458169,0.0022458166,0.0,0.0,1,1,0,0,50,50,0,0,1,1,0,0,50,50,0,0
979374636,2490378,4259850,2490378,0,0,0.1288319,0.12883188,0.0,0.0,2490378,4325386,2490378,0,0,0.0025955627,0.0025955627,0.0,0.0,1,1,0,0,50,50,0,0,1,1,0,0,50,50,0,0
979573790,2490378,4259850,2490378,0,0,0.13241762,0.1324176,0.0,0.0,2490378,4325386,2490378,0,0,0.0021827787,0.0021827787,0.0,0.0,1,1,0,0,50,50,0,0,1,1,0,0,50,50,0,0
979777737,2490378,4259850,2490378,0,0,0.13125847,0.13125844,0.0,0.0,2490378,4325386,2490378,0,0,0.0021595608,0.0021595608,0.0,0.0,1,1,0,0,50,50,0,0,1,1,0,0,50,50,0,0
979976806,2490378,4259850,2490378,0,0,0.1289584,0.1289584,0.0,0.0,2490378,4325386,2490378,0,0,0.0026948396,0.0026948398,0.0,0.0,1,1,0,0,50,50,0,0,1,1,0,0,50,50,0,0
980175895,2490378,4259850,2490378,0,0,0.12977809,0.12977804,0.0,0.0,2490378,4325386,2490378,0,0,0.0025650817,0.0025650815,0.0,0.0,1,1,0,0,50,50,0,0,1,1,0,0,50,50,0,0
980374924,2490378,4259850,2490378,0,0,0.13258274,0.13258274,0.0,0.0,2490378,4325386,2490378,0,0,0.0027540163,0.0027540163,0.0,0.0,1,1,0,0,50,50,0,0,1,1,0,0,50,50,0,0
980574070,2490378,4259850,2490378,0,0,0.12969436,0.12969437,0.0,0.0,2490378,4325386,2490378,0,0,0.0027704604,0.0027704604,0.0,0.0,1,1,0,0,50,50,0,0,1,1,0,0,50,50,0,0
980773092,2490378,4259850,2490378,0,0,0.12921415,0.12921417,0.0,0.0,2490378,4325386,2490378,0,0,0.0027120153,0.0027120153,0.0,0.0,1,1,0,0,50,50,0,0,1,1,0,0,50,50,0,0
980972114,2490378,4259850,2490378,0,0,0.13129227,0.13129227,0.0,0.0,2490378,4325386,2490378,0,0,0.00250578,0.00250578,0.0,0.0,1,1,0,0,50,50,0,0,1,1,0,0,50,50,0,0
981176175,2490378,4259850,2490378,0,0,0.12966053,0.12966056,0.0,0.0,2490378,4325386,2490378,0,0,0.002958658,0.002958658,0.0,0.0,1,1,0,0,50,50,0,0,1,1,0,0,50,50,0,0
981375217,2490378,4259850,2490378,0,0,0.13144845,0.13144843,0.0,0.0,2490378,4325386,2490378,0,0,0.0025958912,0.0025958912,0.0,0.0,1,1,0,0,50,50,0,0,1,1,0,0,50,50,0,0
981574301,2490378,4259850,2490378,0,0,0.13022156,0.13022156,0.0,0.0,2490378,4325386,2490378,0,0,0.0025914428,0.0025914432,0.0,0.0,1,1,0,0,50,50,0,0,1,1,0,0,50,50,0,0
981773343,2490378,4259850,2490378,0,0,0.13060115,0.13060112,0.0,0.0,2490378,4325386,2490378,0,0,0.0026401393,0.002640139,0.0,0.0,1,1,0,0,50,50,0,0,1,1,0,0,50,50,0,0
981972409,2490378,4259850,2490378,0,0,0.13040191,0.13040195,0.0,0.0,2490378,4325386,2490378,0,0,0.0023995612,0.002399561,0.0,0.0,1,1,0,0,50,50,0,0,1,1,0,0,50,50,0,0
982176448,2490378,4259850,2490378,0,0,0.12986997,0.12986998,0.0,0.0,2490378,4325386,2490378,0,0,0.0022424166,0.0022424166,0.0,0.0,1,1,0,0,50,50,0,0,1,1,0,0,50,50,0,0
982375505,2490378,4259850,2490378,0,0,0.12965466,0.12965469,0.0,0.0,2490378,4325386,2490378,0,0,0.0024657443,0.0024657445,0.0,0.0,1,1,0,0,50,50,0,0,1,1,0,0,50,50,0,0
982574575,2490378,4259850,2490378,0,0,0.13196857,0.13196857,0.0,0.0,2490378,4325386,2490378,0,0,0.0028009717,0.0028009717,0.0,0.0,1,1,0,0,50,50,0,0,1,1,0,0,50,50,0,0
982773637,2490378,4259850,2490378,0,0,0.13328652,0.13328652,0.0,0.0,2490378,4325386,2490378,0,0,0.0025182187,0.0025182182,0.0,0.0,1,1,0,0,50,50,0,0,1,1,0,0,50,50,0,0
982977703,2490378,4259850,2490378,0,0,0.13067585,0.13067584,0.0,0.0,2490378,4325386,2490378,0,0,0.0025995995,0.0025995998,0.0,0.0,1,1,0,0,50,50,0,0,1,1,0,0,50,50,0,0
983176735,2490378,4259850,2490378,0,0,0.13176535,0.1317653,0.0,0.0,2490378,4325386,2490378,0,0,0.0023948299,0.00239483,0.0,0.0,1,1,0,0,50,50,0,0,1,1,0,0,50,50,0,0
983375797,2490378,4259850,2490378,0,0,0.12932798,0.12932797,0.0,0.0,2490378,4325386,2490378,0,0,0.002638173,0.002638173,0.0,0.0,1,1,0,0,50,50,0,0,1,1,0,0,50,50,0,0
983574863,2490378,4259850,2490378,0,0,0.12878102,0.128781,0.0,0.0,2490378,4325386,2490378,0,0,0.002465715,0.002465715,0.0,0.0,1,1,0,0,50,50,0,0,1,1,0,0,50,50,0,0
983773942,2490378,4259850,2490378,0,0,0.12837012,0.12837014,0.0,0.0,2490378,4325386,2490378,0,0,0.0025118946,0.0025118943,0.0,0.0,1,1,0,0,50,50,0,0,1,1,0,0,50,50,0,0
983977967,2490378,4259850,2490378,0,0,0.12935711,0.12935708,0.0,0.0,2490378,4325386,2490378,0,0,0.0021835,0.0021834993,0.0,0.0,1,1,0,0,50,50,0,0,1,1,0,0,50,50,0,0
984177026,2490378,4259850,2490378,0,0,0.13123219,0.13123222,0.0,0.0,2490378,4325386,2490378,0,0,0.0026337816,0.0026337814,0.0,0.0,1,1,0,0,50,50,0,0,1,1,0,0,50,50,0,0
984376092,2490378,4259850,2490378,0,0,0.13106474,0.13106473,0.0,0.0,2490378,4325386,2490378,0,0,0.0030550247,0.0030550244,0.0,0.0,1,1,0,0,50,50,0,0,1,1,0,0,50,50,0,0
984575157,2490378,4259850,2490378,0,0,0.13019969,0.13019969,0.0,0.0,2490378,4325386,2490378,0,0,0.0028330383,0.0028330388,0.0,0.0,1,1,0,0,50,50,0,0,1,1,0,0,50,50,0,0
984774234,2490378,4259850,2490378,0,0,0.1305366,0.13053657,0.0,0.0,2490378,4325386,2490378,0,0,0.0029082804,0.0029082804,0.0,0.0,1,1,0,0,50,50,0,0,1,1,0,0,50,50,0,0
984973281,2490378,4259850,2490378,0,0,0.12885465,0.12885465,0.0,0.0,2490378,4325386,2490378,0,0,0.0027762651,0.0027762654,0.0,0.0,1,1,0,0,50,50,0,0,1,1,0,0,50,50,0,0
985172410,2490378,4259850,2490378,0,0,0.12994039,0.12994044,0.0,0.0,2490378,4325386,2490378,0,0,0.0029510453,0.002951045,0.0,0.0,1,1,0,0,50,50,0,0,1,1,0,0,50,50,0,0
985376387,2490378,4259850,2490378,0,0,0.12924601,0.12924601,0.0,0.0,2490378,4325386,2490378,0,0,0.002852168,0.002852168,0.0,0.0,1,1,0,0,50,50,0,0,1,1,0,0,50,50,0,0
985575446,2490378,4259850,2490378,0,0,0.1292407,0.1292407,0.0,0.0,2490378,4325386,2490378,0,0,0.0026038024,0.0026038024,0.0,0.0,1,1,0,0,50,50,0,0,1,1,0,0,50,50,0,0
985774566,2490378,4259850,2490378,0,0,0.12882443,0.12882441,0.0,0.0,2490378,4325386,2490378,0,0,0.0026657346,0.0026657344,0.0,0.0,1,1,0,0,50,50,0,0,1,1,0,0,50,50,0,0
985973576,2490378,4259850,2490378,0,0,0.12975506,0.12975506,0.0,0.0,2490378,4325386,2490378,0,0,0.0026342778,0.002634277,0.0,0.0,1,1,0,0,50,50,0,0,1,1,0,0,50,50,0,0
986172642,2490378,4259850,2490378,0,0,0.13090107,0.13090108,0.0,0.0,2490378,4325386,2490378,0,0,0.0030501967,0.0030501965,0.0,0.0,1,1,0,0,50,50,0,0,1,1,0,0,50,50,0,0
986371701,2490378,4259850,2490378,0,0,0.13124968,0.13124971,0.0,0.0,2490378,4325386,2490378,0,0,0.0027826629,0.002782663,0.0,0.0,1,1,0,0,50,50,0,0,1,1,0,0,50,50,0,0
986575770,2490378,4259850,2490378,0,0,0.12974852,0.12974852,0.0,0.0,2490378,4325386,2490378,0,0,0.0022369148,0.0022369144,0.0,0.0,1,1,0,0,50,50,0,0,1,1,0,0,50,50,0,0
986774802,2490378,4259850,2490378,0,0,0.13107431,0.1310743,0.0,0.0,2490378,4325386,2490378,0,0,0.002310243,0.0023102427,0.0,0.0,1,1,0,0,50,50,0,0,1,1,0,0,50,50,0,0
986973865,2490378,4259850,2490378,0,0,0.13329184,0.1332918,0.0,0.0,2490378,4325386,2490378,0,0,0.0023773657,0.0023773657,0.0,0.0,1,1,0,0,50,50,0,0,1,1,0,0,50,50,0,0
987177905,2490378,4259850,2490378,0,0,0.13350342,0.1335034,0.0,0.0,2490378,4325386,2490378,0,0,0.0022082112,0.002208211,0.0,0.0,1,1,0,0,50,50,0,0,1,1,0,0,50,50,0,0
987376969,2490378,4259850,2490378,0,0,0.13348049,0.13348047,0.0,0.0,2490378,4325386,2490378,0,0,0.0027485078,0.0027485078,0.0,0.0,1,1,0,0,50,50,0,0,1,1,0,0,50,50,0,0
987576029,2490378,4259850,2490378,0,0,0.13037339,0.13037336,0.0,0.0,2490378,4325386,2490378,0,0,0.0022974575,0.0022974575,0.0,0.0,1,1,0,0,50,50,0,0,1,1,0,0,50,50,0,0
987775093,2490378,4259850,2490378,0,0,0.13056652,0.13056655,0.0,0.0,2490378,4325386,2490378,0,0,0.0022508656,0.0022508653,0.0,0.0,1,1,0,0,50,50,0,0,1,1,0,0,50,50,0,0
987974187,2490378,4259850,2490378,0,0,0.13077441,0.13077441,0.0,0.0,2490378,4325386,2490378,0,0,0.0022929616,0.002292962,0.0,0.0,1,1,0,0,50,50,0,0,1,1,0,0,50,50,0,0
988178196,2490378,4259850,2490378,0,0,0.12848935,0.12848935,0.0,0.0,2490378,4325386,2490378,0,0,0.0025496515,0.0025496513,0.0,0.0,1,1,0,0,50,50,0,0,1,1,0,0,50,50,0,0
988377263,2490378,4259850,2490378,0,0,0.13115159,0.1311516,0.0,0.0,2490378,4325386,2490378,0,0,0.0021425711,0.0021425711,0.0,0.0,1,1,0,0,50,50,0,0,1,1,0,0,50,50,0,0
988576329,2490378,4259850,2490378,0,0,0.13227782,0.13227782,0.0,0.0,2490378,4325386,2490378,0,0,0.0023589912,0.0023589912,0.0,0.0,1,1,0,0,50,50,0,0,1,1,0,0,50,50,0,0
988775388,2490378,4259850,2490378,0,0,0.13053775,0.13053775,0.0,0.0,2490378,4325386,2490378,0,0,0.0031166112,0.0031166112,0.0,0.0,1,1,0,0,50,50,0,0,1,1,0,0,50,50,0,0
988974452,2490378,4259850,2490378,0,0,0.12936313,0.12936312,0.0,0.0,2490378,4325386,2490378,0,0,0.0030752027,0.0030752022,0.0,0.0,1,1,0,0,50,50,0,0,1,1,0,0,50,50,0,0
989173519,2490378,4259850,2490378,0,0,0.12978455,0.12978455,0.0,0.0,2490378,4325386,2490378,0,0,0.0029630093,0.002963009,0.0,0.0,1,1,0,0,50,50,0,0,1,1,0,0,50,50,0,0
989372580,2490378,4259850,2490378,0,0,0.13282691,0.13282694,0.0,0.0,2490378,4325386,2490378,0,0,0.002217192,0.0022171915,0.0,0.0,1,1,0,0,50,50,0,0,1,1,0,0,50,50,0,0
989576621,2490378,4259850,2490378,0,0,0.12599455,0.12599455,0.0,0.0,2490378,4325386,2490378,0,0,0.0026654124,0.0026654114,0.0,0.0,1,1,0,0,50,50,0,0,1,1,0,0,50,50,0,0
989775725,2490378,4259850,2490378,0,0,0.12563378,0.12563376,0.0,0.0,2490378,4325386,2490378,0,0,0.002301369,0.0023013684,0.0,0.0,1,1,0,0,50,50,0,0,1,1,0,0,50,50,0,0
989974745,2490378,4259850,2490378,0,0,0.1337066,0.1337066,0.0,0.0,2490378,4325386,2490378,0,0,0.0024317487,0.0024317484,0.0,0.0,1,1,0,0,50,50,0,0,1,1,0,0,50,50,0,0
990173810,2490378,4259850,2490378,0,0,0.13090923,0.13090925,0.0,0.0,2490378,4325386,2490378,0,0,0.0024179337,0.002417934,0.0,0.0,1,1,0,0,50,50,0,0,1,1,0,0,50,50,0,0
990372869,2490378,4259850,2490378,0,0,0.12975743,0.12975748,0.0,0.0,2490378,4325386,2490378,0,0,0.002867138,0.002867138,0.0,0.0,1,1,0,0,50,50,0,0,1,1,0,0,50,50,0,0
990571933,2490378,4259850,2490378,0,0,0.13252911,0.13252912,0.0,0.0,2490378,4325386,2490378,0,0,0.0025613743,0.0025613746,0.0,0.0,1,1,0,0,50,50,0,0,1,1,0,0,50,50,0,0
990775998,2490378,4259850,2490378,0,0,0.12784673,0.12784673,0.0,0.0,2490378,4325386,2490378,0,0,0.0023042664,0.0023042664,0.0,0.0,1,1,0,0,50,50,0,0,1,1,0,0,50,50,0,0
990975098,2490378,4259850,2490378,0,0,0.13023648,0.13023646,0.0,0.0,2490378,4325386,2490378,0,0,0.0023945738,0.0023945735,0.0,0.0,1,1,0,0,50,50,0,0,1,1,0,0,50,50,0,0
991174099,2490378,4259850,2490378,0,0,0.12772505,0.12772503,0.0,0.0,2490378,4325386,2490378,0,0,0.0023132334,0.0023132334,0.0,0.0,1,1,0,0,50,50,0,0,1,1,0,0,50,50,0,0
991373163,2490378,4259850,2490378,0,0,0.13120675,0.13120675,0.0,0.0,2490378,4325386,2490378,0,0,0.0028907007,0.0028907007,0.0,0.0,1,1,0,0,50,50,0,0,1,1,0,0,50,50,0,0
991577201,2490378,4259850,2490378,0,0,0.13051893,0.13051893,0.0,0.0,2490378,4325386,2490378,0,0,0.0024332677,0.0024332686,0.0,0.0,1,1,0,0,50,50,0,0,1,1,0,0,50,50,0,0
991776263,2490378,4259850,2490378,0,0,0.12953945,0.12953943,0.0,0.0,2490378,4325386,2490378,0,0,0.0026762986,0.002676299,0.0,0.0,1,1,0,0,50,50,0,0,1,1,0,0,50,50,0,0
991975329,2490378,4259850,2490378,0,0,0.12836868,0.12836868,0.0,0.0,2490378,4325386,2490378,0,0,0.0022851792,0.002285179,0.0,0.0,1,1,0,0,50,50,0,0,1,1,0,0,50,50,0,0
992174423,2490378,4259850,2490378,0,0,0.13051796,0.13051799,0.0,0.0,2490378,4325386,2490378,0,0,0.0028392945,0.0028392943,0.0,0.0,1,1,0,0,50,50,0,0,1,1,0,0,50,50,0,0
992378474,2490378,4259850,2490378,0,0,0.12959364,0.12959364,0.0,0.0,2490378,4325386,2490378,0,0,0.002714279,0.002714279,0.0,0.0,1,1,0,0,50,50,0,0,1,1,0,0,50,50,0,0
992577496,2490378,4259850,2490378,0,0,0.12843922,0.12843922,0.0,0.0,2490378,4325386,2490378,0,0,0.0025605103,0.0025605103,0.0,0.0,1,1,0,0,50,50,0,0,1,1,0,0,50,50,0,0
992776560,2490378,4259850,2490378,0,0,0.12917767,0.12917764,0.0,0.0,2490378,4325386,2490378,0,0,0.0027959011,0.0027959011,0.0,0.0,1,1,0,0,50,50,0,0,1,1,0,0,50,50,0,0
992975691,2490378,4259850,2490378,0,0,0.12804437,0.12804435,0.0,0.0,2490378,4325386,2490378,0,0,0.002916657,0.0029166567,0.0,0.0,1,1,0,0,50,50,0,0,1,1,0,0,50,50,0,0
993174691,2490378,4259850,2490378,0,0,0.126989,0.12698902,0.0,0.0,2490378,4325386,2490378,0,0,0.002770236,0.002770236,0.0,0.0,1,1,0,0,50,50,0,0,1,1,0,0,50,50,0,0
993373750,2490378,4259850,2490378,0,0,0.1287394,0.1287394,0.0,0.0,2490378,4325386,2490378,0,0,0.002294882,0.0022948813,0.0,0.0,1,1,0,0,50,50,0,0,1,1,0,0,50,50,0,0
993572846,2490378,4259850,2490378,0,0,0.12704699,0.12704699,0.0,0.0,2490378,4325386,2490378,0,0,0.0027726814,0.0027726812,0.0,0.0,1,1,0,0,50,50,0,0,1,1,0,0,50,50,0,0
993776856,2490378,4259850,2490378,0,0,0.12765796,0.12765795,0.0,0.0,2490378,4325386,2490378,0,0,0.0024772016,0.0024772014,0.0,0.0,1,1,0,0,50,50,0,0,1,1,0,0,50,50,0,0
993975913,2490378,4259850,2490378,0,0,0.12953722,0.12953725,0.0,0.0,2490378,4325386,2490378,0,0,0.0027338,0.0027337999,0.0,0.0,1,1,0,0,50,50,0,0,1,1,0,0,50,50,0,0
994174979,2490378,4259850,2490378,0,0,0.129304,0.129304,0.0,0.0,2490378,4325386,2490378,0,0,0.002404162,0.002404162,0.0,0.0,1,1,0,0,50,50,0,0,1,1,0,0,50,50,0,0
994374086,2490378,4259850,2490378,0,0,0.12906642,0.12906642,0.0,0.0,2490378,4325386,2490378,0,0,0.0025057904,0.0025057904,0.0,0.0,1,1,0,0,50,50,0,0,1,1,0,0,50,50,0,0
994573108,2490378,4259850,2490378,0,0,0.13117214,0.13117217,0.0,0.0,2490378,4325386,2490378,0,0,0.0024555558,0.0024555558,0.0,0.0,1,1,0,0,50,50,0,0,1,1,0,0,50,50,0,0
994772171,2490378,4259850,2490378,0,0,0.13016391,0.13016394,0.0,0.0,2490378,4325386,2490378,0,0,0.002871977,0.0028719767,0.0,0.0,1,1,0,0,50,50,0,0,1,1,0,0,50,50,0,0
994971230,2490378,4259850,2490378,0,0,0.13089982,0.13089983,0.0,0.0,2490378,4325386,2490378,0,0,0.0016553093,0.0016553093,0.0,0.0,1,1,0,0,50,50,0,0,1,1,0,0,50,50,0,0
995175277,2490378,4259850,2490378,0,0,0.12695614,0.12695616,0.0,0.0,2490378,4325386,2490378,0,0,0.002238163,0.0022381628,0.0,0.0,1,1,0,0,50,50,0,0,1,1,0,0,50,50,0,0
995374335,2490378,4259850,2490378,0,0,0.12682943,0.12682942,0.0,0.0,2490378,4325386,2490378,0,0,0.0029310568,0.0029310568,0.0,0.0,1,1,0,0,50,50,0,0,1,1,0,0,50,50,0,0
995573425,2490378,4259850,2490378,0,0,0.12755153,0.12755154,0.0,0.0,2490378,4325386,2490378,0,0,0.002460393,0.002460393,0.0,0.0,1,1,0,0,50,50,0,0,1,1,0,0,50,50,0,0
995777475,2490378,4259850,2490378,0,0,0.12710832,0.12710834,0.0,0.0,2490378,4325386,2490378,0,0,0.0025079492,0.0025079492,0.0,0.0,1,1,0,0,50,50,0,0,1,1,0,0,50,50,0,0
995976506,2490378,4259850,2490378,0,0,0.12863268,0.1286327,0.0,0.0,2490378,4325386,2490378,0,0,0.002520515,0.002520515,0.0,0.0,1,1,0,0,50,50,0,0,1,1,0,0,50,50,0,0
996175574,2490378,4259850,2490378,0,0,0.13114637,0.13114639,0.0,0.0,2490378,4325386,2490378,0,0,0.0026736027,0.0026736027,0.0,0.0,1,1,0,0,50,50,0,0,1,1,0,0,50,50,0,0
996374634,2490378,4259850,2490378,0,0,0.12930702,0.12930699,0.0,0.0,2490378,4325386,2490378,0,0,0.002817354,0.002817354,0.0,0.0,1,1,0,0,50,50,0,0,1,1,0,0,50,50,0,0
996578675,2490378,4259850,2490378,0,0,0.12881836,0.12881836,0.0,0.0,2490378,4325386,2490378,0,0,0.0024966754,0.0024966758,0.0,0.0,1,1,0,0,50,50,0,0,1,1,0,0,50,50,0,0
996777782,2490378,4259850,2490378,0,0,0.12876162,0.1287616,0.0,0.0,2490378,4325386,2490378,0,0,0.002055678,0.002055678,0.0,0.0,1,1,0,0,50,50,0,0,1,1,0,0,50,50,0,0
996976799,2490378,4259850,2490378,0,0,0.12717614,0.12717612,0.0,0.0,2490378,4325386,2490378,0,0,0.002252649,0.0022526488,0.0,0.0,1,1,0,0,50,50,0,0,1,1,0,0,50,50,0,0
997175862,2490378,4259850,2490378,0,0,0.12896372,0.12896372,0.0,0.0,2490378,4325386,2490378,0,0,0.002950161,0.002950161,0.0,0.0,1,1,0,0,50,50,0,0,1,1,0,0,50,50,0,0
997374923,2490378,4259850,2490378,0,0,0.127759,0.12775901,0.0,0.0,2490378,4325386,2490378,0,0,0.0029084166,0.002908417,0.0,0.0,1,1,0,0,50,50,0,0,1,1,0,0,50,50,0,0
997573989,2490378,4259850,2490378,0,0,0.12594908,0.1259491,0.0,0.0,2490378,4325386,2490378,0,0,0.0028730524,0.0028730524,0.0,0.0,1,1,0,0,50,50,0,0,1,1,0,0,50,50,0,0
997773053,2490378,4259850,2490378,0,0,0.12735693,0.12735696,0.0,0.0,2490378,4325386,2490378,0,0,0.002837073,0.0028370733,0.0,0.0,1,1,0,0,50,50,0,0,1,1,0,0,50,50,0,0
997977287,2490378,4259850,2490378,0,0,0.12674451,0.12674452,0.0,0.0,2490378,4325386,2490378,0,0,0.0024548993,0.0024548993,0.0,0.0,1,1,0,0,50,50,0,0,1,1,0,0,50,50,0,0
998176171,2490378,4259850,2490378,0,0,0.1256681,0.1256681,0.0,0.0,2490378,4325386,2490378,0,0,0.0024359867,0.0024359864,0.0,0.0,1,1,0,0,50,50,0,0,1,1,0,0,50,50,0,0
998375217,2490378,4259850,2490378,0,0,0.12939255,0.12939256,0.0,0.0,2490378,4325386,2490378,0,0,0.0027337153,0.002733715,0.0,0.0,1,1,0,0,50,50,0,0,1,1,0,0,50,50,0,0
998574311,2490378,4259850,2490378,0,0,0.13145286,0.13145287,0.0,0.0,2490378,4325386,2490378,0,0,0.0024002818,0.002400282,0.0,0.0,1,1,0,0,50,50,0,0,1,1,0,0,50,50,0,0
998773347,2490378,4259850,2490378,0,0,0.13075629,0.1307563,0.0,0.0,2490378,4325386,2490378,0,0,0.0022444236,0.0022444236,0.0,0.0,1,1,0,0,50,50,0,0,1,1,0,0,50,50,0,0
998972409,2490378,4259850,2490378,0,0,0.12923585,0.12923588,0.0,0.0,2490378,4325386,2490378,0,0,0.0028166503,0.0028166503,0.0,0.0,1,1,0,0,50,50,0,0,1,1,0,0,50,50,0,0
999171625,2490378,4259850,2490378,0,0,0.12676165,0.12676166,0.0,0.0,2490378,4325386,2490378,0,0,0.0027452135,0.0027452135,0.0,0.0,1,1,0,0,50,50,0,0,1,1,0,0,50,50,0,0
999375515,2490378,4259850,2490378,0,0,0.13055493,0.13055493,0.0,0.0,2490378,4325386,2490378,0,0,0.0026157848,0.0026157848,0.0,0.0,1,1,0,0,50,50,0,0,1,1,0,0,50,50,0,0
999574595,2490378,4259850,2490378,0,0,0.1303371,0.13033712,0.0,0.0,2490378,4325386,2490378,0,0,0.002609414,0.002609414,0.0,0.0,1,1,0,0,50,50,0,0,1,1,0,0,50,50,0,0
999773641,2490378,4259850,2490378,0,0,0.12787871,0.1278787,0.0,0.0,2490378,4325386,2490378,0,0,0.0027847113,0.0027847113,0.0,0.0,1,1,0,0,50,50,0,0,1,1,0,0,50,50,0,0
999972704,2490378,4259850,2490378,0,0,0.12868603,0.12868601,0.0,0.0,2490378,4325386,2490378,0,0,0.0028308393,0.0028308393,0.0,0.0,1,1,0,0,50,50,0,0,1,1,0,0,50,50,0,0
1000176912,2490378,4259850,2490378,0,0,0.1286165,0.12861651,0.0,0.0,2490378,4325386,2490378,0,0,0.0024969697,0.0024969694,0.0,0.0,1,1,0,0,50,50,0,0,1,1,0,0,50,50,0,0
1000375818,2490378,4259850,2490378,0,0,0.13349092,0.13349093,0.0,0.0,2490378,4325386,2490378,0,0,0.0022538388,0.0022538388,0.0,0.0,1,1,0,0,50,50,0,0,1,1,0,0,50,50,0,0
1000574871,2490378,4259850,2490378,0,0,0.12953798,0.12953798,0.0,0.0,2490378,4325386,2490378,0,0,0.0026590948,0.0026590943,0.0,0.0,1,1,0,0,50,50,0,0,1,1,0,0,50,50,0,0
1000778939,2490378,4259850,2490378,0,0,0.12999651,0.1299965,0.0,0.0,2490378,4325386,2490378,0,0,0.0025111695,0.002511169,0.0,0.0,1,1,0,0,50,50,0,0,1,1,0,0,50,50,0,0
1000977973,2490378,4259850,2490378,0,0,0.13030092,0.13030092,0.0,0.0,2490378,4325386,2490378,0,0,0.0020157197,0.0020157192,0.0,0.0,1,1,0,0,50,50,0,0,1,1,0,0,50,50,0,0
1001177059,2490378,4259850,2490378,0,0,0.13042389,0.13042387,0.0,0.0,2490378,4325386,2490378,0,0,0.0026356033,0.0026356038,0.0,0.0,1,1,0,0,50,50,0,0,1,1,0,0,50,50,0,0
1001376134,2490378,4259850,2490378,0,0,0.12873524,0.12873526,0.0,0.0,2490378,4325386,2490378,0,0,0.0026208127,0.0026208127,0.0,0.0,1,1,0,0,50,50,0,0,1,1,0,0,50,50,0,0
1001575181,2490378,4259850,2490378,0,0,0.12865245,0.12865245,0.0,0.0,2490378,4325386,2490378,0,0,0.002211115,0.002211115,0.0,0.0,1,1,0,0,50,50,0,0,1,1,0,0,50,50,0,0
1001774227,2490378,4259850,2490378,0,0,0.1287857,0.12878571,0.0,0.0,2490378,4325386,2490378,0,0,0.0022225918,0.0022225918,0.0,0.0,1,1,0,0,50,50,0,0,1,1,0,0,50,50,0,0
1001973293,2490378,4259850,2490378,0,0,0.12874189,0.12874189,0.0,0.0,2490378,4325386,2490378,0,0,0.0024347177,0.002434718,0.0,0.0,1,1,0,0,50,50,0,0,1,1,0,0,50,50,0,0
1002177334,2490378,4259850,2490378,0,0,0.12913969,0.1291397,0.0,0.0,2490378,4325386,2490378,0,0,0.0020024125,0.002002413,0.0,0.0,1,1,0,0,50,50,0,0,1,1,0,0,50,50,0,0
1002376403,2490378,4259850,2490378,0,0,0.12812234,0.12812236,0.0,0.0,2490378,4325386,2490378,0,0,0.0029058477,0.0029058477,0.0,0.0,1,1,0,0,50,50,0,0,1,1,0,0,50,50,0,0
1002575459,2490378,4259850,2490378,0,0,0.12922171,0.12922171,0.0,0.0,2490378,4325386,2490378,0,0,0.0024889074,0.0024889074,0.0,0.0,1,1,0,0,50,50,0,0,1,1,0,0,50,50,0,0
1002774524,2490378,4259850,2490378,0,0,0.12616427,0.1261643,0.0,0.0,2490378,4325386,2490378,0,0,0.0027804063,0.0027804065,0.0,0.0,1,1,0,0,50,50,0,0,1,1,0,0,50,50,0,0
1002973611,2490378,4259850,2490378,0,0,0.12543215,0.12543218,0.0,0.0,2490378,4325386,2490378,0,0,0.0027340092,0.0027340094,0.0,0.0,1,1,0,0,50,50,0,0,1,1,0,0,50,50,0,0
1003172660,2490378,4259850,2490378,0,0,0.12914747,0.12914747,0.0,0.0,2490378,4325386,2490378,0,0,0.0031480114,0.0031480119,0.0,0.0,1,1,0,0,50,50,0,0,1,1,0,0,50,50,0,0
1003371713,2490378,4259850,2490378,0,0,0.12808816,0.12808816,0.0,0.0,2490378,4325386,2490378,0,0,0.0026417843,0.0026417838,0.0,0.0,1,1,0,0,50,50,0,0,1,1,0,0,50,50,0,0
1003575785,2490378,4259850,2490378,0,0,0.12838972,0.12838973,0.0,0.0,2490378,4325386,2490378,0,0,0.0026312838,0.0026312836,0.0,0.0,1,1,0,0,50,50,0,0,1,1,0,0,50,50,0,0
1003774816,2490378,4259850,2490378,0,0,0.12738577,0.12738578,0.0,0.0,2490378,4325386,2490378,0,0,0.0024653778,0.0024653778,0.0,0.0,1,1,0,0,50,50,0,0,1,1,0,0,50,50,0,0
1003973883,2490378,4259850,2490378,0,0,0.13273008,0.13273005,0.0,0.0,2490378,4325386,2490378,0,0,0.0025327767,0.0025327767,0.0,0.0,1,1,0,0,50,50,0,0,1,1,0,0,50,50,0,0
1004172993,2490378,4259850,2490378,0,0,0.12951474,0.12951474,0.0,0.0,2490378,4325386,2490378,0,0,0.002527084,0.002527084,0.0,0.0,1,1,0,0,50,50,0,0,1,1,0,0,50,50,0,0
1004376999,2490378,4259850,2490378,0,0,0.13075104,0.13075103,0.0,0.0,2490378,4325386,2490378,0,0,0.002560452,0.002560452,0.0,0.0,1,1,0,0,50,50,0,0,1,1,0,0,50,50,0,0
1004576050,2490378,4259850,2490378,0,0,0.12784335,0.12784334,0.0,0.0,2490378,4325386,2490378,0,0,0.0026453577,0.0026453577,0.0,0.0,1,1,0,0,50,50,0,0,1,1,0,0,50,50,0,0
1004775115,2490378,4259850,2490378,0,0,0.13256738,0.13256738,0.0,0.0,2490378,4325386,2490378,0,0,0.0023015165,0.0023015165,0.0,0.0,1,1,0,0,50,50,0,0,1,1,0,0,50,50,0,0
1004974171,2490378,4259850,2490378,0,0,0.13053879,0.13053879,0.0,0.0,2490378,4325386,2490378,0,0,0.0020703978,0.0020703978,0.0,0.0,1,1,0,0,50,50,0,0,1,1,0,0,50,50,0,0
1005178216,2490378,4259850,2490378,0,0,0.12971197,0.12971194,0.0,0.0,2490378,4325386,2490378,0,0,0.0023381629,0.0023381626,0.0,0.0,1,1,0,0,50,50,0,0,1,1,0,0,50,50,0,0
1005377311,2490378,4259850,2490378,0,0,0.12931651,0.12931652,0.0,0.0,2490378,4325386,2490378,0,0,0.0027223534,0.0027223532,0.0,0.0,1,1,0,0,50,50,0,0,1,1,0,0,50,50,0,0
1005576345,2490378,4259850,2490378,0,0,0.1290917,0.12909168,0.0,0.0,2490378,4325386,2490378,0,0,0.0022032035,0.0022032035,0.0,0.0,1,1,0,0,50,50,0,0,1,1,0,0,50,50,0,0
1005775685,2490378,4259850,2490378,0,0,0.12987521,0.12987521,0.0,0.0,2490378,4325386,2490378,0,0,0.0020528615,0.0020528613,0.0,0.0,1,1,0,0,50,50,0,0,1,1,0,0,50,50,0,0
1005974476,2490378,4259850,2490378,0,0,0.12721321,0.1272132,0.0,0.0,2490378,4325386,2490378,0,0,0.0018978651,0.0018978651,0.0,0.0,1,1,0,0,50,50,0,0,1,1,0,0,50,50,0,0
1006173536,2490378,4259850,2490378,0,0,0.12656763,0.12656763,0.0,0.0,2490378,4325386,2490378,0,0,0.0027724686,0.0027724686,0.0,0.0,1,1,0,0,50,50,0,0,1,1,0,0,50,50,0,0
1006377604,2490378,4259850,2490378,0,0,0.12814933,0.12814936,0.0,0.0,2490378,4325386,2490378,0,0,0.0028474338,0.0028474338,0.0,0.0,1,1,0,0,50,50,0,0,1,1,0,0,50,50,0,0
1006576675,2490378,4259850,2490378,0,0,0.12801817,0.12801817,0.0,0.0,2490378,4325386,2490378,0,0,0.002139054,0.0021390538,0.0,0.0,1,1,0,0,50,50,0,0,1,1,0,0,50,50,0,0
1006775708,2490378,4259850,2490378,0,0,0.1290426,0.12904257,0.0,0.0,2490378,4325386,2490378,0,0,0.0027135466,0.0027135464,0.0,0.0,1,1,0,0,50,50,0,0,1,1,0,0,50,50,0,0
1006974768,2490378,4259850,2490378,0,0,0.124929346,0.12492935,0.0,0.0,2490378,4325386,2490378,0,0,0.002182902,0.0021829014,0.0,0.0,1,1,0,0,50,50,0,0,1,1,0,0,50,50,0,0
1007173832,2490378,4259850,2490378,0,0,0.12720668,0.1272067,0.0,0.0,2490378,4325386,2490378,0,0,0.002803471,0.002803471,0.0,0.0,1,1,0,0,50,50,0,0,1,1,0,0,50,50,0,0
1007372894,2490378,4259850,2490378,0,0,0.12806806,0.12806804,0.0,0.0,2490378,4325386,2490378,0,0,0.0026086015,0.0026086015,0.0,0.0,1,1,0,0,50,50,0,0,1,1,0,0,50,50,0,0
1007571959,2490378,4259850,2490378,0,0,0.1291023,0.1291023,0.0,0.0,2490378,4325386,2490378,0,0,0.0028813374,0.0028813374,0.0,0.0,1,1,0,0,50,50,0,0,1,1,0,0,50,50,0,0
1007776002,2490378,4259850,2490378,0,0,0.12858109,0.12858108,0.0,0.0,2490378,4325386,2490378,0,0,0.0023135922,0.0023135922,0.0,0.0,1,1,0,0,50,50,0,0,1,1,0,0,50,50,0,0
1007975101,2490378,4259850,2490378,0,0,0.12868223,0.12868224,0.0,0.0,2490378,4325386,2490378,0,0,0.0024335892,0.0024335892,0.0,0.0,1,1,0,0,50,50,0,0,1,1,0,0,50,50,0,0
1008174142,2490378,4259850,2490378,0,0,0.13071811,0.13071811,0.0,0.0,2490378,4325386,2490378,0,0,0.002325267,0.0023252673,0.0,0.0,1,1,0,0,50,50,0,0,1,1,0,0,50,50,0,0
1008373189,2490378,4259850,2490378,0,0,0.12956032,0.12956032,0.0,0.0,2490378,4325386,2490378,0,0,0.002322778,0.0023227783,0.0,0.0,1,1,0,0,50,50,0,0,1,1,0,0,50,50,0,0
1008572314,2490378,4259850,2490378,0,0,0.12768102,0.127681,0.0,0.0,2490378,4325386,2490378,0,0,0.0025841026,0.0025841026,0.0,0.0,1,1,0,0,50,50,0,0,1,1,0,0,50,50,0,0
1008776293,2490378,4259850,2490378,0,0,0.12649713,0.12649713,0.0,0.0,2490378,4325386,2490378,0,0,0.0024630493,0.0024630493,0.0,0.0,1,1,0,0,50,50,0,0,1,1,0,0,50,50,0,0
1008975361,2490378,4259850,2490378,0,0,0.12908638,0.12908636,0.0,0.0,2490378,4325386,2490378,0,0,0.0023976127,0.0023976124,0.0,0.0,1,1,0,0,50,50,0,0,1,1,0,0,50,50,0,0
1009174458,2490378,4259850,2490378,0,0,0.12923892,0.12923893,0.0,0.0,2490378,4325386,2490378,0,0,0.0021686088,0.002168609,0.0,0.0,1,1,0,0,50,50,0,0,1,1,0,0,50,50,0,0
1009378463,2490378,4259850,2490378,0,0,0.12967542,0.12967542,0.0,0.0,2490378,4325386,2490378,0,0,0.0026338527,0.0026338527,0.0,0.0,1,1,0,0,50,50,0,0,1,1,0,0,50,50,0,0
1009577524,2490378,4259850,2490378,0,0,0.12978986,0.12978986,0.0,0.0,2490378,4325386,2490378,0,0,0.0020254795,0.0020254795,0.0,0.0,1,1,0,0,50,50,0,0,1,1,0,0,50,50,0,0
1009776594,2490378,4259850,2490378,0,0,0.12743957,0.12743956,0.0,0.0,2490378,4325386,2490378,0,0,0.0025542367,0.0025542367,0.0,0.0,1,1,0,0,50,50,0,0,1,1,0,0,50,50,0,0
1009975658,2490378,4259850,2490378,0,0,0.13027696,0.13027696,0.0,0.0,2490378,4325386,2490378,0,0,0.0024549018,0.0024549018,0.0,0.0,1,1,0,0,50,50,0,0,1,1,0,0,50,50,0,0
1010174721,2490378,4259850,2490378,0,0,0.1269625,0.12696251,0.0,0.0,2490378,4325386,2490378,0,0,0.0017815313,0.0017815313,0.0,0.0,1,1,0,0,50,50,0,0,1,1,0,0,50,50,0,0
1010373781,2490378,4259850,2490378,0,0,0.1294391,0.1294391,0.0,0.0,2490378,4325386,2490378,0,0,0.002741209,0.002741209,0.0,0.0,1,1,0,0,50,50,0,0,1,1,0,0,50,50,0,0
1010577820,2490378,4259850,2490378,0,0,0.12919518,0.12919515,0.0,0.0,2490378,4325386,2490378,0,0,0.002616841,0.0026168413,0.0,0.0,1,1,0,0,50,50,0,0,1,1,0,0,50,50,0,0
1010776885,2490378,4259850,2490378,0,0,0.12735231,0.12735231,0.0,0.0,2490378,4325386,2490378,0,0,0.002267041,0.002267041,0.0,0.0,1,1,0,0,50,50,0,0,1,1,0,0,50,50,0,0
1010975982,2490378,4259850,2490378,0,0,0.1272691,0.1272691,0.0,0.0,2490378,4325386,2490378,0,0,0.0027446502,0.0027446505,0.0,0.0,1,1,0,0,50,50,0,0,1,1,0,0,50,50,0,0
1011175035,2490378,4259850,2490378,0,0,0.13031477,0.13031472,0.0,0.0,2490378,4325386,2490378,0,0,0.0026854402,0.0026854402,0.0,0.0,1,1,0,0,50,50,0,0,1,1,0,0,50,50,0,0
1011374107,2490378,4259850,2490378,0,0,0.12902611,0.12902613,0.0,0.0,2490378,4325386,2490378,0,0,0.002237836,0.0022378354,0.0,0.0,1,1,0,0,50,50,0,0,1,1,0,0,50,50,0,0
1011573142,2490378,4259850,2490378,0,0,0.1278426,0.1278426,0.0,0.0,2490378,4325386,2490378,0,0,0.0027528147,0.002752815,0.0,0.0,1,1,0,0,50,50,0,0,1,1,0,0,50,50,0,0
1011772205,2490378,4259850,2490378,0,0,0.12984164,0.12984164,0.0,0.0,2490378,4325386,2490378,0,0,0.0027015477,0.0027015477,0.0,0.0,1,1,0,0,50,50,0,0,1,1,0,0,50,50,0,0
1011976251,2490378,4259850,2490378,0,0,0.12762594,0.12762594,0.0,0.0,2490378,4325386,2490378,0,0,0.002156788,0.0021567878,0.0,0.0,1,1,0,0,50,50,0,0,1,1,0,0,50,50,0,0
1012175320,2490378,4259850,2490378,0,0,0.12944077,0.12944074,0.0,0.0,2490378,4325386,2490378,0,0,0.0021557398,0.0021557398,0.0,0.0,1,1,0,0,50,50,0,0,1,1,0,0,50,50,0,0
1012374376,2490378,4259850,2490378,0,0,0.12788172,0.12788172,0.0,0.0,2490378,4325386,2490378,0,0,0.002274307,0.002274307,0.0,0.0,1,1,0,0,50,50,0,0,1,1,0,0,50,50,0,0
1012573441,2490378,4259850,2490378,0,0,0.12994286,0.12994285,0.0,0.0,2490378,4325386,2490378,0,0,0.0024516596,0.0024516596,0.0,0.0,1,1,0,0,50,50,0,0,1,1,0,0,50,50,0,0
1012772502,2490378,4259850,2490378,0,0,0.12867333,0.12867333,0.0,0.0,2490378,4325386,2490378,0,0,0.0019500909,0.0019500908,0.0,0.0,1,1,0,0,50,50,0,0,1,1,0,0,50,50,0,0
1012976544,2490378,4259850,2490378,0,0,0.13122407,0.13122408,0.0,0.0,2490378,4325386,2490378,0,0,0.0022909313,0.0022909313,0.0,0.0,1,1,0,0,50,50,0,0,1,1,0,0,50,50,0,0
1013175608,2490378,4259850,2490378,0,0,0.12999326,0.12999327,0.0,0.0,2490378,4325386,2490378,0,0,0.0025171582,0.0025171582,0.0,0.0,1,1,0,0,50,50,0,0,1,1,0,0,50,50,0,0
1013374672,2490378,4259850,2490378,0,0,0.12863591,0.12863591,0.0,0.0,2490378,4325386,2490378,0,0,0.0024358958,0.0024358958,0.0,0.0,1,1,0,0,50,50,0,0,1,1,0,0,50,50,0,0
1013573939,2490378,4259850,2490378,0,0,0.1309821,0.13098206,0.0,0.0,2490378,4325386,2490378,0,0,0.0020774165,0.0020774167,0.0,0.0,1,1,0,0,50,50,0,0,1,1,0,0,50,50,0,0
1013777775,2490378,4259850,2490378,0,0,0.13137779,0.13137779,0.0,0.0,2490378,4325386,2490378,0,0,0.002550324,0.002550324,0.0,0.0,1,1,0,0,50,50,0,0,1,1,0,0,50,50,0,0
1013976838,2490378,4259850,2490378,0,0,0.131843,0.13184302,0.0,0.0,2490378,4325386,2490378,0,0,0.0027850491,0.0027850491,0.0,0.0,1,1,0,0,50,50,0,0,1,1,0,0,50,50,0,0
1014175928,2490378,4259850,2490378,0,0,0.13180405,0.13180405,0.0,0.0,2490378,4325386,2490378,0,0,0.0028395706,0.0028395706,0.0,0.0,1,1,0,0,50,50,0,0,1,1,0,0,50,50,0,0
1014374965,2490378,4259850,2490378,0,0,0.13193114,0.13193111,0.0,0.0,2490378,4325386,2490378,0,0,0.0024661832,0.0024661832,0.0,0.0,1,1,0,0,50,50,0,0,1,1,0,0,50,50,0,0
1014574029,2490378,4259850,2490378,0,0,0.13103071,0.13103071,0.0,0.0,2490378,4325386,2490378,0,0,0.0026481089,0.0026481089,0.0,0.0,1,1,0,0,50,50,0,0,1,1,0,0,50,50,0,0
1014778106,2490378,4259850,2490378,0,0,0.13125677,0.13125676,0.0,0.0,2490378,4325386,2490378,0,0,0.00240521,0.00240521,0.0,0.0,1,1,0,0,50,50,0,0,1,1,0,0,50,50,0,0
1014977133,2490378,4259850,2490378,0,0,0.13135548,0.13135548,0.0,0.0,2490378,4325386,2490378,0,0,0.0026894563,0.0026894568,0.0,0.0,1,1,0,0,50,50,0,0,1,1,0,0,50,50,0,0
1015176198,2490378,4259850,2490378,0,0,0.12683621,0.12683621,0.0,0.0,2490378,4325386,2490378,0,0,0.0023710886,0.0023710884,0.0,0.0,1,1,0,0,50,50,0,0,1,1,0,0,50,50,0,0
1015375262,2490378,4259850,2490378,0,0,0.12807347,0.12807348,0.0,0.0,2490378,4325386,2490378,0,0,0.0028163842,0.0028163844,0.0,0.0,1,1,0,0,50,50,0,0,1,1,0,0,50,50,0,0
1015574329,2490378,4259850,2490378,0,0,0.12912944,0.12912942,0.0,0.0,2490378,4325386,2490378,0,0,0.0026449617,0.0026449612,0.0,0.0,1,1,0,0,50,50,0,0,1,1,0,0,50,50,0,0
1015773504,2490378,4259850,2490378,0,0,0.12781127,0.1278113,0.0,0.0,2490378,4325386,2490378,0,0,0.0022202705,0.0022202702,0.0,0.0,1,1,0,0,50,50,0,0,1,1,0,0,50,50,0,0
1015972489,2490378,4259850,2490378,0,0,0.13079579,0.1307958,0.0,0.0,2490378,4325386,2490378,0,0,0.0025264774,0.0025264772,0.0,0.0,1,1,0,0,50,50,0,0,1,1,0,0,50,50,0,0
1016176500,2490378,4259850,2490378,0,0,0.12986434,0.12986436,0.0,0.0,2490378,4325386,2490378,0,0,0.002543558,0.002543558,0.0,0.0,1,1,0,0,50,50,0,0,1,1,0,0,50,50,0,0
1016375594,2490378,4259850,2490378,0,0,0.12755935,0.12755936,0.0,0.0,2490378,4325386,2490378,0,0,0.002213319,0.0022133193,0.0,0.0,1,1,0,0,50,50,0,0,1,1,0,0,50,50,0,0
1016574636,2490378,4259850,2490378,0,0,0.13286869,0.13286869,0.0,0.0,2490378,4325386,2490378,0,0,0.0026376792,0.002637679,0.0,0.0,1,1,0,0,50,50,0,0,1,1,0,0,50,50,0,0
1016773695,2490378,4259850,2490378,0,0,0.13069376,0.13069378,0.0,0.0,2490378,4325386,2490378,0,0,0.0023047372,0.0023047372,0.0,0.0,1,1,0,0,50,50,0,0,1,1,0,0,50,50,0,0
1016972781,2490378,4259850,2490378,0,0,0.13029489,0.13029492,0.0,0.0,2490378,4325386,2490378,0,0,0.0023728826,0.0023728826,0.0,0.0,1,1,0,0,50,50,0,0,1,1,0,0,50,50,0,0
1017171819,2490378,4259850,2490378,0,0,0.12838966,0.12838961,0.0,0.0,2490378,4325386,2490378,0,0,0.0026791694,0.0026791694,0.0,0.0,1,1,0,0,50,50,0,0,1,1,0,0,50,50,0,0
1017375861,2490378,4259850,2490378,0,0,0.12755726,0.12755725,0.0,0.0,2490378,4325386,2490378,0,0,0.0028157171,0.002815717,0.0,0.0,1,1,0,0,50,50,0,0,1,1,0,0,50,50,0,0
1017574924,2490378,4259850,2490378,0,0,0.12816492,0.1281649,0.0,0.0,2490378,4325386,2490378,0,0,0.0023125303,0.0023125296,0.0,0.0,1,1,0,0,50,50,0,0,1,1,0,0,50,50,0,0
1017773987,2490378,4259850,2490378,0,0,0.12590605,0.12590605,0.0,0.0,2490378,4325386,2490378,0,0,0.0025204704,0.0025204704,0.0,0.0,1,1,0,0,50,50,0,0,1,1,0,0,50,50,0,0
1017978027,2490378,4259850,2490378,0,0,0.12820345,0.12820348,0.0,0.0,2490378,4325386,2490378,0,0,0.0025989579,0.0025989583,0.0,0.0,1,1,0,0,50,50,0,0,1,1,0,0,50,50,0,0
1018177086,2490378,4259850,2490378,0,0,0.1254831,0.1254831,0.0,0.0,2490378,4325386,2490378,0,0,0.0024355275,0.0024355275,0.0,0.0,1,1,0,0,50,50,0,0,1,1,0,0,50,50,0,0
1018376151,2490378,4259850,2490378,0,0,0.12672469,0.12672472,0.0,0.0,2490378,4325386,2490378,0,0,0.0025437467,0.0025437467,0.0,0.0,1,1,0,0,50,50,0,0,1,1,0,0,50,50,0,0
1018575216,2490378,4259850,2490378,0,0,0.1289495,0.1289495,0.0,0.0,2490378,4325386,2490378,0,0,0.0027625966,0.0027625961,0.0,0.0,1,1,0,0,50,50,0,0,1,1,0,0,50,50,0,0
1018774363,2490378,4259850,2490378,0,0,0.12685561,0.1268556,0.0,0.0,2490378,4325386,2490378,0,0,0.0027540103,0.00275401,0.0,0.0,1,1,0,0,50,50,0,0,1,1,0,0,50,50,0,0
1018978323,2490378,4259850,2490378,0,0,0.12745813,0.12745814,0.0,0.0,2490378,4325386,2490378,0,0,0.0028069129,0.0028069126,0.0,0.0,1,1,0,0,50,50,0,0,1,1,0,0,50,50,0,0
1019177410,2490378,4259850,2490378,0,0,0.1282798,0.12827979,0.0,0.0,2490378,4325386,2490378,0,0,0.0024020295,0.0024020292,0.0,0.0,1,1,0,0,50,50,0,0,1,1,0,0,50,50,0,0
1019376448,2490378,4259850,2490378,0,0,0.12855053,0.12855051,0.0,0.0,2490378,4325386,2490378,0,0,0.0024856352,0.002485635,0.0,0.0,1,1,0,0,50,50,0,0,1,1,0,0,50,50,0,0
1019575534,2490378,4259850,2490378,0,0,0.12922555,0.12922557,0.0,0.0,2490378,4325386,2490378,0,0,0.0022510723,0.0022510723,0.0,0.0,1,1,0,0,50,50,0,0,1,1,0,0,50,50,0,0
1019774581,2490378,4259850,2490378,0,0,0.131637,0.13163699,0.0,0.0,2490378,4325386,2490378,0,0,0.0023709242,0.0023709242,0.0,0.0,1,1,0,0,50,50,0,0,1,1,0,0,50,50,0,0
1019973646,2490378,4259850,2490378,0,0,0.12980725,0.12980723,0.0,0.0,2490378,4325386,2490378,0,0,0.0027989687,0.0027989682,0.0,0.0,1,1,0,0,50,50,0,0,1,1,0,0,50,50,0,0
1020172713,2490378,4259850,2490378,0,0,0.12966038,0.1296604,0.0,0.0,2490378,4325386,2490378,0,0,0.0025397944,0.0025397944,0.0,0.0,1,1,0,0,50,50,0,0,1,1,0,0,50,50,0,0
1020376746,2490378,4259850,2490378,0,0,0.12742065,0.12742071,0.0,0.0,2490378,4325386,2490378,0,0,0.0024314178,0.002431418,0.0,0.0,1,1,0,0,50,50,0,0,1,1,0,0,50,50,0,0
1020575811,2490378,4259850,2490378,0,0,0.12965034,0.12965037,0.0,0.0,2490378,4325386,2490378,0,0,0.002303417,0.0023034168,0.0,0.0,1,1,0,0,50,50,0,0,1,1,0,0,50,50,0,0
1020774874,2490378,4259850,2490378,0,0,0.12812321,0.1281232,0.0,0.0,2490378,4325386,2490378,0,0,0.0028498129,0.0028498136,0.0,0.0,1,1,0,0,50,50,0,0,1,1,0,0,50,50,0,0
1020973943,2490378,4259850,2490378,0,0,0.12915094,0.12915094,0.0,0.0,2490378,4325386,2490378,0,0,0.0027335482,0.0027335482,0.0,0.0,1,1,0,0,50,50,0,0,1,1,0,0,50,50,0,0
1021173025,2490378,4259850,2490378,0,0,0.12886047,0.12886049,0.0,0.0,2490378,4325386,2490378,0,0,0.0026320328,0.0026320328,0.0,0.0,1,1,0,0,50,50,0,0,1,1,0,0,50,50,0,0
1021372256,2490378,4259850,2490378,0,0,0.12927453,0.12927453,0.0,0.0,2490378,4325386,2490378,0,0,0.002720015,0.0027200147,0.0,0.0,1,1,0,0,50,50,0,0,1,1,0,0,50,50,0,0
1021571130,2490378,4259850,2490378,0,0,0.12889111,0.1288911,0.0,0.0,2490378,4325386,2490378,0,0,0.0026808977,0.002680898,0.0,0.0,1,1,0,0,50,50,0,0,1,1,0,0,50,50,0,0
1021775170,2490378,4259850,2490378,0,0,0.13012588,0.13012587,0.0,0.0,2490378,4325386,2490378,0,0,0.0023453305,0.0023453308,0.0,0.0,1,1,0,0,50,50,0,0,1,1,0,0,50,50,0,0
1021974266,2490378,4259850,2490378,0,0,0.12944384,0.12944384,0.0,0.0,2490378,4325386,2490378,0,0,0.0025214148,0.0025214148,0.0,0.0,1,1,0,0,50,50,0,0,1,1,0,0,50,50,0,0
1022173300,2490378,4259850,2490378,0,0,0.12637337,0.12637337,0.0,0.0,2490378,4325386,2490378,0,0,0.0026688927,0.0026688932,0.0,0.0,1,1,0,0,50,50,0,0,1,1,0,0,50,50,0,0
1022377358,2490378,4259850,2490378,0,0,0.12953734,0.12953734,0.0,0.0,2490378,4325386,2490378,0,0,0.0019067071,0.0019067077,0.0,0.0,1,1,0,0,50,50,0,0,1,1,0,0,50,50,0,0
1022576410,2490378,4259850,2490378,0,0,0.12990698,0.12990697,0.0,0.0,2490378,4325386,2490378,0,0,0.0027898992,0.0027898992,0.0,0.0,1,1,0,0,50,50,0,0,1,1,0,0,50,50,0,0
1022775471,2490378,4259850,2490378,0,0,0.12864691,0.1286469,0.0,0.0,2490378,4325386,2490378,0,0,0.0029989616,0.0029989616,0.0,0.0,1,1,0,0,50,50,0,0,1,1,0,0,50,50,0,0
1022974533,2490378,4259850,2490378,0,0,0.12562725,0.12562723,0.0,0.0,2490378,4325386,2490378,0,0,0.0023423664,0.0023423664,0.0,0.0,1,1,0,0,50,50,0,0,1,1,0,0,50,50,0,0
1023178610,2490378,4259850,2490378,0,0,0.12782544,0.12782541,0.0,0.0,2490378,4325386,2490378,0,0,0.002575163,0.002575163,0.0,0.0,1,1,0,0,50,50,0,0,1,1,0,0,50,50,0,0
1023377646,2490378,4259850,2490378,0,0,0.12965152,0.1296515,0.0,0.0,2490378,4325386,2490378,0,0,0.00248145,0.00248145,0.0,0.0,1,1,0,0,50,50,0,0,1,1,0,0,50,50,0,0
1023576705,2490378,4259850,2490378,0,0,0.12540977,0.12540978,0.0,0.0,2490378,4325386,2490378,0,0,0.0026177648,0.0026177648,0.0,0.0,1,1,0,0,50,50,0,0,1,1,0,0,50,50,0,0
1023775767,2490378,4259850,2490378,0,0,0.12720324,0.12720326,0.0,0.0,2490378,4325386,2490378,0,0,0.0022060564,0.0022060564,0.0,0.0,1,1,0,0,50,50,0,0,1,1,0,0,50,50,0,0
1023974832,2490378,4259850,2490378,0,0,0.12757564,0.12757562,0.0,0.0,2490378,4325386,2490378,0,0,0.002667423,0.002667423,0.0,0.0,1,1,0,0,50,50,0,0,1,1,0,0,50,50,0,0
1024173925,2490378,4259850,2490378,0,0,0.13106707,0.13106711,0.0,0.0,2490378,4325386,2490378,0,0,0.0028083574,0.0028083571,0.0,0.0,1,1,0,0,50,50,0,0,1,1,0,0,50,50,0,0
1024372971,2490378,4259850,2490378,0,0,0.13119645,0.13119647,0.0,0.0,2490378,4325386,2490378,0,0,0.0030768497,0.0030768495,0.0,0.0,1,1,0,0,50,50,0,0,1,1,0,0,50,50,0,0
1024577021,2490378,4259850,2490378,0,0,0.12813972,0.12813973,0.0,0.0,2490378,4325386,2490378,0,0,0.0024228247,0.0024228247,0.0,0.0,1,1,0,0,50,50,0,0,1,1,0,0,50,50,0,0
1024776087,2490378,4259850,2490378,0,0,0.09309107,0.09309109,0.0,0.0,2490378,4325386,2490378,0,0,0.0023906548,0.0023906543,0.0,0.0,1,1,0,0,50,50,0,0,1,1,0,0,50,50,0,0
1024975149,2490378,4259850,2490378,0,0,0.07383163,0.07383165,0.0,0.0,2490378,4325386,2490378,0,0,0.0031446936,0.0031446938,0.0,0.0,1,1,0,0,50,50,0,0,1,1,0,0,50,50,0,0
1025174224,2490378,4259850,2490378,0,0,0.06497542,0.06497541,0.0,0.0,2490378,4325386,2490378,0,0,0.0025216516,0.0025216516,0.0,0.0,1,1,0,0,50,50,0,0,1,1,0,0,50,50,0,0
1025373258,2490378,4259850,2490378,0,0,0.065607995,0.06560798,0.0,0.0,2490378,4325386,2490378,0,0,0.0023672613,0.0023672613,0.0,0.0,1,1,0,0,50,50,0,0,1,1,0,0,50,50,0,0
1025572322,2490378,4259850,2490378,0,0,0.10828962,0.108289614,0.0,0.0,2490378,4325386,2490378,0,0,0.0028182596,0.0028182599,0.0,0.0,1,1,0,0,50,50,0,0,1,1,0,0,50,50,0,0
1025771404,2490378,4259850,2490378,0,0,0.119853154,0.11985315,0.0,0.0,2490378,4325386,2490378,0,0,0.0032450282,0.0032450282,0.0,0.0,1,1,0,0,50,50,0,0,1,1,0,0,50,50,0,0
1025975451,2490378,4259850,2490378,0,0,0.09355378,0.09355378,0.0,0.0,2490378,4325386,2490378,0,0,0.0026778104,0.0026778104,0.0,0.0,1,1,0,0,50,50,0,0,1,1,0,0,50,50,0,0
1026174511,2490378,4259850,2490378,0,0,0.09114839,0.09114839,0.0,0.0,2490378,4325386,2490378,0,0,0.0025873047,0.0025873051,0.0,0.0,1,1,0,0,50,50,0,0,1,1,0,0,50,50,0,0
1026373562,2490378,4259850,2490378,0,0,0.09287584,0.09287584,0.0,0.0,2490378,4325386,2490378,0,0,0.0025107996,0.0025107998,0.0,0.0,1,1,0,0,50,50,0,0,1,1,0,0,50,50,0,0
1026572623,2490378,4259850,2490378,0,0,0.11411713,0.11411714,0.0,0.0,2490378,4325386,2490378,0,0,0.0025519822,0.002551982,0.0,0.0,1,1,0,0,50,50,0,0,1,1,0,0,50,50,0,0
1026776663,2490378,4259850,2490378,0,0,0.1277354,0.12773539,0.0,0.0,2490378,4325386,2490378,0,0,0.002295038,0.002295038,0.0,0.0,1,1,0,0,50,50,0,0,1,1,0,0,50,50,0,0
1026975753,2490378,4259850,2490378,0,0,0.13290416,0.13290416,0.0,0.0,2490378,4325386,2490378,0,0,0.0026632491,0.0026632491,0.0,0.0,1,1,0,0,50,50,0,0,1,1,0,0,50,50,0,0
1027174811,2490378,4259850,2490378,0,0,0.129063,0.12906301,0.0,0.0,2490378,4325386,2490378,0,0,0.0023930166,0.0023930166,0.0,0.0,1,1,0,0,50,50,0,0,1,1,0,0,50,50,0,0
1027378859,2490378,4259850,2490378,0,0,0.12946445,0.12946443,0.0,0.0,2490378,4325386,2490378,0,0,0.0023930762,0.0023930762,0.0,0.0,1,1,0,0,50,50,0,0,1,1,0,0,50,50,0,0
1027577894,2490378,4259850,2490378,0,0,0.12706923,0.1270692,0.0,0.0,2490378,4325386,2490378,0,0,0.002271638,0.002271638,0.0,0.0,1,1,0,0,50,50,0,0,1,1,0,0,50,50,0,0
1027776981,2490378,4259850,2490378,0,0,0.12681288,0.12681288,0.0,0.0,2490378,4325386,2490378,0,0,0.0026437927,0.0026437924,0.0,0.0,1,1,0,0,50,50,0,0,1,1,0,0,50,50,0,0
1027976025,2490378,4259850,2490378,0,0,0.13015755,0.13015756,0.0,0.0,2490378,4325386,2490378,0,0,0.0024393848,0.0024393848,0.0,0.0,1,1,0,0,50,50,0,0,1,1,0,0,50,50,0,0
1028175088,2490378,4259850,2490378,0,0,0.1292338,0.1292338,0.0,0.0,2490378,4325386,2490378,0,0,0.0025693562,0.0025693562,0.0,0.0,1,1,0,0,50,50,0,0,1,1,0,0,50,50,0,0
1028374155,2490378,4259850,2490378,0,0,0.12711379,0.12711379,0.0,0.0,2490378,4325386,2490378,0,0,0.002887838,0.002887838,0.0,0.0,1,1,0,0,50,50,0,0,1,1,0,0,50,50,0,0
1028573215,2490378,4259850,2490378,0,0,0.12948057,0.12948057,0.0,0.0,2490378,4325386,2490378,0,0,0.002648339,0.002648339,0.0,0.0,1,1,0,0,50,50,0,0,1,1,0,0,50,50,0,0
1028777285,2490378,4259850,2490378,0,0,0.13068384,0.13068385,0.0,0.0,2490378,4325386,2490378,0,0,0.0028138866,0.0028138864,0.0,0.0,1,1,0,0,50,50,0,0,1,1,0,0,50,50,0,0
1028976321,2490378,4259850,2490378,0,0,0.12889552,0.1288955,0.0,0.0,2490378,4325386,2490378,0,0,0.0026063463,0.0026063463,0.0,0.0,1,1,0,0,50,50,0,0,1,1,0,0,50,50,0,0
1029175406,2490378,4259850,2490378,0,0,0.13132851,0.13132851,0.0,0.0,2490378,4325386,2490378,0,0,0.0026102334,0.0026102336,0.0,0.0,1,1,0,0,50,50,0,0,1,1,0,0,50,50,0,0
1029374452,2490378,4259850,2490378,0,0,0.12869829,0.12869829,0.0,0.0,2490378,4325386,2490378,0,0,0.0024646998,0.0024646996,0.0,0.0,1,1,0,0,50,50,0,0,1,1,0,0,50,50,0,0
1029573520,2490378,4259850,2490378,0,0,0.1273955,0.12739547,0.0,0.0,2490378,4325386,2490378,0,0,0.0023867572,0.0023867572,0.0,0.0,1,1,0,0,50,50,0,0,1,1,0,0,50,50,0,0
1029772605,2490378,4259850,2490378,0,0,0.12978044,0.12978044,0.0,0.0,2490378,4325386,2490378,0,0,0.0027287106,0.0027287109,0.0,0.0,1,1,0,0,50,50,0,0,1,1,0,0,50,50,0,0
1029971665,2490378,4259850,2490378,0,0,0.12796782,0.12796783,0.0,0.0,2490378,4325386,2490378,0,0,0.0029691274,0.0029691271,0.0,0.0,1,1,0,0,50,50,0,0,1,1,0,0,50,50,0,0
1030175704,2490378,4259850,2490378,0,0,0.13192144,0.13192146,0.0,0.0,2490378,4325386,2490378,0,0,0.002733184,0.0027331843,0.0,0.0,1,1,0,0,50,50,0,0,1,1,0,0,50,50,0,0
1030374748,2490378,4259850,2490378,0,0,0.12925419,0.12925416,0.0,0.0,2490378,4325386,2490378,0,0,0.002462391,0.0024623908,0.0,0.0,1,1,0,0,50,50,0,0,1,1,0,0,50,50,0,0
1030573813,2490378,4259850,2490378,0,0,0.13092321,0.1309232,0.0,0.0,2490378,4325386,2490378,0,0,0.0020678318,0.0020678318,0.0,0.0,1,1,0,0,50,50,0,0,1,1,0,0,50,50,0,0
1030772876,2490378,4259850,2490378,0,0,0.12960821,0.1296082,0.0,0.0,2490378,4325386,2490378,0,0,0.0028688249,0.0028688244,0.0,0.0,1,1,0,0,50,50,0,0,1,1,0,0,50,50,0,0
1030976922,2490378,4259850,2490378,0,0,0.08988842,0.089888394,0.0,0.0,2490378,4325386,2490378,0,0,0.002311599,0.0023115994,0.0,0.0,1,1,0,0,50,50,0,0,1,1,0,0,50,50,0,0
1031175984,2490378,4259850,2490378,0,0,0.108259894,0.10825988,0.0,0.0,2490378,4325386,2490378,0,0,0.0027996346,0.0027996346,0.0,0.0,1,1,0,0,50,50,0,0,1,1,0,0,50,50,0,0
1031375068,2490378,4259850,2490378,0,0,0.11229664,0.11229664,0.0,0.0,2490378,4325386,2490378,0,0,0.0023444586,0.0023444588,0.0,0.0,1,1,0,0,50,50,0,0,1,1,0,0,50,50,0,0
1031574112,2490378,4259850,2490378,0,0,0.12904641,0.12904644,0.0,0.0,2490378,4325386,2490378,0,0,0.0023565122,0.0023565122,0.0,0.0,1,1,0,0,50,50,0,0,1,1,0,0,50,50,0,0
1031778153,2490378,4259850,2490378,0,0,0.10921941,0.109219424,0.0,0.0,2490378,4325386,2490378,0,0,0.0024828739,0.0024828736,0.0,0.0,1,1,0,0,50,50,0,0,1,1,0,0,50,50,0,0
1031977244,2490378,4259850,2490378,0,0,0.124826394,0.12482639,0.0,0.0,2490378,4325386,2490378,0,0,0.0021933725,0.0021933725,0.0,0.0,1,1,0,0,50,50,0,0,1,1,0,0,50,50,0,0
1032176280,2490378,4259850,2490378,0,0,0.12934512,0.1293451,0.0,0.0,2490378,4325386,2490378,0,0,0.002246626,0.0022466262,0.0,0.0,1,1,0,0,50,50,0,0,1,1,0,0,50,50,0,0
1032375348,2490378,4259850,2490378,0,0,0.07940949,0.079409495,0.0,0.0,2490378,4325386,2490378,0,0,0.0022878782,0.002287877,0.0,0.0,1,1,0,0,50,50,0,0,1,1,0,0,50,50,0,0
1032574456,2490378,4259850,2490378,0,0,0.05577503,0.055774868,0.0,0.0,2490378,4325386,2490378,0,0,0.005308914,0.0053089187,0.0,0.0,1,1,0,0,50,50,0,0,1,1,0,0,50,50,0,0
1032773480,2490378,4259850,2490378,0,0,0.12996414,0.12996414,0.0,0.0,2490378,4325386,2490378,0,0,0.006032554,0.0060325507,0.0,0.0,1,1,0,0,50,50,0,0,1,1,0,0,50,50,0,0
1032977517,2490378,4259850,2490378,0,0,0.11646917,0.11646918,0.0,0.0,2490378,4325386,2490378,0,0,0.0035108726,0.0035108728,0.0,0.0,1,1,0,0,50,50,0,0,1,1,0,0,50,50,0,0
1033176583,2490378,4259850,2490378,0,0,0.12224303,0.122243024,0.0,0.0,2490378,4325386,2490378,0,0,0.0011651468,0.0011651455,0.0,0.0,1,1,0,0,50,50,0,0,1,1,0,0,50,50,0,0
1033375650,2490378,4259850,2490378,0,0,0.12287367,0.12287364,0.0,0.0,2490378,4325386,2490378,0,0,0.0022098855,0.0022098897,0.0,0.0,1,1,0,0,50,50,0,0,1,1,0,0,50,50,0,0
1033574712,2490378,4259850,2490378,0,0,0.101043075,0.101043075,0.0,0.0,2490378,4325386,2490378,0,0,0.0027824547,0.0027824556,0.0,0.0,1,1,0,0,50,50,0,0,1,1,0,0,50,50,0,0
1033773776,2490378,4259850,2490378,0,0,0.10574591,0.1057459,0.0,0.0,2490378,4325386,2490378,0,0,0.0037420257,0.0037420231,0.0,0.0,1,1,0,0,50,50,0,0,1,1,0,0,50,50,0,0
1033972901,2490378,4259850,2490378,0,0,0.1202153,0.1202153,0.0,0.0,2490378,4325386,2490378,0,0,0.0027091566,0.0027091564,0.0,0.0,1,1,0,0,50,50,0,0,1,1,0,0,50,50,0,0
1034171920,2490378,4259850,2490378,0,0,0.10451764,0.10451764,0.0,0.0,2490378,4325386,2490378,0,0,0.0030539804,0.00305398,0.0,0.0,1,1,0,0,50,50,0,0,1,1,0,0,50,50,0,0
1034375955,2490378,4259850,2490378,0,0,0.12944707,0.12944707,0.0,0.0,2490378,4325386,2490378,0,0,0.0028795702,0.0028795702,0.0,0.0,1,1,0,0,50,50,0,0,1,1,0,0,50,50,0,0
1034575012,2490378,4259850,2490378,0,0,0.1294772,0.1294772,0.0,0.0,2490378,4325386,2490378,0,0,0.003021219,0.0030212193,0.0,0.0,1,1,0,0,50,50,0,0,1,1,0,0,50,50,0,0
1034774115,2490378,4259850,2490378,0,0,0.05396164,0.05396161,0.0,0.0,2490378,4325386,2490378,0,0,0.0025377,0.002537701,0.0,0.0,1,1,0,0,50,50,0,0,1,1,0,0,50,50,0,0
1034973140,2490378,4259850,2490378,0,0,0.08699312,0.08699311,0.0,0.0,2490378,4325386,2490378,0,0,0.0017211864,0.0017211868,0.0,0.0,1,1,0,0,50,50,0,0,1,1,0,0,50,50,0,0
1035172203,2490378,4259850,2490378,0,0,0.05490993,0.05490999,0.0,0.0,2490378,4325386,2490378,0,0,0.0016403793,0.0016403799,0.0,0.0,1,1,0,0,50,50,0,0,1,1,0,0,50,50,0,0
1035376278,2490378,4259850,2490378,0,0,0.07997522,0.079975225,0.0,0.0,2490378,4325386,2490378,0,0,0.002701053,0.002701053,0.0,0.0,1,1,0,0,50,50,0,0,1,1,0,0,50,50,0,0
1035575311,2490378,4259850,2490378,0,0,0.089818984,0.08981895,0.0,0.0,2490378,4325386,2490378,0,0,0.002715052,0.0027150519,0.0,0.0,1,1,0,0,50,50,0,0,1,1,0,0,50,50,0,0
1035774373,2490378,4259850,2490378,0,0,0.12526591,0.12526593,0.0,0.0,2490378,4325386,2490378,0,0,0.0025437626,0.0025437619,0.0,0.0,1,1,0,0,50,50,0,0,1,1,0,0,50,50,0,0
1035978415,2490378,4259850,2490378,0,0,0.12967867,0.12967865,0.0,0.0,2490378,4325386,2490378,0,0,0.003602971,0.0036029704,0.0,0.0,1,1,0,0,50,50,0,0,1,1,0,0,50,50,0,0
1036177478,2490378,4259850,2490378,0,0,0.13536881,0.13536881,0.0,0.0,2490378,4325386,2490378,0,0,0.0022928605,0.0022928603,0.0,0.0,1,1,0,0,50,50,0,0,1,1,0,0,50,50,0,0
1036376548,2490378,4259850,2490378,0,0,0.121025816,0.121025816,0.0,0.0,2490378,4325386,2490378,0,0,0.0019041477,0.0019041472,0.0,0.0,1,1,0,0,50,50,0,0,1,1,0,0,50,50,0,0
1036575608,2490378,4259850,2490378,0,0,0.13463536,0.13463536,0.0,0.0,2490378,4325386,2490378,0,0,0.0026261003,0.0026260999,0.0,0.0,1,1,0,0,50,50,0,0,1,1,0,0,50,50,0,0
1036774713,2490378,4259850,2490378,0,0,0.12004051,0.12004052,0.0,0.0,2490378,4325386,2490378,0,0,0.0034299148,0.0034299137,0.0,0.0,1,1,0,0,50,50,0,0,1,1,0,0,50,50,0,0
1036973755,2490378,4259850,2490378,0,0,0.13052271,0.13052273,0.0,0.0,2490378,4325386,2490378,0,0,0.0028901019,0.002890102,0.0,0.0,1,1,0,0,50,50,0,0,1,1,0,0,50,50,0,0
1037177775,2490378,4259850,2490378,0,0,0.1291914,0.12919138,0.0,0.0,2490378,4325386,2490378,0,0,0.0026756153,0.0026756153,0.0,0.0,1,1,0,0,50,50,0,0,1,1,0,0,50,50,0,0
1037376843,2490378,4259850,2490378,0,0,0.12350612,0.12350612,0.0,0.0,2490378,4325386,2490378,0,0,0.0015543675,0.0015543675,0.0,0.0,1,1,0,0,50,50,0,0,1,1,0,0,50,50,0,0
1037575938,2490378,4259850,2490378,0,0,0.13137352,0.13137352,0.0,0.0,2490378,4325386,2490378,0,0,0.0033536763,0.0033536765,0.0,0.0,1,1,0,0,50,50,0,0,1,1,0,0,50,50,0,0
1037774974,2490378,4259850,2490378,0,0,0.09347241,0.0934724,0.0,0.0,2490378,4325386,2490378,0,0,0.0036277245,0.0036277254,0.0,0.0,1,1,0,0,50,50,0,0,1,1,0,0,50,50,0,0
1037974038,2490378,4259850,2490378,0,0,0.10524012,0.10524013,0.0,0.0,2490378,4325386,2490378,0,0,0.0033468832,0.003346883,0.0,0.0,1,1,0,0,50,50,0,0,1,1,0,0,50,50,0,0
1038173137,2490378,4259850,2490378,0,0,0.11881549,0.11881551,0.0,0.0,2490378,4325386,2490378,0,0,0.0033930007,0.0033930056,0.0,0.0,1,1,0,0,50,50,0,0,1,1,0,0,50,50,0,0
1038372170,2490378,4259850,2490378,0,0,0.05483715,0.054837137,0.0,0.0,2490378,4325386,2490378,0,0,0.0018569354,0.001856934,0.0,0.0,1,1,0,0,50,50,0,0,1,1,0,0,50,50,0,0
1038576209,2490378,4259850,2490378,0,0,0.12875168,0.12875168,0.0,0.0,2490378,4325386,2490378,0,0,0.003991137,0.003991137,0.0,0.0,1,1,0,0,50,50,0,0,1,1,0,0,50,50,0,0
1038775276,2490378,4259850,2490378,0,0,0.13492666,0.13492669,0.0,0.0,2490378,4325386,2490378,0,0,0.0034953856,0.0034953859,0.0,0.0,1,1,0,0,50,50,0,0,1,1,0,0,50,50,0,0
1038974341,2490378,4259850,2490378,0,0,0.08259921,0.08259925,0.0,0.0,2490378,4325386,2490378,0,0,0.0033905755,0.0033905755,0.0,0.0,1,1,0,0,50,50,0,0,1,1,0,0,50,50,0,0
1039173410,2490378,4259850,2490378,0,0,0.10598525,0.10598525,0.0,0.0,2490378,4325386,2490378,0,0,0.0029201086,0.0029201088,0.0,0.0,1,1,0,0,50,50,0,0,1,1,0,0,50,50,0,0
1039372468,2490378,4259850,2490378,0,0,0.13740014,0.13740015,0.0,0.0,2490378,4325386,2490378,0,0,0.004473388,0.004473388,0.0,0.0,1,1,0,0,50,50,0,0,1,1,0,0,50,50,0,0
1039576517,2490378,4259850,2490378,0,0,0.12988184,0.12988184,0.0,0.0,2490378,4325386,2490378,0,0,0.0028825586,0.0028825582,0.0,0.0,1,1,0,0,50,50,0,0,1,1,0,0,50,50,0,0
1039775607,2490378,4259850,2490378,0,0,0.13283102,0.13283102,0.0,0.0,2490378,4325386,2490378,0,0,0.0034834587,0.0034834584,0.0,0.0,1,1,0,0,50,50,0,0,1,1,0,0,50,50,0,0
1039974646,2490378,4259850,2490378,0,0,0.06673865,0.06673864,0.0,0.0,2490378,4325386,2490378,0,0,0.003546909,0.0035469057,0.0,0.0,1,1,0,0,50,50,0,0,1,1,0,0,50,50,0,0
1040173710,2490378,4259850,2490378,0,0,0.11364092,0.11364096,0.0,0.0,2490378,4325386,2490378,0,0,0.0028641324,0.0028641298,0.0,0.0,1,1,0,0,50,50,0,0,1,1,0,0,50,50,0,0
1040377768,2490378,4259850,2490378,0,0,0.12592892,0.1259289,0.0,0.0,2490378,4325386,2490378,0,0,0.0038550687,0.003855069,0.0,0.0,1,1,0,0,50,50,0,0,1,1,0,0,50,50,0,0
1040576813,2490378,4259850,2490378,0,0,0.11201197,0.11201198,0.0,0.0,2490378,4325386,2490378,0,0,0.0031942085,0.0031942076,0.0,0.0,1,1,0,0,50,50,0,0,1,1,0,0,50,50,0,0
1040775879,2490378,4259850,2490378,0,0,0.08611084,0.08611082,0.0,0.0,2490378,4325386,2490378,0,0,0.0025908141,0.0025908141,0.0,0.0,1,1,0,0,50,50,0,0,1,1,0,0,50,50,0,0
1040974943,2490378,4259850,2490378,0,0,0.12428248,0.12428246,0.0,0.0,2490378,4325386,2490378,0,0,0.0026687498,0.00266875,0.0,0.0,1,1,0,0,50,50,0,0,1,1,0,0,50,50,0,0
1041174008,2490378,4259850,2490378,0,0,0.11961989,0.119619876,0.0,0.0,2490378,4325386,2490378,0,0,0.0043739644,0.0043739667,0.0,0.0,1,1,0,0,50,50,0,0,1,1,0,0,50,50,0,0
1041378051,2490378,4259850,2490378,0,0,0.11573744,0.11573744,0.0,0.0,2490378,4325386,2490378,0,0,0.0026348862,0.002634887,0.0,0.0,1,1,0,0,50,50,0,0,1,1,0,0,50,50,0,0
1041577135,2490378,4259850,2490378,0,0,0.12149789,0.12149788,0.0,0.0,2490378,4325386,2490378,0,0,0.004807119,0.004807122,0.0,0.0,1,1,0,0,50,50,0,0,1,1,0,0,50,50,0,0
1041776176,2490378,4259850,2490378,0,0,0.079676725,0.07967675,0.0,0.0,2490378,4325386,2490378,0,0,0.0024834245,0.0024834233,0.0,0.0,1,1,0,0,50,50,0,0,1,1,0,0,50,50,0,0
1041975271,2490378,4259850,2490378,0,0,0.0752964,0.07529631,0.0,0.0,2490378,4325386,2490378,0,0,0.0014231427,0.0014231415,0.0,0.0,1,1,0,0,50,50,0,0,1,1,0,0,50,50,0,0
1042174309,2490378,4259850,2490378,0,0,0.093705736,0.09370569,0.0,0.0,2490378,4325386,2490378,0,0,0.0038132356,0.003813236,0.0,0.0,1,1,0,0,50,50,0,0,1,1,0,0,50,50,0,0
1042373376,2490378,4259850,2490378,0,0,0.10798623,0.10798621,0.0,0.0,2490378,4325386,2490378,0,0,0.002849117,0.0028491165,0.0,0.0,1,1,0,0,50,50,0,0,1,1,0,0,50,50,0,0
1042572471,2490378,4259850,2490378,0,0,0.114119716,0.11411971,0.0,0.0,2490378,4325386,2490378,0,0,0.0024014062,0.0024014062,0.0,0.0,1,1,0,0,50,50,0,0,1,1,0,0,50,50,0,0
1042776483,2490378,4259850,2490378,0,0,0.12169698,0.12169707,0.0,0.0,2490378,4325386,2490378,0,0,0.0030864966,0.0030864961,0.0,0.0,1,1,0,0,50,50,0,0,1,1,0,0,50,50,0,0
1042975545,2490378,4259850,2490378,0,0,0.10996824,0.1099683,0.0,0.0,2490378,4325386,2490378,0,0,0.002592891,0.002592891,0.0,0.0,1,1,0,0,50,50,0,0,1,1,0,0,50,50,0,0
1043174615,2490378,4259850,2490378,0,0,0.12850846,0.12850848,0.0,0.0,2490378,4325386,2490378,0,0,0.0023489678,0.0023489678,0.0,0.0,1,1,0,0,50,50,0,0,1,1,0,0,50,50,0,0
1043373715,2490378,4259850,2490378,0,0,0.13213968,0.13213967,0.0,0.0,2490378,4325386,2490378,0,0,0.0025941103,0.0025941103,0.0,0.0,1,1,0,0,50,50,0,0,1,1,0,0,50,50,0,0
1043572759,2490378,4259850,2490378,0,0,0.11784623,0.117846265,0.0,0.0,2490378,4325386,2490378,0,0,0.0023957351,0.0023957351,0.0,0.0,1,1,0,0,50,50,0,0,1,1,0,0,50,50,0,0
1043771823,2490378,4259850,2490378,0,0,0.12134866,0.12134863,0.0,0.0,2490378,4325386,2490378,0,0,0.0030271541,0.0030271544,0.0,0.0,1,1,0,0,50,50,0,0,1,1,0,0,50,50,0,0
1043975846,2490378,4259850,2490378,0,0,0.13080673,0.13080674,0.0,0.0,2490378,4325386,2490378,0,0,0.0033437642,0.0033437642,0.0,0.0,1,1,0,0,50,50,0,0,1,1,0,0,50,50,0,0
1044174913,2490378,4259850,2490378,0,0,0.11070733,0.11070732,0.0,0.0,2490378,4325386,2490378,0,0,0.002309119,0.0023091193,0.0,0.0,1,1,0,0,50,50,0,0,1,1,0,0,50,50,0,0
1044373990,2490378,4259850,2490378,0,0,0.10732925,0.10732926,0.0,0.0,2490378,4325386,2490378,0,0,0.0021611406,0.002161139,0.0,0.0,1,1,0,0,50,50,0,0,1,1,0,0,50,50,0,0
1044578021,2490378,4259850,2490378,0,0,0.11763886,0.11763886,0.0,0.0,2490378,4325386,2490378,0,0,0.0031431625,0.0031431634,0.0,0.0,1,1,0,0,50,50,0,0,1,1,0,0,50,50,0,0
1044777291,2490378,4259850,2490378,0,0,0.1003907,0.10039072,0.0,0.0,2490378,4325386,2490378,0,0,0.0024154643,0.0024154643,0.0,0.0,1,1,0,0,50,50,0,0,1,1,0,0,50,50,0,0
1044976178,2490378,4259850,2490378,0,0,0.12895632,0.1289563,0.0,0.0,2490378,4325386,2490378,0,0,0.0023088362,0.002308834,0.0,0.0,1,1,0,0,50,50,0,0,1,1,0,0,50,50,0,0
1045175212,2490378,4259850,2490378,0,0,0.098667845,0.09866785,0.0,0.0,2490378,4325386,2490378,0,0,0.0041448534,0.0041448516,0.0,0.0,1,1,0,0,50,50,0,0,1,1,0,0,50,50,0,0
1045374315,2490378,4259850,2490378,0,0,0.05686779,0.056867834,0.0,0.0,2490378,4325386,2490378,0,0,0.002826563,0.0028265633,0.0,0.0,1,1,0,0,50,50,0,0,1,1,0,0,50,50,0,0
1045578323,2490378,4259850,2490378,0,0,0.05346753,0.053467527,0.0,0.0,2490378,4325386,2490378,0,0,0.0024586509,0.0024586506,0.0,0.0,1,1,0,0,50,50,0,0,1,1,0,0,50,50,0,0
1045777386,2490378,4259850,2490378,0,0,0.09925591,0.09925593,0.0,0.0,2490378,4325386,2490378,0,0,0.0026955823,0.0026955784,0.0,0.0,1,1,0,0,50,50,0,0,1,1,0,0,50,50,0,0
1045976450,2490378,4259850,2490378,0,0,0.121825695,0.12182567,0.0,0.0,2490378,4325386,2490378,0,0,0.0038573125,0.0038573118,0.0,0.0,1,1,0,0,50,50,0,0,1,1,0,0,50,50,0,0
1046175515,2490378,4259850,2490378,0,0,0.10822205,0.108222045,0.0,0.0,2490378,4325386,2490378,0,0,0.003069029,0.0030690292,0.0,0.0,1,1,0,0,50,50,0,0,1,1,0,0,50,50,0,0
1046374583,2490378,4259850,2490378,0,0,0.046812877,0.04681287,0.0,0.0,2490378,4325386,2490378,0,0,0.0032013683,0.0032013687,0.0,0.0,1,1,0,0,50,50,0,0,1,1,0,0,50,50,0,0
1046573651,2490378,4259850,2490378,0,0,0.025374407,0.025374409,0.0,0.0,2490378,4325386,2490378,0,0,0.0022665954,0.0022665947,0.0,0.0,1,1,0,0,50,50,0,0,1,1,0,0,50,50,0,0
1046772714,2490378,4259850,2490378,0,0,0.054802574,0.054802567,0.0,0.0,2490378,4325386,2490378,0,0,0.0022192686,0.0022192677,0.0,0.0,1,1,0,0,50,50,0,0,1,1,0,0,50,50,0,0
1046976790,2490378,4259850,2490378,0,0,0.0336803,0.0336803,0.0,0.0,2490378,4325386,2490378,0,0,0.0033343257,0.0033343262,0.0,0.0,1,1,0,0,50,50,0,0,1,1,0,0,50,50,0,0
1047175819,2490378,4259850,2490378,0,0,0.046536673,0.04653669,0.0,0.0,2490378,4325386,2490378,0,0,0.0036568993,0.0036569003,0.0,0.0,1,1,0,0,50,50,0,0,1,1,0,0,50,50,0,0
1047374884,2490378,4259850,2490378,0,0,0.048380315,0.04838031,0.0,0.0,2490378,4325386,2490378,0,0,0.0030646503,0.0030646506,0.0,0.0,1,1,0,0,50,50,0,0,1,1,0,0,50,50,0,0
1047573990,2490378,4259850,2490378,0,0,0.11112214,0.11112214,0.0,0.0,2490378,4325386,2490378,0,0,0.0023227115,0.0023227122,0.0,0.0,1,1,0,0,50,50,0,0,1,1,0,0,50,50,0,0
1047773014,2490378,4259850,2490378,0,0,0.13446495,0.13446498,0.0,0.0,2490378,4325386,2490378,0,0,0.003236087,0.0032360866,0.0,0.0,1,1,0,0,50,50,0,0,1,1,0,0,50,50,0,0
1047972080,2490378,4259850,2490378,0,0,0.10567952,0.10567952,0.0,0.0,2490378,4325386,2490378,0,0,0.0030432825,0.0030432814,0.0,0.0,1,1,0,0,50,50,0,0,1,1,0,0,50,50,0,0
1048171179,2490378,4259850,2490378,0,0,0.10698907,0.106989086,0.0,0.0,2490378,4325386,2490378,0,0,0.0025505184,0.0025505193,0.0,0.0,1,1,0,0,50,50,0,0,1,1,0,0,50,50,0,0
1048375187,2490378,4259850,2490378,0,0,0.12619132,0.12619135,0.0,0.0,2490378,4325386,2490378,0,0,0.0012568875,0.0012568865,0.0,0.0,1,1,0,0,50,50,0,0,1,1,0,0,50,50,0,0
1048574250,2490378,4259850,2490378,0,0,0.10639797,0.106397994,0.0,0.0,2490378,4325386,2490378,0,0,0.0027376902,0.0027376905,0.0,0.0,1,1,0,0,50,50,0,0,1,1,0,0,50,50,0,0
1048773319,2490378,4259850,2490378,0,0,0.021244457,0.02124451,0.0,0.0,2490378,4325386,2490378,0,0,0.0021541321,0.0021541326,0.0,0.0,1,1,0,0,50,50,0,0,1,1,0,0,50,50,0,0
1048977381,2490378,4259850,2490378,0,0,0.025384942,0.025384938,0.0,0.0,2490378,4325386,2490378,0,0,0.0023231998,0.0023231998,0.0,0.0,1,1,0,0,50,50,0,0,1,1,0,0,50,50,0,0
1049176455,2490378,4259850,2490378,0,0,0.0465303,0.04653042,0.0,0.0,2490378,4325386,2490378,0,0,0.0023768675,0.002376866,0.0,0.0,1,1,0,0,50,50,0,0,1,1,0,0,50,50,0,0
1049375493,2490378,4259850,2490378,0,0,0.04789705,0.047897022,0.0,0.0,2490378,4325386,2490378,0,0,0.0031658506,0.0031658525,0.0,0.0,1,1,0,0,50,50,0,0,1,1,0,0,50,50,0,0
1049574557,2490378,4259850,2490378,0,0,0.044207152,0.044207152,0.0,0.0,2490378,4325386,2490378,0,0,0.0026929905,0.002692991,0.0,0.0,1,1,0,0,50,50,0,0,1,1,0,0,50,50,0,0
1049778598,2490378,4259850,2490378,0,0,0.050691485,0.050691593,0.0,0.0,2490378,4325386,2490378,0,0,0.0031383017,0.0031383021,0.0,0.0,1,1,0,0,50,50,0,0,1,1,0,0,50,50,0,0
1049977666,2490378,4259850,2490378,0,0,0.04291985,0.042919878,0.0,0.0,2490378,4325386,2490378,0,0,0.0026085875,0.0026085875,0.0,0.0,1,1,0,0,50,50,0,0,1,1,0,0,50,50,0,0
1050176730,2490378,4259850,2490378,0,0,0.0333926,0.033392597,0.0,0.0,2490378,4325386,2490378,0,0,0.002620247,0.002620246,0.0,0.0,1,1,0,0,50,50,0,0,1,1,0,0,50,50,0,0
1050375826,2490378,4259850,2490378,0,0,0.039085027,0.03908508,0.0,0.0,2490378,4325386,2490378,0,0,0.0029519233,0.0029519245,0.0,0.0,1,1,0,0,50,50,0,0,1,1,0,0,50,50,0,0
1050574862,2490378,4259850,2490378,0,0,0.038476933,0.038476963,0.0,0.0,2490378,4325386,2490378,0,0,0.0023399603,0.0023399608,0.0,0.0,1,1,0,0,50,50,0,0,1,1,0,0,50,50,0,0
1050773956,2490378,4259850,2490378,0,0,0.0200589,0.020058898,0.0,0.0,2490378,4325386,2490378,0,0,0.0029658228,0.0029658244,0.0,0.0,1,1,0,0,50,50,0,0,1,1,0,0,50,50,0,0
1050972990,2490378,4259850,2490378,0,0,0.027570708,0.027570684,0.0,0.0,2490378,4325386,2490378,0,0,0.0021494837,0.0021494834,0.0,0.0,1,1,0,0,50,50,0,0,1,1,0,0,50,50,0,0
1051177036,2490378,4259850,2490378,0,0,0.02226943,0.022269443,0.0,0.0,2490378,4325386,2490378,0,0,0.002453941,0.0024539407,0.0,0.0,1,1,0,0,50,50,0,0,1,1,0,0,50,50,0,0
1051376098,2490378,4259850,2490378,0,0,0.06826383,0.06826382,0.0,0.0,2490378,4325386,2490378,0,0,0.0031729748,0.0031729743,0.0,0.0,1,1,0,0,50,50,0,0,1,1,0,0,50,50,0,0
1051575188,2490378,4259850,2490378,0,0,0.04097611,0.040976103,0.0,0.0,2490378,4325386,2490378,0,0,0.004239562,0.004239563,0.0,0.0,1,1,0,0,50,50,0,0,1,1,0,0,50,50,0,0
1051774227,2490378,4259850,2490378,0,0,0.020954018,0.020954028,0.0,0.0,2490378,4325386,2490378,0,0,0.0019471262,0.001947127,0.0,0.0,1,1,0,0,50,50,0,0,1,1,0,0,50,50,0,0
1051973290,2490378,4259850,2490378,0,0,0.09569833,0.09569831,0.0,0.0,2490378,4325386,2490378,0,0,0.0014898202,0.0014898215,0.0,0.0,1,1,0,0,50,50,0,0,1,1,0,0,50,50,0,0
1052172389,2490378,4259850,2490378,0,0,0.094840415,0.094840445,0.0,0.0,2490378,4325386,2490378,0,0,0.0030394888,0.003039489,0.0,0.0,1,1,0,0,50,50,0,0,1,1,0,0,50,50,0,0
1052371423,2490378,4259850,2490378,0,0,0.04574047,0.04574048,0.0,0.0,2490378,4325386,2490378,0,0,0.0026763743,0.0026763745,0.0,0.0,1,1,0,0,50,50,0,0,1,1,0,0,50,50,0,0
1052575718,2490378,4259850,2490378,0,0,0.043762483,0.043762505,0.0,0.0,2490378,4325386,2490378,0,0,0.002967406,0.002967405,0.0,0.0,1,1,0,0,50,50,0,0,1,1,0,0,50,50,0,0
1052774532,2490378,4259850,2490378,0,0,0.043509077,0.04350891,0.0,0.0,2490378,4325386,2490378,0,0,0.0015385728,0.0015385736,0.0,0.0,1,1,0,0,50,50,0,0,1,1,0,0,50,50,0,0
1052973597,2490378,4259850,2490378,0,0,0.030598732,0.030598775,0.0,0.0,2490378,4325386,2490378,0,0,0.004161384,0.0041613835,0.0,0.0,1,1,0,0,50,50,0,0,1,1,0,0,50,50,0,0
1053172691,2490378,4259850,2490378,0,0,0.039296467,0.039296538,0.0,0.0,2490378,4325386,2490378,0,0,0.0031048425,0.0031048437,0.0,0.0,1,1,0,0,50,50,0,0,1,1,0,0,50,50,0,0
1053376737,2490378,4259850,2490378,0,0,0.03279223,0.032792233,0.0,0.0,2490378,4325386,2490378,0,0,0.0013394852,0.0013394853,0.0,0.0,1,1,0,0,50,50,0,0,1,1,0,0,50,50,0,0
1053575775,2490378,4259850,2490378,0,0,0.061011873,0.061011795,0.0,0.0,2490378,4325386,2490378,0,0,0.002378032,0.002378032,0.0,0.0,1,1,0,0,50,50,0,0,1,1,0,0,50,50,0,0
1053774855,2490378,4259850,2490378,0,0,0.05221848,0.052218456,0.0,0.0,2490378,4325386,2490378,0,0,0.003989021,0.0039890213,0.0,0.0,1,1,0,0,50,50,0,0,1,1,0,0,50,50,0,0
1053978880,2490378,4259850,2490378,0,0,0.07613985,0.076139845,0.0,0.0,2490378,4325386,2490378,0,0,0.0017625181,0.0017625191,0.0,0.0,1,1,0,0,50,50,0,0,1,1,0,0,50,50,0,0
1054177947,2490378,4259850,2490378,0,0,0.026933393,0.02693335,0.0,0.0,2490378,4325386,2490378,0,0,0.0011764627,0.0011764631,0.0,0.0,1,1,0,0,50,50,0,0,1,1,0,0,50,50,0,0
1054377010,2490378,4259850,2490378,0,0,0.04383223,0.043832228,0.0,0.0,2490378,4325386,2490378,0,0,0.0030832205,0.0030832211,0.0,0.0,1,1,0,0,50,50,0,0,1,1,0,0,50,50,0,0
1054576091,2490378,4259850,2490378,0,0,0.064496756,0.064496756,0.0,0.0,2490378,4325386,2490378,0,0,0.0033800707,0.0033800718,0.0,0.0,1,1,0,0,50,50,0,0,1,1,0,0,50,50,0,0
1054775520,2490378,4259850,2490378,0,0,0.05061235,0.050612353,0.0,0.0,2490378,4325386,2490378,0,0,0.0029699306,0.0029699313,0.0,0.0,1,1,0,0,50,50,0,0,1,1,0,0,50,50,0,0
1054974207,2490378,4259850,2490378,0,0,0.043109242,0.043109223,0.0,0.0,2490378,4325386,2490378,0,0,0.0023058695,0.0023058697,0.0,0.0,1,1,0,0,50,50,0,0,1,1,0,0,50,50,0,0
1055173272,2490378,4259850,2490378,0,0,0.039647467,0.03964747,0.0,0.0,2490378,4325386,2490378,0,0,0.0033035106,0.003303511,0.0,0.0,1,1,0,0,50,50,0,0,1,1,0,0,50,50,0,0
1055377345,2490378,4259850,2490378,0,0,0.019330235,0.019330231,0.0,0.0,2490378,4325386,2490378,0,0,0.0028026414,0.0028026411,0.0,0.0,1,1,0,0,50,50,0,0,1,1,0,0,50,50,0,0
1055576385,2490378,4259850,2490378,0,0,0.012533806,0.012533797,0.0,0.0,2490378,4325386,2490378,0,0,0.002461072,0.0024610716,0.0,0.0,1,1,0,0,50,50,0,0,1,1,0,0,50,50,0,0
1055775448,2490378,4259850,2490378,0,0,0.021916758,0.021916766,0.0,0.0,2490378,4325386,2490378,0,0,0.0023216459,0.0023216454,0.0,0.0,1,1,0,0,50,50,0,0,1,1,0,0,50,50,0,0
1055974557,2490378,4259850,2490378,0,0,0.027493076,0.027493073,0.0,0.0,2490378,4325386,2490378,0,0,0.0027049936,0.0027049931,0.0,0.0,1,1,0,0,50,50,0,0,1,1,0,0,50,50,0,0
1056173609,2490378,4259850,2490378,0,0,0.031686794,0.03168681,0.0,0.0,2490378,4325386,2490378,0,0,0.0028496897,0.0028496897,0.0,0.0,1,1,0,0,50,50,0,0,1,1,0,0,50,50,0,0
1056372648,2490378,4259850,2490378,0,0,0.0039655403,0.0039654113,0.0,0.0,2490378,4325386,2490378,0,0,0.002170343,0.002170343,0.0,0.0,1,1,0,0,50,50,0,0,1,1,0,0,50,50,0,0
1056571736,2490378,4259850,2490378,0,0,0.021434618,0.021434577,0.0,0.0,2490378,4325386,2490378,0,0,0.002158866,0.0021588656,0.0,0.0,1,1,0,0,50,50,0,0,1,1,0,0,50,50,0,0
1056775752,2490378,4259850,2490378,0,0,0.027445894,0.027445877,0.0,0.0,2490378,4325386,2490378,0,0,0.0028810753,0.0028810755,0.0,0.0,1,1,0,0,50,50,0,0,1,1,0,0,50,50,0,0
1056974899,2490378,4259850,2490378,0,0,0.03103585,0.031035861,0.0,0.0,2490378,4325386,2490378,0,0,0.002459033,0.0024590327,0.0,0.0,1,1,0,0,50,50,0,0,1,1,0,0,50,50,0,0
1057173884,2490378,4259850,2490378,0,0,0.018124908,0.018124906,0.0,0.0,2490378,4325386,2490378,0,0,0.0026948324,0.002694833,0.0,0.0,1,1,0,0,50,50,0,0,1,1,0,0,50,50,0,0
1057372950,2490378,4259850,2490378,0,0,0.01418306,0.014183047,0.0,0.0,2490378,4325386,2490378,0,0,0.003682155,0.0036821554,0.0,0.0,1,1,0,0,50,50,0,0,1,1,0,0,50,50,0,0
1057577004,2490378,4259850,2490378,0,0,0.034411255,0.034411266,0.0,0.0,2490378,4325386,2490378,0,0,0.0024129655,0.0024129665,0.0,0.0,1,1,0,0,50,50,0,0,1,1,0,0,50,50,0,0
1057776087,2490378,4259850,2490378,0,0,0.040711,0.040711,0.0,0.0,2490378,4325386,2490378,0,0,0.00260084,0.0026008391,0.0,0.0,1,1,0,0,50,50,0,0,1,1,0,0,50,50,0,0
1057975124,2490378,4259850,2490378,0,0,0.04386018,0.04386017,0.0,0.0,2490378,4325386,2490378,0,0,0.0032386754,0.003238675,0.0,0.0,1,1,0,0,50,50,0,0,1,1,0,0,50,50,0,0
1058174218,2490378,4259850,2490378,0,0,0.048858237,0.048858136,0.0,0.0,2490378,4325386,2490378,0,0,0.002672454,0.0026724536,0.0,0.0,1,1,0,0,50,50,0,0,1,1,0,0,50,50,0,0
1058378228,2490378,4259850,2490378,0,0,0.06746501,0.067464925,0.0,0.0,2490378,4325386,2490378,0,0,0.0027521765,0.002752176,0.0,0.0,1,1,0,0,50,50,0,0,1,1,0,0,50,50,0,0
1058577297,2490378,4259850,2490378,0,0,0.042427644,0.04242768,0.0,0.0,2490378,4325386,2490378,0,0,0.002728647,0.0027286469,0.0,0.0,1,1,0,0,50,50,0,0,1,1,0,0,50,50,0,0
1058776364,2490378,4259850,2490378,0,0,0.037854236,0.037854254,0.0,0.0,2490378,4325386,2490378,0,0,0.0028559493,0.0028559493,0.0,0.0,1,1,0,0,50,50,0,0,1,1,0,0,50,50,0,0
1058975429,2490378,4259850,2490378,0,0,0.055782627,0.055782583,0.0,0.0,2490378,4325386,2490378,0,0,0.002832412,0.002832413,0.0,0.0,1,1,0,0,50,50,0,0,1,1,0,0,50,50,0,0
1059174500,2490378,4259850,2490378,0,0,0.048930798,0.048930794,0.0,0.0,2490378,4325386,2490378,0,0,0.0028395476,0.0028395469,0.0,0.0,1,1,0,0,50,50,0,0,1,1,0,0,50,50,0,0
1059373608,2490378,4259850,2490378,0,0,0.047247164,0.047247138,0.0,0.0,2490378,4325386,2490378,0,0,0.003131207,0.003131208,0.0,0.0,1,1,0,0,50,50,0,0,1,1,0,0,50,50,0,0
1059577604,2490378,4259850,2490378,0,0,0.052004196,0.052004218,0.0,0.0,2490378,4325386,2490378,0,0,0.0029415563,0.0029415563,0.0,0.0,1,1,0,0,50,50,0,0,1,1,0,0,50,50,0,0
1059776681,2490378,4259850,2490378,0,0,0.047252115,0.04725209,0.0,0.0,2490378,4325386,2490378,0,0,0.0023256652,0.0023256652,0.0,0.0,1,1,0,0,50,50,0,0,1,1,0,0,50,50,0,0
1059975737,2490378,4259850,2490378,0,0,0.056767646,0.056767587,0.0,0.0,2490378,4325386,2490378,0,0,0.0023968068,0.0023968064,0.0,0.0,1,1,0,0,50,50,0,0,1,1,0,0,50,50,0,0
1060174820,2490378,4259850,2490378,0,0,0.08006094,0.080060944,0.0,0.0,2490378,4325386,2490378,0,0,0.0026403177,0.0026403167,0.0,0.0,1,1,0,0,50,50,0,0,1,1,0,0,50,50,0,0
1060374076,2490378,4259850,2490378,0,0,0.03598078,0.035980783,0.0,0.0,2490378,4325386,2490378,0,0,0.0024718696,0.0024718689,0.0,0.0,1,1,0,0,50,50,0,0,1,1,0,0,50,50,0,0
1060572933,2490378,4259850,2490378,0,0,0.049898904,0.049898885,0.0,0.0,2490378,4325386,2490378,0,0,0.0031245265,0.0031245265,0.0,0.0,1,1,0,0,50,50,0,0,1,1,0,0,50,50,0,0
1060772033,2490378,4259850,2490378,0,0,0.060924917,0.060924903,0.0,0.0,2490378,4325386,2490378,0,0,0.0028262571,0.002826257,0.0,0.0,1,1,0,0,50,50,0,0,1,1,0,0,50,50,0,0
1060976071,2490378,4259850,2490378,0,0,0.04210756,0.042107575,0.0,0.0,2490378,4325386,2490378,0,0,0.0028176508,0.0028176513,0.0,0.0,1,1,0,0,50,50,0,0,1,1,0,0,50,50,0,0
1061175110,2490378,4259850,2490378,0,0,0.03025647,0.030256469,0.0,0.0,2490378,4325386,2490378,0,0,0.002069851,0.002069851,0.0,0.0,1,1,0,0,50,50,0,0,1,1,0,0,50,50,0,0
1061374179,2490378,4259850,2490378,0,0,0.027652027,0.02765202,0.0,0.0,2490378,4325386,2490378,0,0,0.0023231208,0.0023231208,0.0,0.0,1,1,0,0,50,50,0,0,1,1,0,0,50,50,0,0
1061573268,2490378,4259850,2490378,0,0,0.032641985,0.032641996,0.0,0.0,2490378,4325386,2490378,0,0,0.0033880286,0.0033880286,0.0,0.0,1,1,0,0,50,50,0,0,1,1,0,0,50,50,0,0
1061772308,2490378,4259850,2490378,0,0,0.044373296,0.0443733,0.0,0.0,2490378,4325386,2490378,0,0,0.0028153767,0.002815377,0.0,0.0,1,1,0,0,50,50,0,0,1,1,0,0,50,50,0,0
1061976348,2490378,4259850,2490378,0,0,0.02640175,0.026401756,0.0,0.0,2490378,4325386,2490378,0,0,0.0026913404,0.0026913404,0.0,0.0,1,1,0,0,50,50,0,0,1,1,0,0,50,50,0,0
1062175415,2490378,4259850,2490378,0,0,0.0279833,0.027983284,0.0,0.0,2490378,4325386,2490378,0,0,0.0021780166,0.0021780168,0.0,0.0,1,1,0,0,50,50,0,0,1,1,0,0,50,50,0,0
1062374525,2490378,4259850,2490378,0,0,0.03269149,0.03269149,0.0,0.0,2490378,4325386,2490378,0,0,0.0029232793,0.0029232798,0.0,0.0,1,1,0,0,50,50,0,0,1,1,0,0,50,50,0,0
1062578529,2490378,4259850,2490378,0,0,0.04464032,0.04464029,0.0,0.0,2490378,4325386,2490378,0,0,0.002888262,0.0028882625,0.0,0.0,1,1,0,0,50,50,0,0,1,1,0,0,50,50,0,0
1062777592,2490378,4259850,2490378,0,0,0.03580971,0.035809774,0.0,0.0,2490378,4325386,2490378,0,0,0.0016227562,0.0016227562,0.0,0.0,1,1,0,0,50,50,0,0,1,1,0,0,50,50,0,0
1062976663,2490378,4259850,2490378,0,0,0.03984952,0.039849542,0.0,0.0,2490378,4325386,2490378,0,0,0.0013067032,0.0013067025,0.0,0.0,1,1,0,0,50,50,0,0,1,1,0,0,50,50,0,0
1063175782,2490378,4259850,2490378,0,0,0.037158236,0.03715821,0.0,0.0,2490378,4325386,2490378,0,0,0.0034854924,0.0034854915,0.0,0.0,1,1,0,0,50,50,0,0,1,1,0,0,50,50,0,0
1063374791,2490378,4259850,2490378,0,0,0.053832375,0.053832352,0.0,0.0,2490378,4325386,2490378,0,0,0.0033291513,0.003329151,0.0,0.0,1,1,0,0,50,50,0,0,1,1,0,0,50,50,0,0
1063573859,2490378,4259850,2490378,0,0,0.046461295,0.046461284,0.0,0.0,2490378,4325386,2490378,0,0,0.0027101154,0.0027101142,0.0,0.0,1,1,0,0,50,50,0,0,1,1,0,0,50,50,0,0
1063777931,2490378,4259850,2490378,0,0,0.042154685,0.042154793,0.0,0.0,2490378,4325386,2490378,0,0,0.002788559,0.0027885586,0.0,0.0,1,1,0,0,50,50,0,0,1,1,0,0,50,50,0,0
1063976964,2490378,4259850,2490378,0,0,0.02943904,0.02943902,0.0,0.0,2490378,4325386,2490378,0,0,0.004311777,0.0043117767,0.0,0.0,1,1,0,0,50,50,0,0,1,1,0,0,50,50,0,0
1064176062,2490378,4259850,2490378,0,0,0.045348283,0.045348298,0.0,0.0,2490378,4325386,2490378,0,0,0.0027043931,0.002704395,0.0,0.0,1,1,0,0,50,50,0,0,1,1,0,0,50,50,0,0
1064375099,2490378,4259850,2490378,0,0,0.04331033,0.043310307,0.0,0.0,2490378,4325386,2490378,0,0,0.0010959972,0.0010959975,0.0,0.0,1,1,0,0,50,50,0,0,1,1,0,0,50,50,0,0
1064574168,2490378,4259850,2490378,0,0,0.033178426,0.033178404,0.0,0.0,2490378,4325386,2490378,0,0,0.0025695453,0.0025695476,0.0,0.0,1,1,0,0,50,50,0,0,1,1,0,0,50,50,0,0
1064773232,2490378,4259850,2490378,0,0,0.028491352,0.028491357,0.0,0.0,2490378,4325386,2490378,0,0,0.0031560203,0.0031560205,0.0,0.0,1,1,0,0,50,50,0,0,1,1,0,0,50,50,0,0
1064972296,2490378,4259850,2490378,0,0,0.03188918,0.03188914,0.0,0.0,2490378,4325386,2490378,0,0,0.0023710378,0.0023710378,0.0,0.0,1,1,0,0,50,50,0,0,1,1,0,0,50,50,0,0
1065176344,2490378,4259850,2490378,0,0,0.03840594,0.03840596,0.0,0.0,2490378,4325386,2490378,0,0,0.002144401,0.0021444014,0.0,0.0,1,1,0,0,50,50,0,0,1,1,0,0,50,50,0,0
1065375434,2490378,4259850,2490378,0,0,0.030362902,0.030362884,0.0,0.0,2490378,4325386,2490378,0,0,0.0030761776,0.0030761769,0.0,0.0,1,1,0,0,50,50,0,0,1,1,0,0,50,50,0,0
1065574479,2490378,4259850,2490378,0,0,0.033457637,0.033457633,0.0,0.0,2490378,4325386,2490378,0,0,0.003613796,0.0036137963,0.0,0.0,1,1,0,0,50,50,0,0,1,1,0,0,50,50,0,0
1065773547,2490378,4259850,2490378,0,0,0.030633071,0.03063305,0.0,0.0,2490378,4325386,2490378,0,0,0.0029773312,0.0029773319,0.0,0.0,1,1,0,0,50,50,0,0,1,1,0,0,50,50,0,0
1065972639,2490378,4259850,2490378,0,0,0.033152346,0.033152353,0.0,0.0,2490378,4325386,2490378,0,0,0.002716364,0.002716364,0.0,0.0,1,1,0,0,50,50,0,0,1,1,0,0,50,50,0,0
1066171675,2490378,4259850,2490378,0,0,0.033226047,0.03322594,0.0,0.0,2490378,4325386,2490378,0,0,0.0020859041,0.0020859044,0.0,0.0,1,1,0,0,50,50,0,0,1,1,0,0,50,50,0,0
1066375714,2490378,4259850,2490378,0,0,0.030173626,0.03017363,0.0,0.0,2490378,4325386,2490378,0,0,0.002691669,0.0026916687,0.0,0.0,1,1,0,0,50,50,0,0,1,1,0,0,50,50,0,0
1066574805,2490378,4259850,2490378,0,0,0.039779037,0.039779026,0.0,0.0,2490378,4325386,2490378,0,0,0.0024168633,0.0024168624,0.0,0.0,1,1,0,0,50,50,0,0,1,1,0,0,50,50,0,0
1066773851,2490378,4259850,2490378,0,0,0.034388095,0.0343881,0.0,0.0,2490378,4325386,2490378,0,0,0.0023177117,0.0023177112,0.0,0.0,1,1,0,0,50,50,0,0,1,1,0,0,50,50,0,0
1066977901,2490378,4259850,2490378,0,0,0.02615128,0.026151236,0.0,0.0,2490378,4325386,2490378,0,0,0.0021230625,0.0021230623,0.0,0.0,1,1,0,0,50,50,0,0,1,1,0,0,50,50,0,0
1067176989,2490378,4259850,2490378,0,0,0.03830737,0.03830735,0.0,0.0,2490378,4325386,2490378,0,0,0.002398332,0.0023983328,0.0,0.0,1,1,0,0,50,50,0,0,1,1,0,0,50,50,0,0
1067376049,2490378,4259850,2490378,0,0,0.07046783,0.07046784,0.0,0.0,2490378,4325386,2490378,0,0,0.0045791017,0.004579102,0.0,0.0,1,1,0,0,50,50,0,0,1,1,0,0,50,50,0,0
1067575091,2490378,4259850,2490378,0,0,0.09604257,0.09604256,0.0,0.0,2490378,4325386,2490378,0,0,0.0028251105,0.002825109,0.0,0.0,1,1,0,0,50,50,0,0,1,1,0,0,50,50,0,0
1067774152,2490378,4259850,2490378,0,0,0.052713078,0.0527131,0.0,0.0,2490378,4325386,2490378,0,0,0.0016344175,0.0016344172,0.0,0.0,1,1,0,0,50,50,0,0,1,1,0,0,50,50,0,0
1067978202,2490378,4259850,2490378,0,0,0.1054412,0.10544122,0.0,0.0,2490378,4325386,2490378,0,0,0.0035111927,0.003511191,0.0,0.0,1,1,0,0,50,50,0,0,1,1,0,0,50,50,0,0
1068177266,2490378,4259850,2490378,0,0,0.11654774,0.11654773,0.0,0.0,2490378,4325386,2490378,0,0,0.003348141,0.0033481407,0.0,0.0,1,1,0,0,50,50,0,0,1,1,0,0,50,50,0,0
1068376334,2490378,4259850,2490378,0,0,0.091109425,0.0911094,0.0,0.0,2490378,4325386,2490378,0,0,0.0024339368,0.0024339373,0.0,0.0,1,1,0,0,50,50,0,0,1,1,0,0,50,50,0,0
1068575403,2490378,4259850,2490378,0,0,0.05270672,0.05270677,0.0,0.0,2490378,4325386,2490378,0,0,0.0020788724,0.0020788722,0.0,0.0,1,1,0,0,50,50,0,0,1,1,0,0,50,50,0,0
1068774506,2490378,4259850,2490378,0,0,0.10980478,0.1098048,0.0,0.0,2490378,4325386,2490378,0,0,0.0037067642,0.0037067651,0.0,0.0,1,1,0,0,50,50,0,0,1,1,0,0,50,50,0,0
1068973546,2490378,4259850,2490378,0,0,0.12824407,0.12824406,0.0,0.0,2490378,4325386,2490378,0,0,0.003150533,0.0031505332,0.0,0.0,1,1,0,0,50,50,0,0,1,1,0,0,50,50,0,0
1069172605,2490378,4259850,2490378,0,0,0.1294635,0.12946346,0.0,0.0,2490378,4325386,2490378,0,0,0.00273088,0.00273088,0.0,0.0,1,1,0,0,50,50,0,0,1,1,0,0,50,50,0,0
1069376649,2490378,4259850,2490378,0,0,0.111928806,0.111928806,0.0,0.0,2490378,4325386,2490378,0,0,0.0016494312,0.0016494317,0.0,0.0,1,1,0,0,50,50,0,0,1,1,0,0,50,50,0,0
1069575714,2490378,4259850,2490378,0,0,0.13248561,0.13248558,0.0,0.0,2490378,4325386,2490378,0,0,0.0028804878,0.0028804871,0.0,0.0,1,1,0,0,50,50,0,0,1,1,0,0,50,50,0,0
1069774780,2490378,4259850,2490378,0,0,0.12885849,0.1288585,0.0,0.0,2490378,4325386,2490378,0,0,0.003469043,0.0034690413,0.0,0.0,1,1,0,0,50,50,0,0,1,1,0,0,50,50,0,0
1069973851,2490378,4259850,2490378,0,0,0.11110806,0.111108065,0.0,0.0,2490378,4325386,2490378,0,0,0.0026309744,0.0026309744,0.0,0.0,1,1,0,0,50,50,0,0,1,1,0,0,50,50,0,0
1070172914,2490378,4259850,2490378,0,0,0.11582912,0.11582913,0.0,0.0,2490378,4325386,2490378,0,0,0.0019256048,0.0019256047,0.0,0.0,1,1,0,0,50,50,0,0,1,1,0,0,50,50,0,0
1070372012,2490378,4259850,2490378,0,0,0.105721734,0.10572174,0.0,0.0,2490378,4325386,2490378,0,0,0.0024596248,0.002459625,0.0,0.0,1,1,0,0,50,50,0,0,1,1,0,0,50,50,0,0
1070576026,2490378,4259850,2490378,0,0,0.09362094,0.093620926,0.0,0.0,2490378,4325386,2490378,0,0,0.0023429806,0.0023429815,0.0,0.0,1,1,0,0,50,50,0,0,1,1,0,0,50,50,0,0
1070775090,2490378,4259850,2490378,0,0,0.10902171,0.10902169,0.0,0.0,2490378,4325386,2490378,0,0,0.0021754617,0.002175462,0.0,0.0,1,1,0,0,50,50,0,0,1,1,0,0,50,50,0,0
1070974187,2490378,4259850,2490378,0,0,0.11120023,0.11120022,0.0,0.0,2490378,4325386,2490378,0,0,0.0025819934,0.002581993,0.0,0.0,1,1,0,0,50,50,0,0,1,1,0,0,50,50,0,0
1071173228,2490378,4259850,2490378,0,0,0.10182574,0.10182569,0.0,0.0,2490378,4325386,2490378,0,0,0.0028904309,0.0028904309,0.0,0.0,1,1,0,0,50,50,0,0,1,1,0,0,50,50,0,0
1071377271,2490378,4259850,2490378,0,0,0.11244825,0.11244827,0.0,0.0,2490378,4325386,2490378,0,0,0.0024575193,0.002457521,0.0,0.0,1,1,0,0,50,50,0,0,1,1,0,0,50,50,0,0
1071576365,2490378,4259850,2490378,0,0,0.11420883,0.114208825,0.0,0.0,2490378,4325386,2490378,0,0,0.0030003325,0.0030003332,0.0,0.0,1,1,0,0,50,50,0,0,1,1,0,0,50,50,0,0
1071775420,2490378,4259850,2490378,0,0,0.1340264,0.13402641,0.0,0.0,2490378,4325386,2490378,0,0,0.0022883401,0.0022883401,0.0,0.0,1,1,0,0,50,50,0,0,1,1,0,0,50,50,0,0
1071974471,2490378,4259850,2490378,0,0,0.098716065,0.09871607,0.0,0.0,2490378,4325386,2490378,0,0,0.0026914494,0.0026914496,0.0,0.0,1,1,0,0,50,50,0,0,1,1,0,0,50,50,0,0
1072178543,2490378,4259850,2490378,0,0,0.1166076,0.1166076,0.0,0.0,2490378,4325386,2490378,0,0,0.002786957,0.002786957,0.0,0.0,1,1,0,0,50,50,0,0,1,1,0,0,50,50,0,0
1072377580,2490378,4259850,2490378,0,0,0.123391934,0.12339192,0.0,0.0,2490378,4325386,2490378,0,0,0.0028851102,0.0028851104,0.0,0.0,1,1,0,0,50,50,0,0,1,1,0,0,50,50,0,0
1072576650,2490378,4259850,2490378,0,0,0.111192234,0.111192234,0.0,0.0,2490378,4325386,2490378,0,0,0.0025412801,0.0025412813,0.0,0.0,1,1,0,0,50,50,0,0,1,1,0,0,50,50,0,0
1072775715,2490378,4259850,2490378,0,0,0.12002642,0.12002642,0.0,0.0,2490378,4325386,2490378,0,0,0.0039231344,0.0039231353,0.0,0.0,1,1,0,0,50,50,0,0,1,1,0,0,50,50,0,0
1072974780,2490378,4259850,2490378,0,0,0.12509441,0.1250944,0.0,0.0,2490378,4325386,2490378,0,0,0.0027065505,0.002706551,0.0,0.0,1,1,0,0,50,50,0,0,1,1,0,0,50,50,0,0
1073173851,2490378,4259850,2490378,0,0,0.11648875,0.11648877,0.0,0.0,2490378,4325386,2490378,0,0,0.0031142263,0.0031142265,0.0,0.0,1,1,0,0,50,50,0,0,1,1,0,0,50,50,0,0
1073372915,2490378,4259850,2490378,0,0,0.12507349,0.12507349,0.0,0.0,2490378,4325386,2490378,0,0,0.0028377017,0.0028377017,0.0,0.0,1,1,0,0,50,50,0,0,1,1,0,0,50,50,0,0
1073576988,2490378,4259850,2490378,0,0,0.1158439,0.1158439,0.0,0.0,2490378,4325386,2490378,0,0,0.0031540405,0.0031540408,0.0,0.0,1,1,0,0,50,50,0,0,1,1,0,0,50,50,0,0
1073776057,2490378,4259850,2490378,0,0,0.110725425,0.11072543,0.0,0.0,2490378,4325386,2490378,0,0,0.0025155963,0.002515597,0.0,0.0,1,1,0,0,50,50,0,0,1,1,0,0,50,50,0,0
1073975095,2490378,4259850,2490378,0,0,0.115739174,0.11573917,0.0,0.0,2490378,4325386,2490378,0,0,0.0029877916,0.0029877916,0.0,0.0,1,1,0,0,50,50,0,0,1,1,0,0,50,50,0,0
1074174170,2490378,4259850,2490378,0,0,0.12899648,0.12899648,0.0,0.0,2490378,4325386,2490378,0,0,0.0024267358,0.0024267356,0.0,0.0,1,1,0,0,50,50,0,0,1,1,0,0,50,50,0,0
1074373250,2490378,4259850,2490378,0,0,0.114720844,0.114720844,0.0,0.0,2490378,4325386,2490378,0,0,0.0022206341,0.0022206337,0.0,0.0,1,1,0,0,50,50,0,0,1,1,0,0,50,50,0,0
1074572295,2490378,4259850,2490378,0,0,0.11441921,0.11441919,0.0,0.0,2490378,4325386,2490378,0,0,0.0022490819,0.0022490816,0.0,0.0,1,1,0,0,50,50,0,0,1,1,0,0,50,50,0,0
1074771365,2490378,4259850,2490378,0,0,0.10846143,0.108461425,0.0,0.0,2490378,4325386,2490378,0,0,0.0023493795,0.0023493795,0.0,0.0,1,1,0,0,50,50,0,0,1,1,0,0,50,50,0,0
1074975453,2490378,4259850,2490378,0,0,0.116656505,0.116656505,0.0,0.0,2490378,4325386,2490378,0,0,0.0024444114,0.0024444112,0.0,0.0,1,1,0,0,50,50,0,0,1,1,0,0,50,50,0,0
1075174476,2490378,4259850,2490378,0,0,0.12767552,0.12767553,0.0,0.0,2490378,4325386,2490378,0,0,0.0026339274,0.0026339274,0.0,0.0,1,1,0,0,50,50,0,0,1,1,0,0,50,50,0,0
1075373567,2490378,4259850,2490378,0,0,0.12679099,0.12679097,0.0,0.0,2490378,4325386,2490378,0,0,0.0033935714,0.0033935716,0.0,0.0,1,1,0,0,50,50,0,0,1,1,0,0,50,50,0,0
1075572695,2490378,4259850,2490378,0,0,0.12227626,0.12227627,0.0,0.0,2490378,4325386,2490378,0,0,0.0030809417,0.0030809403,0.0,0.0,1,1,0,0,50,50,0,0,1,1,0,0,50,50,0,0
1075776678,2490378,4259850,2490378,0,0,0.09865846,0.09865844,0.0,0.0,2490378,4325386,2490378,0,0,0.0027094777,0.0027094765,0.0,0.0,1,1,0,0,50,50,0,0,1,1,0,0,50,50,0,0
1075975722,2490378,4259850,2490378,0,0,0.11591051,0.115910515,0.0,0.0,2490378,4325386,2490378,0,0,0.0025434429,0.0025434426,0.0,0.0,1,1,0,0,50,50,0,0,1,1,0,0,50,50,0,0
1076174794,2490378,4259850,2490378,0,0,0.12415415,0.124154165,0.0,0.0,2490378,4325386,2490378,0,0,0.0021190553,0.0021190553,0.0,0.0,1,1,0,0,50,50,0,0,1,1,0,0,50,50,0,0
1076378835,2490378,4259850,2490378,0,0,0.1252447,0.12524472,0.0,0.0,2490378,4325386,2490378,0,0,0.0026393647,0.0026393645,0.0,0.0,1,1,0,0,50,50,0,0,1,1,0,0,50,50,0,0
1076578008,2490378,4259850,2490378,0,0,0.061416604,0.061416604,0.0,0.0,2490378,4325386,2490378,0,0,0.0030773925,0.0030773927,0.0,0.0,1,1,0,0,50,50,0,0,1,1,0,0,50,50,0,0
1076776984,2490378,4259850,2490378,0,0,0.12112828,0.12112829,0.0,0.0,2490378,4325386,2490378,0,0,0.0032134484,0.003213449,0.0,0.0,1,1,0,0,50,50,0,0,1,1,0,0,50,50,0,0
1076976065,2490378,4259850,2490378,0,0,0.1290949,0.1290949,0.0,0.0,2490378,4325386,2490378,0,0,0.0032395928,0.0032395923,0.0,0.0,1,1,0,0,50,50,0,0,1,1,0,0,50,50,0,0
1077175111,2490378,4259850,2490378,0,0,0.10462468,0.10462468,0.0,0.0,2490378,4325386,2490378,0,0,0.0021348116,0.0021348118,0.0,0.0,1,1,0,0,50,50,0,0,1,1,0,0,50,50,0,0
1077374171,2490378,4259850,2490378,0,0,0.03437256,0.034372587,0.0,0.0,2490378,4325386,2490378,0,0,0.0022634617,0.0022634612,0.0,0.0,1,1,0,0,50,50,0,0,1,1,0,0,50,50,0,0
1077573240,2490378,4259850,2490378,0,0,0.07838135,0.078381315,0.0,0.0,2490378,4325386,2490378,0,0,0.0037579287,0.0037579287,0.0,0.0,1,1,0,0,50,50,0,0,1,1,0,0,50,50,0,0
1077777283,2490378,4259850,2490378,0,0,0.12647595,0.12647595,0.0,0.0,2490378,4325386,2490378,0,0,0.0034090169,0.0034090169,0.0,0.0,1,1,0,0,50,50,0,0,1,1,0,0,50,50,0,0
1077976381,2490378,4259850,2490378,0,0,0.12913255,0.12913258,0.0,0.0,2490378,4325386,2490378,0,0,0.0026092425,0.0026092425,0.0,0.0,1,1,0,0,50,50,0,0,1,1,0,0,50,50,0,0
1078175421,2490378,4259850,2490378,0,0,0.11833756,0.11833757,0.0,0.0,2490378,4325386,2490378,0,0,0.0026231112,0.00262311,0.0,0.0,1,1,0,0,50,50,0,0,1,1,0,0,50,50,0,0
1078374486,2490378,4259850,2490378,0,0,0.060389303,0.06038933,0.0,0.0,2490378,4325386,2490378,0,0,0.003305628,0.0033056277,0.0,0.0,1,1,0,0,50,50,0,0,1,1,0,0,50,50,0,0
1078573584,2490378,4259850,2490378,0,0,0.11485931,0.11485935,0.0,0.0,2490378,4325386,2490378,0,0,0.0028317145,0.0028317152,0.0,0.0,1,1,0,0,50,50,0,0,1,1,0,0,50,50,0,0
1078772673,2490378,4259850,2490378,0,0,0.13269898,0.132699,0.0,0.0,2490378,4325386,2490378,0,0,0.0032597764,0.0032597764,0.0,0.0,1,1,0,0,50,50,0,0,1,1,0,0,50,50,0,0
1078971694,2490378,4259850,2490378,0,0,0.07756104,0.077561066,0.0,0.0,2490378,4325386,2490378,0,0,0.0030898529,0.0030898524,0.0,0.0,1,1,0,0,50,50,0,0,1,1,0,0,50,50,0,0
1079175736,2490378,4259850,2490378,0,0,0.044872556,0.04487254,0.0,0.0,2490378,4325386,2490378,0,0,0.0030488307,0.0030488307,0.0,0.0,1,1,0,0,50,50,0,0,1,1,0,0,50,50,0,0
1079374832,2490378,4259850,2490378,0,0,0.11187263,0.11187263,0.0,0.0,2490378,4325386,2490378,0,0,0.0026088248,0.0026088248,0.0,0.0,1,1,0,0,50,50,0,0,1,1,0,0,50,50,0,0
1079573872,2490378,4259850,2490378,0,0,0.10865555,0.10865556,0.0,0.0,2490378,4325386,2490378,0,0,0.0025815484,0.0025815486,0.0,0.0,1,1,0,0,50,50,0,0,1,1,0,0,50,50,0,0
1079772944,2490378,4259850,2490378,0,0,0.13253978,0.13253976,0.0,0.0,2490378,4325386,2490378,0,0,0.0029773898,0.0029773898,0.0,0.0,1,1,0,0,50,50,0,0,1,1,0,0,50,50,0,0
1079976985,2490378,4259850,2490378,0,0,0.13431668,0.13431671,0.0,0.0,2490378,4325386,2490378,0,0,0.0027310296,0.0027310296,0.0,0.0,1,1,0,0,50,50,0,0,1,1,0,0,50,50,0,0
1080176047,2490378,4259850,2490378,0,0,0.08222976,0.08222977,0.0,0.0,2490378,4325386,2490378,0,0,0.0032949152,0.0032949154,0.0,0.0,1,1,0,0,50,50,0,0,1,1,0,0,50,50,0,0
1080375132,2490378,4259850,2490378,0,0,0.041732922,0.04173293,0.0,0.0,2490378,4325386,2490378,0,0,0.0029841613,0.0029841615,0.0,0.0,1,1,0,0,50,50,0,0,1,1,0,0,50,50,0,0
1080574185,2490378,4259850,2490378,0,0,0.08431392,0.084313914,0.0,0.0,2490378,4325386,2490378,0,0,0.0034902713,0.00349027,0.0,0.0,1,1,0,0,50,50,0,0,1,1,0,0,50,50,0,0
1080778230,2490378,4259850,2490378,0,0,0.13029043,0.13029042,0.0,0.0,2490378,4325386,2490378,0,0,0.0037302156,0.0037302154,0.0,0.0,1,1,0,0,50,50,0,0,1,1,0,0,50,50,0,0
1080977297,2490378,4259850,2490378,0,0,0.13123971,0.13123973,0.0,0.0,2490378,4325386,2490378,0,0,0.0026964815,0.0026964822,0.0,0.0,1,1,0,0,50,50,0,0,1,1,0,0,50,50,0,0
1081176367,2490378,4259850,2490378,0,0,0.055410728,0.05541073,0.0,0.0,2490378,4325386,2490378,0,0,0.002552749,0.0025527491,0.0,0.0,1,1,0,0,50,50,0,0,1,1,0,0,50,50,0,0
1081375479,2490378,4259850,2490378,0,0,0.091837764,0.09183776,0.0,0.0,2490378,4325386,2490378,0,0,0.002987661,0.002987661,0.0,0.0,1,1,0,0,50,50,0,0,1,1,0,0,50,50,0,0
1081574565,2490378,4259850,2490378,0,0,0.12865248,0.12865248,0.0,0.0,2490378,4325386,2490378,0,0,0.002244022,0.0022440217,0.0,0.0,1,1,0,0,50,50,0,0,1,1,0,0,50,50,0,0
1081773596,2490378,4259850,2490378,0,0,0.07815673,0.07815673,0.0,0.0,2490378,4325386,2490378,0,0,0.0027269593,0.0027269593,0.0,0.0,1,1,0,0,50,50,0,0,1,1,0,0,50,50,0,0
1081977636,2490378,4259850,2490378,0,0,0.039948057,0.039948046,0.0,0.0,2490378,4325386,2490378,0,0,0.0020509218,0.0020509223,0.0,0.0,1,1,0,0,50,50,0,0,1,1,0,0,50,50,0,0
1082176715,2490378,4259850,2490378,0,0,0.10104254,0.10104254,0.0,0.0,2490378,4325386,2490378,0,0,0.0024232354,0.0024232352,0.0,0.0,1,1,0,0,50,50,0,0,1,1,0,0,50,50,0,0
1082375752,2490378,4259850,2490378,0,0,0.11785084,0.117850855,0.0,0.0,2490378,4325386,2490378,0,0,0.0026980273,0.0026980273,0.0,0.0,1,1,0,0,50,50,0,0,1,1,0,0,50,50,0,0
1082574845,2490378,4259850,2490378,0,0,0.055749822,0.05574983,0.0,0.0,2490378,4325386,2490378,0,0,0.003100338,0.0031003382,0.0,0.0,1,1,0,0,50,50,0,0,1,1,0,0,50,50,0,0
1082773912,2490378,4259850,2490378,0,0,0.046226826,0.046226818,0.0,0.0,2490378,4325386,2490378,0,0,0.0022912212,0.002291221,0.0,0.0,1,1,0,0,50,50,0,0,1,1,0,0,50,50,0,0
1082972961,2490378,4259850,2490378,0,0,0.08772674,0.08772671,0.0,0.0,2490378,4325386,2490378,0,0,0.004028836,0.004028836,0.0,0.0,1,1,0,0,50,50,0,0,1,1,0,0,50,50,0,0
1083172023,2490378,4259850,2490378,0,0,0.12002757,0.120027564,0.0,0.0,2490378,4325386,2490378,0,0,0.002777615,0.0027776163,0.0,0.0,1,1,0,0,50,50,0,0,1,1,0,0,50,50,0,0
1083376070,2490378,4259850,2490378,0,0,0.12319464,0.123194635,0.0,0.0,2490378,4325386,2490378,0,0,0.0019430023,0.0019430021,0.0,0.0,1,1,0,0,50,50,0,0,1,1,0,0,50,50,0,0
1083575141,2490378,4259850,2490378,0,0,0.11270904,0.11270908,0.0,0.0,2490378,4325386,2490378,0,0,0.0024485695,0.0024485707,0.0,0.0,1,1,0,0,50,50,0,0,1,1,0,0,50,50,0,0
1083774204,2490378,4259850,2490378,0,0,0.1047992,0.1047992,0.0,0.0,2490378,4325386,2490378,0,0,0.0026604428,0.0026604426,0.0,0.0,1,1,0,0,50,50,0,0,1,1,0,0,50,50,0,0
1083973272,2490378,4259850,2490378,0,0,0.12981315,0.12981318,0.0,0.0,2490378,4325386,2490378,0,0,0.004545569,0.0045455713,0.0,0.0,1,1,0,0,50,50,0,0,1,1,0,0,50,50,0,0
1084172348,2490378,4259850,2490378,0,0,0.040804338,0.0408043,0.0,0.0,2490378,4325386,2490378,0,0,0.0023943123,0.0023943111,0.0,0.0,1,1,0,0,50,50,0,0,1,1,0,0,50,50,0,0
1084376415,2490378,4259850,2490378,0,0,0.096951395,0.0969514,0.0,0.0,2490378,4325386,2490378,0,0,0.0028377625,0.0028377615,0.0,0.0,1,1,0,0,50,50,0,0,1,1,0,0,50,50,0,0
1084575455,2490378,4259850,2490378,0,0,0.08479426,0.08479434,0.0,0.0,2490378,4325386,2490378,0,0,0.0026891027,0.0026891027,0.0,0.0,1,1,0,0,50,50,0,0,1,1,0,0,50,50,0,0
1084774524,2490378,4259850,2490378,0,0,0.12099926,0.12099926,0.0,0.0,2490378,4325386,2490378,0,0,0.0032767698,0.0032767702,0.0,0.0,1,1,0,0,50,50,0,0,1,1,0,0,50,50,0,0
1084973608,2490378,4259850,2490378,0,0,0.120854646,0.120854676,0.0,0.0,2490378,4325386,2490378,0,0,0.0028351066,0.002835107,0.0,0.0,1,1,0,0,50,50,0,0,1,1,0,0,50,50,0,0
1085177640,2490378,4259850,2490378,0,0,0.08151321,0.08151318,0.0,0.0,2490378,4325386,2490378,0,0,0.0022319374,0.002231938,0.0,0.0,1,1,0,0,50,50,0,0,1,1,0,0,50,50,0,0
1085376706,2490378,4259850,2490378,0,0,0.11273628,0.11273627,0.0,0.0,2490378,4325386,2490378,0,0,0.002522567,0.0025225668,0.0,0.0,1,1,0,0,50,50,0,0,1,1,0,0,50,50,0,0
1085575773,2490378,4259850,2490378,0,0,0.14017577,0.14017577,0.0,0.0,2490378,4325386,2490378,0,0,0.0033951332,0.0033951334,0.0,0.0,1,1,0,0,50,50,0,0,1,1,0,0,50,50,0,0
1085774843,2490378,4259850,2490378,0,0,0.07184481,0.07184481,0.0,0.0,2490378,4325386,2490378,0,0,0.0030168518,0.0030168525,0.0,0.0,1,1,0,0,50,50,0,0,1,1,0,0,50,50,0,0
1085973913,2490378,4259850,2490378,0,0,0.11187484,0.11187485,0.0,0.0,2490378,4325386,2490378,0,0,0.0027028027,0.0027028038,0.0,0.0,1,1,0,0,50,50,0,0,1,1,0,0,50,50,0,0
1086177989,2490378,4259850,2490378,0,0,0.12667522,0.1266752,0.0,0.0,2490378,4325386,2490378,0,0,0.0032838632,0.0032838634,0.0,0.0,1,1,0,0,50,50,0,0,1,1,0,0,50,50,0,0
1086377053,2490378,4259850,2490378,0,0,0.13054843,0.13054843,0.0,0.0,2490378,4325386,2490378,0,0,0.0035212026,0.003521203,0.0,0.0,1,1,0,0,50,50,0,0,1,1,0,0,50,50,0,0
1086576092,2490378,4259850,2490378,0,0,0.12379482,0.12379483,0.0,0.0,2490378,4325386,2490378,0,0,0.0024846357,0.002484636,0.0,0.0,1,1,0,0,50,50,0,0,1,1,0,0,50,50,0,0
1086775168,2490378,4259850,2490378,0,0,0.12320036,0.12320036,0.0,0.0,2490378,4325386,2490378,0,0,0.0027554238,0.002755424,0.0,0.0,1,1,0,0,50,50,0,0,1,1,0,0,50,50,0,0
1086974231,2490378,4259850,2490378,0,0,0.13046469,0.13046467,0.0,0.0,2490378,4325386,2490378,0,0,0.00255434,0.00255434,0.0,0.0,1,1,0,0,50,50,0,0,1,1,0,0,50,50,0,0
1087173329,2490378,4259850,2490378,0,0,0.13664229,0.13664228,0.0,0.0,2490378,4325386,2490378,0,0,0.0029502376,0.0029502374,0.0,0.0,1,1,0,0,50,50,0,0,1,1,0,0,50,50,0,0
1087372377,2490378,4259850,2490378,0,0,0.13214512,0.1321451,0.0,0.0,2490378,4325386,2490378,0,0,0.002477112,0.0024771127,0.0,0.0,1,1,0,0,50,50,0,0,1,1,0,0,50,50,0,0
1087576427,2490378,4259850,2490378,0,0,0.12573206,0.12573206,0.0,0.0,2490378,4325386,2490378,0,0,0.002368431,0.0023684313,0.0,0.0,1,1,0,0,50,50,0,0,1,1,0,0,50,50,0,0
1087775482,2490378,4259850,2490378,0,0,0.13323788,0.13323787,0.0,0.0,2490378,4325386,2490378,0,0,0.0032390403,0.0032390403,0.0,0.0,1,1,0,0,50,50,0,0,1,1,0,0,50,50,0,0
1087974549,2490378,4259850,2490378,0,0,0.13521358,0.13521363,0.0,0.0,2490378,4325386,2490378,0,0,0.0026765335,0.0026765338,0.0,0.0,1,1,0,0,50,50,0,0,1,1,0,0,50,50,0,0
1088173669,2490378,4259850,2490378,0,0,0.13225253,0.13225253,0.0,0.0,2490378,4325386,2490378,0,0,0.0027346958,0.0027346965,0.0,0.0,1,1,0,0,50,50,0,0,1,1,0,0,50,50,0,0
1088372712,2490378,4259850,2490378,0,0,0.12677146,0.12677148,0.0,0.0,2490378,4325386,2490378,0,0,0.0030618212,0.003061821,0.0,0.0,1,1,0,0,50,50,0,0,1,1,0,0,50,50,0,0
1088571759,2490378,4259850,2490378,0,0,0.13500778,0.13500778,0.0,0.0,2490378,4325386,2490378,0,0,0.0026526824,0.0026526826,0.0,0.0,1,1,0,0,50,50,0,0,1,1,0,0,50,50,0,0
1088775801,2490378,4259850,2490378,0,0,0.13132994,0.13132994,0.0,0.0,2490378,4325386,2490378,0,0,0.0025892933,0.0025892938,0.0,0.0,1,1,0,0,50,50,0,0,1,1,0,0,50,50,0,0
1088974883,2490378,4259850,2490378,0,0,0.12983991,0.12983991,0.0,0.0,2490378,4325386,2490378,0,0,0.0027111562,0.0027111562,0.0,0.0,1,1,0,0,50,50,0,0,1,1,0,0,50,50,0,0
1089173940,2490378,4259850,2490378,0,0,0.13595305,0.13595305,0.0,0.0,2490378,4325386,2490378,0,0,0.002908518,0.0029085183,0.0,0.0,1,1,0,0,50,50,0,0,1,1,0,0,50,50,0,0
1089378163,2490378,4259850,2490378,0,0,0.13288367,0.13288364,0.0,0.0,2490378,4325386,2490378,0,0,0.0030236568,0.003023657,0.0,0.0,1,1,0,0,50,50,0,0,1,1,0,0,50,50,0,0
1089577053,2490378,4259850,2490378,0,0,0.13126855,0.13126855,0.0,0.0,2490378,4325386,2490378,0,0,0.0022331928,0.002233193,0.0,0.0,1,1,0,0,50,50,0,0,1,1,0,0,50,50,0,0
1089776121,2490378,4259850,2490378,0,0,0.12884833,0.12884834,0.0,0.0,2490378,4325386,2490378,0,0,0.0025623112,0.002562311,0.0,0.0,1,1,0,0,50,50,0,0,1,1,0,0,50,50,0,0
1089975243,2490378,4259850,2490378,0,0,0.12298438,0.1229844,0.0,0.0,2490378,4325386,2490378,0,0,0.0025610968,0.002561097,0.0,0.0,1,1,0,0,50,50,0,0,1,1,0,0,50,50,0,0
1090174288,2490378,4259850,2490378,0,0,0.12917106,0.12917106,0.0,0.0,2490378,4325386,2490378,0,0,0.0032403849,0.0032403842,0.0,0.0,1,1,0,0,50,50,0,0,1,1,0,0,50,50,0,0
1090378308,2490378,4259850,2490378,0,0,0.1281421,0.12814212,0.0,0.0,2490378,4325386,2490378,0,0,0.002581767,0.0025817668,0.0,0.0,1,1,0,0,50,50,0,0,1,1,0,0,50,50,0,0
1090577383,2490378,4259850,2490378,0,0,0.12892972,0.1289297,0.0,0.0,2490378,4325386,2490378,0,0,0.0024218112,0.0024218115,0.0,0.0,1,1,0,0,50,50,0,0,1,1,0,0,50,50,0,0
1090776444,2490378,4259850,2490378,0,0,0.13005905,0.13005906,0.0,0.0,2490378,4325386,2490378,0,0,0.0026452288,0.0026452288,0.0,0.0,1,1,0,0,50,50,0,0,1,1,0,0,50,50,0,0
1090975513,2490378,4259850,2490378,0,0,0.1362162,0.1362162,0.0,0.0,2490378,4325386,2490378,0,0,0.0038701002,0.0038700998,0.0,0.0,1,1,0,0,50,50,0,0,1,1,0,0,50,50,0,0
1091174585,2490378,4259850,2490378,0,0,0.12666577,0.12666577,0.0,0.0,2490378,4325386,2490378,0,0,0.0026813408,0.002681341,0.0,0.0,1,1,0,0,50,50,0,0,1,1,0,0,50,50,0,0
1091373656,2490378,4259850,2490378,0,0,0.12376276,0.12376276,0.0,0.0,2490378,4325386,2490378,0,0,0.0027280317,0.002728032,0.0,0.0,1,1,0,0,50,50,0,0,1,1,0,0,50,50,0,0
1091572722,2490378,4259850,2490378,0,0,0.12384305,0.12384306,0.0,0.0,2490378,4325386,2490378,0,0,0.0029544125,0.002954412,0.0,0.0,1,1,0,0,50,50,0,0,1,1,0,0,50,50,0,0
1091776766,2490378,4259850,2490378,0,0,0.13233054,0.13233054,0.0,0.0,2490378,4325386,2490378,0,0,0.0035087613,0.0035087625,0.0,0.0,1,1,0,0,50,50,0,0,1,1,0,0,50,50,0,0
1091975857,2490378,4259850,2490378,0,0,0.1255217,0.1255217,0.0,0.0,2490378,4325386,2490378,0,0,0.0029658522,0.002965852,0.0,0.0,1,1,0,0,50,50,0,0,1,1,0,0,50,50,0,0
1092174937,2490378,4259850,2490378,0,0,0.12163717,0.121637166,0.0,0.0,2490378,4325386,2490378,0,0,0.0022884377,0.0022884377,0.0,0.0,1,1,0,0,50,50,0,0,1,1,0,0,50,50,0,0
1092373976,2490378,4259850,2490378,0,0,0.12496463,0.12496464,0.0,0.0,2490378,4325386,2490378,0,0,0.0024942094,0.002494211,0.0,0.0,1,1,0,0,50,50,0,0,1,1,0,0,50,50,0,0
1092573045,2490378,4259850,2490378,0,0,0.072853,0.07285299,0.0,0.0,2490378,4325386,2490378,0,0,0.0030134919,0.0030134923,0.0,0.0,1,1,0,0,50,50,0,0,1,1,0,0,50,50,0,0
1092772151,2490378,4259850,2490378,0,0,0.075885706,0.0758857,0.0,0.0,2490378,4325386,2490378,0,0,0.0024640146,0.0024640146,0.0,0.0,1,1,0,0,50,50,0,0,1,1,0,0,50,50,0,0
1092971184,2490378,4259850,2490378,0,0,0.08738013,0.087380156,0.0,0.0,2490378,4325386,2490378,0,0,0.0023028895,0.0023028897,0.0,0.0,1,1,0,0,50,50,0,0,1,1,0,0,50,50,0,0
1093175228,2490378,4259850,2490378,0,0,0.068149306,0.06814934,0.0,0.0,2490378,4325386,2490378,0,0,0.0040528807,0.0040528798,0.0,0.0,1,1,0,0,50,50,0,0,1,1,0,0,50,50,0,0
1093374298,2490378,4259850,2490378,0,0,0.055415493,0.055415448,0.0,0.0,2490378,4325386,2490378,0,0,0.0025731307,0.0025731304,0.0,0.0,1,1,0,0,50,50,0,0,1,1,0,0,50,50,0,0
1093573366,2490378,4259850,2490378,0,0,0.07002417,0.07002417,0.0,0.0,2490378,4325386,2490378,0,0,0.0031699315,0.0031699317,0.0,0.0,1,1,0,0,50,50,0,0,1,1,0,0,50,50,0,0
1093777416,2490378,4259850,2490378,0,0,0.10055316,0.10055317,0.0,0.0,2490378,4325386,2490378,0,0,0.0023406376,0.0023406378,0.0,0.0,1,1,0,0,50,50,0,0,1,1,0,0,50,50,0,0
1093976518,2490378,4259850,2490378,0,0,0.12219476,0.122194774,0.0,0.0,2490378,4325386,2490378,0,0,0.0033244013,0.0033244013,0.0,0.0,1,1,0,0,50,50,0,0,1,1,0,0,50,50,0,0
1094175584,2490378,4259850,2490378,0,0,0.120960206,0.120960206,0.0,0.0,2490378,4325386,2490378,0,0,0.0029429216,0.0029429218,0.0,0.0,1,1,0,0,50,50,0,0,1,1,0,0,50,50,0,0
1094374624,2490378,4259850,2490378,0,0,0.10887272,0.10887273,0.0,0.0,2490378,4325386,2490378,0,0,0.0025498893,0.0025498895,0.0,0.0,1,1,0,0,50,50,0,0,1,1,0,0,50,50,0,0
1094578672,2490378,4259850,2490378,0,0,0.10707033,0.10707033,0.0,0.0,2490378,4325386,2490378,0,0,0.002532301,0.0025323012,0.0,0.0,1,1,0,0,50,50,0,0,1,1,0,0,50,50,0,0
1094777739,2490378,4259850,2490378,0,0,0.11435602,0.114355974,0.0,0.0,2490378,4325386,2490378,0,0,0.0028473213,0.0028473213,0.0,0.0,1,1,0,0,50,50,0,0,1,1,0,0,50,50,0,0
1094976839,2490378,4259850,2490378,0,0,0.07505183,0.0750518,0.0,0.0,2490378,4325386,2490378,0,0,0.003274723,0.0032747244,0.0,0.0,1,1,0,0,50,50,0,0,1,1,0,0,50,50,0,0
1095175973,2490378,4259850,2490378,0,0,0.03955414,0.03955415,0.0,0.0,2490378,4325386,2490378,0,0,0.0028092673,0.0028092682,0.0,0.0,1,1,0,0,50,50,0,0,1,1,0,0,50,50,0,0
1095374951,2490378,4259850,2490378,0,0,0.016429551,0.016429495,0.0,0.0,2490378,4325386,2490378,0,0,0.0027540978,0.0027540997,0.0,0.0,1,1,0,0,50,50,0,0,1,1,0,0,50,50,0,0
1095574037,2490378,4259850,2490378,0,0,0.03226559,0.032265607,0.0,0.0,2490378,4325386,2490378,0,0,0.0031350302,0.0031350304,0.0,0.0,1,1,0,0,50,50,0,0,1,1,0,0,50,50,0,0
1095773086,2490378,4259850,2490378,0,0,0.03683445,0.03683432,0.0,0.0,2490378,4325386,2490378,0,0,0.0035407308,0.0035407294,0.0,0.0,1,1,0,0,50,50,0,0,1,1,0,0,50,50,0,0
1095977132,2490378,4259850,2490378,0,0,0.0348345,0.034834504,0.0,0.0,2490378,4325386,2490378,0,0,0.002750425,0.002750425,0.0,0.0,1,1,0,0,50,50,0,0,1,1,0,0,50,50,0,0
1096176250,2490378,4259850,2490378,0,0,0.036222335,0.036222328,0.0,0.0,2490378,4325386,2490378,0,0,0.0016027341,0.0016027337,0.0,0.0,1,1,0,0,50,50,0,0,1,1,0,0,50,50,0,0
1096375301,2490378,4259850,2490378,0,0,0.042413764,0.042413797,0.0,0.0,2490378,4325386,2490378,0,0,0.0014899728,0.001489974,0.0,0.0,1,1,0,0,50,50,0,0,1,1,0,0,50,50,0,0
1096574352,2490378,4259850,2490378,0,0,0.03691224,0.036912233,0.0,0.0,2490378,4325386,2490378,0,0,0.0039240206,0.003924019,0.0,0.0,1,1,0,0,50,50,0,0,1,1,0,0,50,50,0,0
1096773417,2490378,4259850,2490378,0,0,0.031367186,0.031367123,0.0,0.0,2490378,4325386,2490378,0,0,0.00331296,0.0033129605,0.0,0.0,1,1,0,0,50,50,0,0,1,1,0,0,50,50,0,0
1096972483,2490378,4259850,2490378,0,0,0.032469295,0.032469247,0.0,0.0,2490378,4325386,2490378,0,0,0.0030547061,0.0030547068,0.0,0.0,1,1,0,0,50,50,0,0,1,1,0,0,50,50,0,0
1097171552,2490378,4259850,2490378,0,0,0.0382306,0.03823051,0.0,0.0,2490378,4325386,2490378,0,0,0.0030539667,0.0030539662,0.0,0.0,1,1,0,0,50,50,0,0,1,1,0,0,50,50,0,0
1097375599,2490378,4259850,2490378,0,0,0.04343875,0.0434388,0.0,0.0,2490378,4325386,2490378,0,0,0.0035335026,0.003533504,0.0,0.0,1,1,0,0,50,50,0,0,1,1,0,0,50,50,0,0
1097574670,2490378,4259850,2490378,0,0,0.03537208,0.03537213,0.0,0.0,2490378,4325386,2490378,0,0,0.0036269864,0.0036269869,0.0,0.0,1,1,0,0,50,50,0,0,1,1,0,0,50,50,0,0
1097773766,2490378,4259850,2490378,0,0,0.030991677,0.03099162,0.0,0.0,2490378,4325386,2490378,0,0,0.003148573,0.003148573,0.0,0.0,1,1,0,0,50,50,0,0,1,1,0,0,50,50,0,0
1097972809,2490378,4259850,2490378,0,0,0.023944382,0.023944404,0.0,0.0,2490378,4325386,2490378,0,0,0.0029901664,0.0029901674,0.0,0.0,1,1,0,0,50,50,0,0,1,1,0,0,50,50,0,0
1098176858,2490378,4259850,2490378,0,0,0.025390629,0.025390657,0.0,0.0,2490378,4325386,2490378,0,0,0.0029960452,0.0029960445,0.0,0.0,1,1,0,0,50,50,0,0,1,1,0,0,50,50,0,0
1098375922,2490378,4259850,2490378,0,0,0.030918797,0.030918844,0.0,0.0,2490378,4325386,2490378,0,0,0.0029004598,0.0029004589,0.0,0.0,1,1,0,0,50,50,0,0,1,1,0,0,50,50,0,0
1098575020,2490378,4259850,2490378,0,0,0.0346477,0.034647763,0.0,0.0,2490378,4325386,2490378,0,0,0.002413503,0.002413504,0.0,0.0,1,1,0,0,50,50,0,0,1,1,0,0,50,50,0,0
1098779072,2490378,4259850,2490378,0,0,0.03427841,0.034278437,0.0,0.0,2490378,4325386,2490378,0,0,0.0033217377,0.0033217384,0.0,0.0,1,1,0,0,50,50,0,0,1,1,0,0,50,50,0,0
1098978113,2490378,4259850,2490378,0,0,0.028768571,0.028768582,0.0,0.0,2490378,4325386,2490378,0,0,0.0032581831,0.0032581831,0.0,0.0,1,1,0,0,50,50,0,0,1,1,0,0,50,50,0,0
1099177197,2490378,4259850,2490378,0,0,0.026776796,0.026776746,0.0,0.0,2490378,4325386,2490378,0,0,0.0029337688,0.002933769,0.0,0.0,1,1,0,0,50,50,0,0,1,1,0,0,50,50,0,0
1099376254,2490378,4259850,2490378,0,0,0.027264465,0.02726448,0.0,0.0,2490378,4325386,2490378,0,0,0.0033282477,0.0033282468,0.0,0.0,1,1,0,0,50,50,0,0,1,1,0,0,50,50,0,0
1099575321,2490378,4259850,2490378,0,0,0.03059024,0.030590247,0.0,0.0,2490378,4325386,2490378,0,0,0.0026881117,0.002688115,0.0,0.0,1,1,0,0,50,50,0,0,1,1,0,0,50,50,0,0
1099774390,2490378,4259850,2490378,0,0,0.040657237,0.040657263,0.0,0.0,2490378,4325386,2490378,0,0,0.0018150993,0.0018150967,0.0,0.0,1,1,0,0,50,50,0,0,1,1,0,0,50,50,0,0
1099973484,2490378,4259850,2490378,0,0,0.0425956,0.04259562,0.0,0.0,2490378,4325386,2490378,0,0,0.00256102,0.0025610207,0.0,0.0,1,1,0,0,50,50,0,0,1,1,0,0,50,50,0,0
1100177508,2490378,4259850,2490378,0,0,0.03500268,0.03500266,0.0,0.0,2490378,4325386,2490378,0,0,0.0035039152,0.0035039121,0.0,0.0,1,1,0,0,50,50,0,0,1,1,0,0,50,50,0,0
1100376581,2490378,4259850,2490378,0,0,0.026718535,0.026718568,0.0,0.0,2490378,4325386,2490378,0,0,0.003317828,0.0033178278,0.0,0.0,1,1,0,0,50,50,0,0,1,1,0,0,50,50,0,0
1100575682,2490378,4259850,2490378,0,0,0.061140507,0.06114051,0.0,0.0,2490378,4325386,2490378,0,0,0.0031517793,0.0031517793,0.0,0.0,1,1,0,0,50,50,0,0,1,1,0,0,50,50,0,0
1100774725,2490378,4259850,2490378,0,0,0.03890336,0.03890335,0.0,0.0,2490378,4325386,2490378,0,0,0.002753441,0.0027534412,0.0,0.0,1,1,0,0,50,50,0,0,1,1,0,0,50,50,0,0
1100973818,2490378,4259850,2490378,0,0,0.039334703,0.039334793,0.0,0.0,2490378,4325386,2490378,0,0,0.0024924993,0.0024924988,0.0,0.0,1,1,0,0,50,50,0,0,1,1,0,0,50,50,0,0
1101172892,2490378,4259850,2490378,0,0,0.069495685,0.06949574,0.0,0.0,2490378,4325386,2490378,0,0,0.0039005552,0.0039005536,0.0,0.0,1,1,0,0,50,50,0,0,1,1,0,0,50,50,0,0
1101371930,2490378,4259850,2490378,0,0,0.1226082,0.122608215,0.0,0.0,2490378,4325386,2490378,0,0,0.0027916415,0.002791644,0.0,0.0,1,1,0,0,50,50,0,0,1,1,0,0,50,50,0,0
1101571001,2490378,4259850,2490378,0,0,0.1357538,0.1357538,0.0,0.0,2490378,4325386,2490378,0,0,0.0029065865,0.002906588,0.0,0.0,1,1,0,0,50,50,0,0,1,1,0,0,50,50,0,0
1101775049,2490378,4259850,2490378,0,0,0.13679266,0.13679269,0.0,0.0,2490378,4325386,2490378,0,0,0.0049158176,0.0049158176,0.0,0.0,1,1,0,0,50,50,0,0,1,1,0,0,50,50,0,0
1101974146,2490378,4259850,2490378,0,0,0.13894142,0.13894145,0.0,0.0,2490378,4325386,2490378,0,0,0.004297568,0.004297568,0.0,0.0,1,1,0,0,50,50,0,0,1,1,0,0,50,50,0,0
1102173188,2490378,4259850,2490378,0,0,0.12829864,0.12829866,0.0,0.0,2490378,4325386,2490378,0,0,0.0034750223,0.0034750223,0.0,0.0,1,1,0,0,50,50,0,0,1,1,0,0,50,50,0,0
1102372258,2490378,4259850,2490378,0,0,0.12058882,0.12058884,0.0,0.0,2490378,4325386,2490378,0,0,0.0027699138,0.0027699133,0.0,0.0,1,1,0,0,50,50,0,0,1,1,0,0,50,50,0,0
1102576308,2490378,4259850,2490378,0,0,0.10975607,0.10975606,0.0,0.0,2490378,4325386,2490378,0,0,0.0029379448,0.0029379446,0.0,0.0,1,1,0,0,50,50,0,0,1,1,0,0,50,50,0,0
1102775391,2490378,4259850,2490378,0,0,0.12450621,0.12450622,0.0,0.0,2490378,4325386,2490378,0,0,0.0027863947,0.0027863947,0.0,0.0,1,1,0,0,50,50,0,0,1,1,0,0,50,50,0,0
1102974447,2490378,4259850,2490378,0,0,0.11932843,0.11932842,0.0,0.0,2490378,4325386,2490378,0,0,0.00388301,0.00388301,0.0,0.0,1,1,0,0,50,50,0,0,1,1,0,0,50,50,0,0
1103178497,2490378,4259850,2490378,0,0,0.08443726,0.084437266,0.0,0.0,2490378,4325386,2490378,0,0,0.0032853337,0.003285334,0.0,0.0,1,1,0,0,50,50,0,0,1,1,0,0,50,50,0,0
1103377584,2490378,4259850,2490378,0,0,0.1138561,0.11385609,0.0,0.0,2490378,4325386,2490378,0,0,0.003434718,0.0034347177,0.0,0.0,1,1,0,0,50,50,0,0,1,1,0,0,50,50,0,0
1103576639,2490378,4259850,2490378,0,0,0.09733773,0.09733772,0.0,0.0,2490378,4325386,2490378,0,0,0.0023280769,0.0023280766,0.0,0.0,1,1,0,0,50,50,0,0,1,1,0,0,50,50,0,0
1103775719,2490378,4259850,2490378,0,0,0.0737426,0.07374263,0.0,0.0,2490378,4325386,2490378,0,0,0.0026321306,0.0026321306,0.0,0.0,1,1,0,0,50,50,0,0,1,1,0,0,50,50,0,0
1103974822,2490378,4259850,2490378,0,0,0.07522459,0.07522458,0.0,0.0,2490378,4325386,2490378,0,0,0.0026541764,0.0026541767,0.0,0.0,1,1,0,0,50,50,0,0,1,1,0,0,50,50,0,0
1104173854,2490378,4259850,2490378,0,0,0.0784194,0.07841942,0.0,0.0,2490378,4325386,2490378,0,0,0.0028026856,0.0028026851,0.0,0.0,1,1,0,0,50,50,0,0,1,1,0,0,50,50,0,0
1104377897,2490378,4259850,2490378,0,0,0.0942896,0.09428961,0.0,0.0,2490378,4325386,2490378,0,0,0.0037844756,0.0037844756,0.0,0.0,1,1,0,0,50,50,0,0,1,1,0,0,50,50,0,0
1104576984,2490378,4259850,2490378,0,0,0.08417992,0.084179915,0.0,0.0,2490378,4325386,2490378,0,0,0.003346984,0.003346984,0.0,0.0,1,1,0,0,50,50,0,0,1,1,0,0,50,50,0,0
1104776038,2490378,4259850,2490378,0,0,0.0805999,0.08059987,0.0,0.0,2490378,4325386,2490378,0,0,0.0019799839,0.0019799843,0.0,0.0,1,1,0,0,50,50,0,0,1,1,0,0,50,50,0,0
1104975302,2490378,4259850,2490378,0,0,0.08192233,0.081922345,0.0,0.0,2490378,4325386,2490378,0,0,0.0031655615,0.0031655678,0.0,0.0,1,1,0,0,50,50,0,0,1,1,0,0,50,50,0,0
1105174181,2490378,4259850,2490378,0,0,0.10200757,0.102007546,0.0,0.0,2490378,4325386,2490378,0,0,0.002627285,0.0026272875,0.0,0.0,1,1,0,0,50,50,0,0,1,1,0,0,50,50,0,0
1105373250,2490378,4259850,2490378,0,0,0.10287359,0.102873586,0.0,0.0,2490378,4325386,2490378,0,0,0.001209842,0.0012098422,0.0,0.0,1,1,0,0,50,50,0,0,1,1,0,0,50,50,0,0
1105572346,2490378,4259850,2490378,0,0,0.09015638,0.09015639,0.0,0.0,2490378,4325386,2490378,0,0,0.0029094021,0.0029093982,0.0,0.0,1,1,0,0,50,50,0,0,1,1,0,0,50,50,0,0
1105776369,2490378,4259850,2490378,0,0,0.10042333,0.100423336,0.0,0.0,2490378,4325386,2490378,0,0,0.003976321,0.00397632,0.0,0.0,1,1,0,0,50,50,0,0,1,1,0,0,50,50,0,0
1105975439,2490378,4259850,2490378,0,0,0.08980878,0.08980871,0.0,0.0,2490378,4325386,2490378,0,0,0.0038303966,0.003830397,0.0,0.0,1,1,0,0,50,50,0,0,1,1,0,0,50,50,0,0
1106174574,2490378,4259850,2490378,0,0,0.08374667,0.083746634,0.0,0.0,2490378,4325386,2490378,0,0,0.002959491,0.0029594917,0.0,0.0,1,1,0,0,50,50,0,0,1,1,0,0,50,50,0,0
1106373618,2490378,4259850,2490378,0,0,0.080341734,0.08034173,0.0,0.0,2490378,4325386,2490378,0,0,0.0013718858,0.0013718845,0.0,0.0,1,1,0,0,50,50,0,0,1,1,0,0,50,50,0,0
1106572654,2490378,4259850,2490378,0,0,0.102475576,0.10247545,0.0,0.0,2490378,4325386,2490378,0,0,0.0020019824,0.002001987,0.0,0.0,1,1,0,0,50,50,0,0,1,1,0,0,50,50,0,0
1106771731,2490378,4259850,2490378,0,0,0.092699535,0.09269962,0.0,0.0,2490378,4325386,2490378,0,0,0.005080052,0.0050800536,0.0,0.0,1,1,0,0,50,50,0,0,1,1,0,0,50,50,0,0
1106975777,2490378,4259850,2490378,0,0,0.07583831,0.07583831,0.0,0.0,2490378,4325386,2490378,0,0,0.003331742,0.0033317395,0.0,0.0,1,1,0,0,50,50,0,0,1,1,0,0,50,50,0,0
1107174848,2490378,4259850,2490378,0,0,0.079431884,0.079431914,0.0,0.0,2490378,4325386,2490378,0,0,0.0029888805,0.0029888805,0.0,0.0,1,1,0,0,50,50,0,0,1,1,0,0,50,50,0,0
1107373938,2490378,4259850,2490378,0,0,0.09983814,0.09983814,0.0,0.0,2490378,4325386,2490378,0,0,0.003857783,0.0038577814,0.0,0.0,1,1,0,0,50,50,0,0,1,1,0,0,50,50,0,0
1107577967,2490378,4259850,2490378,0,0,0.08289797,0.08289799,0.0,0.0,2490378,4325386,2490378,0,0,0.0008556615,0.0008556616,0.0,0.0,1,1,0,0,50,50,0,0,1,1,0,0,50,50,0,0
1107777033,2490378,4259850,2490378,0,0,0.064500704,0.06450072,0.0,0.0,2490378,4325386,2490378,0,0,0.002437436,0.002437436,0.0,0.0,1,1,0,0,50,50,0,0,1,1,0,0,50,50,0,0
1107976104,2490378,4259850,2490378,0,0,0.10267407,0.10267403,0.0,0.0,2490378,4325386,2490378,0,0,0.0027827825,0.0027827823,0.0,0.0,1,1,0,0,50,50,0,0,1,1,0,0,50,50,0,0
1108175178,2490378,4259850,2490378,0,0,0.112149976,0.11214996,0.0,0.0,2490378,4325386,2490378,0,0,0.0028269503,0.0028269505,0.0,0.0,1,1,0,0,50,50,0,0,1,1,0,0,50,50,0,0
1108374276,2490378,4259850,2490378,0,0,0.09800201,0.09800199,0.0,0.0,2490378,4325386,2490378,0,0,0.0035686854,0.0035686854,0.0,0.0,1,1,0,0,50,50,0,0,1,1,0,0,50,50,0,0
1108578297,2490378,4259850,2490378,0,0,0.0887825,0.088782504,0.0,0.0,2490378,4325386,2490378,0,0,0.0038497518,0.0038497515,0.0,0.0,1,1,0,0,50,50,0,0,1,1,0,0,50,50,0,0
1108777384,2490378,4259850,2490378,0,0,0.08824267,0.08824269,0.0,0.0,2490378,4325386,2490378,0,0,0.0027928755,0.0027928757,0.0,0.0,1,1,0,0,50,50,0,0,1,1,0,0,50,50,0,0
1108976505,2490378,4259850,2490378,0,0,0.09129318,0.09129319,0.0,0.0,2490378,4325386,2490378,0,0,0.003436947,0.003436947,0.0,0.0,1,1,0,0,50,50,0,0,1,1,0,0,50,50,0,0
1109175513,2490378,4259850,2490378,0,0,0.07502967,0.07502966,0.0,0.0,2490378,4325386,2490378,0,0,0.003200498,0.0032005007,0.0,0.0,1,1,0,0,50,50,0,0,1,1,0,0,50,50,0,0
1109374583,2490378,4259850,2490378,0,0,0.082801126,0.08280115,0.0,0.0,2490378,4325386,2490378,0,0,0.003330912,0.0033309115,0.0,0.0,1,1,0,0,50,50,0,0,1,1,0,0,50,50,0,0
1109573664,2490378,4259850,2490378,0,0,0.1367533,0.13675332,0.0,0.0,2490378,4325386,2490378,0,0,0.0015342965,0.001534297,0.0,0.0,1,1,0,0,50,50,0,0,1,1,0,0,50,50,0,0
1109772732,2490378,4259850,2490378,0,0,0.11517454,0.115174584,0.0,0.0,2490378,4325386,2490378,0,0,0.0036973897,0.0036973897,0.0,0.0,1,1,0,0,50,50,0,0,1,1,0,0,50,50,0,0
1109976793,2490378,4259850,2490378,0,0,0.07480616,0.074806176,0.0,0.0,2490378,4325386,2490378,0,0,0.0009258239,0.00092582335,0.0,0.0,1,1,0,0,50,50,0,0,1,1,0,0,50,50,0,0
1110175845,2490378,4259850,2490378,0,0,0.1321024,0.13210241,0.0,0.0,2490378,4325386,2490378,0,0,0.0025943147,0.0025943173,0.0,0.0,1,1,0,0,50,50,0,0,1,1,0,0,50,50,0,0
1110374918,2490378,4259850,2490378,0,0,0.09856933,0.09856935,0.0,0.0,2490378,4325386,2490378,0,0,0.0032025485,0.0032025473,0.0,0.0,1,1,0,0,50,50,0,0,1,1,0,0,50,50,0,0
1110574190,2490378,4259850,2490378,0,0,0.08773481,0.08773481,0.0,0.0,2490378,4325386,2490378,0,0,0.0029698599,0.0029698596,0.0,0.0,1,1,0,0,50,50,0,0,1,1,0,0,50,50,0,0
1110773058,2490378,4259850,2490378,0,0,0.08072638,0.08072641,0.0,0.0,2490378,4325386,2490378,0,0,0.004437646,0.0044376436,0.0,0.0,1,1,0,0,50,50,0,0,1,1,0,0,50,50,0,0
1110972147,2490378,4259850,2490378,0,0,0.09262053,0.092620604,0.0,0.0,2490378,4325386,2490378,0,0,0.0018512005,0.0018511997,0.0,0.0,1,1,0,0,50,50,0,0,1,1,0,0,50,50,0,0
1111171229,2490378,4259850,2490378,0,0,0.109894626,0.109894596,0.0,0.0,2490378,4325386,2490378,0,0,0.0017075243,0.0017075263,0.0,0.0,1,1,0,0,50,50,0,0,1,1,0,0,50,50,0,0
1111375254,2490378,4259850,2490378,0,0,0.114081316,0.11408129,0.0,0.0,2490378,4325386,2490378,0,0,0.0030866044,0.003086605,0.0,0.0,1,1,0,0,50,50,0,0,1,1,0,0,50,50,0,0
1111574328,2490378,4259850,2490378,0,0,0.10123981,0.10123979,0.0,0.0,2490378,4325386,2490378,0,0,0.0026269597,0.002626961,0.0,0.0,1,1,0,0,50,50,0,0,1,1,0,0,50,50,0,0
1111773412,2490378,4259850,2490378,0,0,0.11419989,0.11419991,0.0,0.0,2490378,4325386,2490378,0,0,0.002285139,0.0022851394,0.0,0.0,1,1,0,0,50,50,0,0,1,1,0,0,50,50,0,0
1111977442,2490378,4259850,2490378,0,0,0.08353575,0.08353581,0.0,0.0,2490378,4325386,2490378,0,0,0.0040969197,0.0040969197,0.0,0.0,1,1,0,0,50,50,0,0,1,1,0,0,50,50,0,0
1112176536,2490378,4259850,2490378,0,0,0.18041652,0.18041645,0.0,0.0,2490378,4325386,2490378,0,0,0.0040680273,0.0040680277,0.0,0.0,1,1,0,0,50,50,0,0,1,1,0,0,50,50,0,0
1112375590,2490378,4259850,2490378,0,0,0.10067337,0.10067337,0.0,0.0,2490378,4325386,2490378,0,0,0.0029600996,0.0029600982,0.0,0.0,1,1,0,0,50,50,0,0,1,1,0,0,50,50,0,0
1112574664,2490378,4259850,2490378,0,0,0.1577736,0.15777367,0.0,0.0,2490378,4325386,2490378,0,0,0.0032188443,0.0032188455,0.0,0.0,1,1,0,0,50,50,0,0,1,1,0,0,50,50,0,0
1112778712,2490378,4259850,2490378,0,0,0.45695344,0.45695338,0.0,0.0,2490378,4325386,2490378,0,0,0.0046895044,0.004689506,0.0,0.0,1,1,0,0,50,50,0,0,1,1,0,0,50,50,0,0
1112977780,2490378,4259850,2490378,0,0,0.124133125,0.124133065,0.0,0.0,2490378,4325386,2490378,0,0,0.004822499,0.0048225014,0.0,0.0,1,1,0,0,50,50,0,0,1,1,0,0,50,50,0,0
1113176856,2490378,4259850,2490378,0,0,0.08600466,0.086004645,0.0,0.0,2490378,4325386,2490378,0,0,0.003716382,0.0037163843,0.0,0.0,1,1,0,0,50,50,0,0,1,1,0,0,50,50,0,0
1113375979,2490378,4259850,2490378,0,0,0.12691903,0.12691903,0.0,0.0,2490378,4325386,2490378,0,0,0.0049105175,0.0049105193,0.0,0.0,1,1,0,0,50,50,0,0,1,1,0,0,50,50,0,0
1113575001,2490378,4259850,2490378,0,0,0.27100694,0.27100685,0.0,0.0,2490378,4325386,2490378,0,0,0.009618544,0.009618543,0.0,0.0,1,1,0,0,50,50,0,0,1,1,0,0,50,50,0,0
1113774153,2490378,4259850,2490378,0,0,0.1358987,0.13589883,0.0,0.0,2490378,4325386,2490378,0,0,0.0036290197,0.00362902,0.0,0.0,1,1,0,0,50,50,0,0,1,1,0,0,50,50,0,0
1113973173,2490378,4259850,2490378,0,0,0.16446759,0.16446762,0.0,0.0,2490378,4325386,2490378,0,0,0.0033330065,0.0033330051,0.0,0.0,1,1,0,0,50,50,0,0,1,1,0,0,50,50,0,0
1114177189,2490378,4259850,2490378,0,0,0.16254766,0.16254759,0.0,0.0,2490378,4325386,2490378,0,0,0.011795155,0.011795155,0.0,0.0,1,1,0,0,50,50,0,0,1,1,0,0,50,50,0,0
1114376263,2490378,4259850,2490378,0,0,0.1685361,0.16853602,0.0,0.0,2490378,4325386,2490378,0,0,0.008940522,0.008940519,0.0,0.0,1,1,0,0,50,50,0,0,1,1,0,0,50,50,0,0
1114575335,2490378,4259850,2490378,0,0,0.3525728,0.35257292,0.0,0.0,2490378,4325386,2490378,0,0,0.016874477,0.016874483,0.0,0.0,1,1,0,0,50,50,0,0,1,1,0,0,50,50,0,0
1114774407,2490378,4259850,2490378,0,0,0.196328,0.19632813,0.0,0.0,2490378,4325386,2490378,0,0,0.0042502587,0.004250265,0.0,0.0,1,1,0,0,50,50,0,0,1,1,0,0,50,50,0,0
1114973507,2490378,4259850,2490378,0,0,0.07771743,0.077717446,0.0,0.0,2490378,4325386,2490378,0,0,0.0023944364,0.0023944362,0.0,0.0,1,1,0,0,50,50,0,0,1,1,0,0,50,50,0,0
1115172553,2490378,4259850,2490378,0,0,0.25920624,0.25920624,0.0,0.0,2490378,4325386,2490378,0,0,0.01750678,0.01750678,0.0,0.0,1,1,0,0,50,50,0,0,1,1,0,0,50,50,0,0
1115371628,2490378,4259850,2490378,0,0,0.34573582,0.34573588,0.0,0.0,2490378,4325386,2490378,0,0,0.032265358,0.032265354,0.0,0.0,1,1,0,0,50,50,0,0,1,1,0,0,50,50,0,0
1115575679,2490378,4259850,2490378,0,0,0.30252147,0.30252135,0.0,0.0,2490378,4325386,2490378,0,0,0.006840065,0.006840064,0.0,0.0,1,1,0,0,50,50,0,0,1,1,0,0,50,50,0,0
1115774746,2490378,4259850,2490378,0,0,0.21792516,0.21792527,0.0,0.0,2490378,4325386,2490378,0,0,0.015501118,0.015501131,0.0,0.0,1,1,0,0,50,50,0,0,1,1,0,0,50,50,0,0
1115973820,2490378,4259850,2490378,0,0,0.11194482,0.11194482,0.0,0.0,2490378,4325386,2490378,0,0,0.0022366382,0.0022366329,0.0,0.0,1,1,0,0,50,50,0,0,1,1,0,0,50,50,0,0
1116172906,2490378,4259850,2490378,0,0,0.19179328,0.19179325,0.0,0.0,2490378,4325386,2490378,0,0,0.02100154,0.021001535,0.0,0.0,1,1,0,0,50,50,0,0,1,1,0,0,50,50,0,0
1116376939,2490378,4259850,2490378,0,0,0.322193,0.32219297,0.0,0.0,2490378,4325386,2490378,0,0,0.017486572,0.017486576,0.0,0.0,1,1,0,0,50,50,0,0,1,1,0,0,50,50,0,0
1116576014,2490378,4259850,2490378,0,0,0.047772087,0.047772117,0.0,0.0,2490378,4325386,2490378,0,0,0.0028203945,0.0028203973,0.0,0.0,1,1,0,0,50,50,0,0,1,1,0,0,50,50,0,0
1116775107,2490378,4259850,2490378,0,0,0.64835364,0.64835376,0.0,0.0,2490378,4325386,2490378,0,0,0.04154282,0.041542828,0.0,0.0,1,1,0,0,50,50,0,0,1,1,0,0,50,50,0,0
1116974164,2490378,4259850,2490378,0,0,0.21355134,0.21355145,0.0,0.0,2490378,4325386,2490378,0,0,0.0029661912,0.0029661974,0.0,0.0,1,1,0,0,50,50,0,0,1,1,0,0,50,50,0,0
1117178212,2490378,4259850,2490378,0,0,0.095303066,0.09530308,0.0,0.0,2490378,4325386,2490378,0,0,0.0031950907,0.003195085,0.0,0.0,1,1,0,0,50,50,0,0,1,1,0,0,50,50,0,0
1117377281,2490378,4259850,2490378,0,0,0.2214109,0.22141102,0.0,0.0,2490378,4325386,2490378,0,0,0.0051809917,0.005180991,0.0,0.0,1,1,0,0,50,50,0,0,1,1,0,0,50,50,0,0
1117576353,2490378,4259850,2490378,0,0,0.12567846,0.12567845,0.0,0.0,2490378,4325386,2490378,0,0,0.0035856545,0.0035856538,0.0,0.0,1,1,0,0,50,50,0,0,1,1,0,0,50,50,0,0
1117775425,2490378,4259850,2490378,0,0,0.12292649,0.1229265,0.0,0.0,2490378,4325386,2490378,0,0,0.0051932093,0.0051932083,0.0,0.0,1,1,0,0,50,50,0,0,1,1,0,0,50,50,0,0
1117974500,2490378,4259850,2490378,0,0,0.110777035,0.11077699,0.0,0.0,2490378,4325386,2490378,0,0,0.0031647976,0.0031647964,0.0,0.0,1,1,0,0,50,50,0,0,1,1,0,0,50,50,0,0
1118173579,2490378,4259850,2490378,0,0,0.08931329,0.089313276,0.0,0.0,2490378,4325386,2490378,0,0,0.002734827,0.0027348273,0.0,0.0,1,1,0,0,50,50,0,0,1,1,0,0,50,50,0,0
1118377626,2490378,4259850,2490378,0,0,0.0793424,0.079342425,0.0,0.0,2490378,4325386,2490378,0,0,0.0033087835,0.0033087842,0.0,0.0,1,1,0,0,50,50,0,0,1,1,0,0,50,50,0,0
1118576698,2490378,4259850,2490378,0,0,0.056575548,0.056575537,0.0,0.0,2490378,4325386,2490378,0,0,0.0044235485,0.0044235494,0.0,0.0,1,1,0,0,50,50,0,0,1,1,0,0,50,50,0,0
1118775769,2490378,4259850,2490378,0,0,0.090819374,0.090819284,0.0,0.0,2490378,4325386,2490378,0,0,0.0050769052,0.005076906,0.0,0.0,1,1,0,0,50,50,0,0,1,1,0,0,50,50,0,0
1118974868,2490378,4259850,2490378,0,0,0.08027571,0.08027579,0.0,0.0,2490378,4325386,2490378,0,0,0.0038931612,0.003893162,0.0,0.0,1,1,0,0,50,50,0,0,1,1,0,0,50,50,0,0
1119173915,2490378,4259850,2490378,0,0,0.10745052,0.107450545,0.0,0.0,2490378,4325386,2490378,0,0,0.0038203245,0.003820325,0.0,0.0,1,1,0,0,50,50,0,0,1,1,0,0,50,50,0,0
1119373045,2490378,4259850,2490378,0,0,0.094140135,0.094140135,0.0,0.0,2490378,4325386,2490378,0,0,0.003331446,0.003331442,0.0,0.0,1,1,0,0,50,50,0,0,1,1,0,0,50,50,0,0
1119572101,2490378,4259850,2490378,0,0,0.0766886,0.0766886,0.0,0.0,2490378,4325386,2490378,0,0,0.005306,0.005306001,0.0,0.0,1,1,0,0,50,50,0,0,1,1,0,0,50,50,0,0
1119776138,2490378,4259850,2490378,0,0,0.099209666,0.09920971,0.0,0.0,2490378,4325386,2490378,0,0,0.001798693,0.0017986911,0.0,0.0,1,1,0,0,50,50,0,0,1,1,0,0,50,50,0,0
1119975214,2490378,4259850,2490378,0,0,0.051999234,0.05199924,0.0,0.0,2490378,4325386,2490378,0,0,0.0025959804,0.0025959846,0.0,0.0,1,1,0,0,50,50,0,0,1,1,0,0,50,50,0,0
1120174286,2490378,4259850,2490378,0,0,0.0986471,0.09864704,0.0,0.0,2490378,4325386,2490378,0,0,0.003884099,0.0038840966,0.0,0.0,1,1,0,0,50,50,0,0,1,1,0,0,50,50,0,0
1120373363,2490378,4259850,2490378,0,0,0.08120033,0.08120034,0.0,0.0,2490378,4325386,2490378,0,0,0.00290032,0.00290032,0.0,0.0,1,1,0,0,50,50,0,0,1,1,0,0,50,50,0,0
1120572436,2490378,4259850,2490378,0,0,0.063702896,0.0637029,0.0,0.0,2490378,4325386,2490378,0,0,0.0030045875,0.0030045877,0.0,0.0,1,1,0,0,50,50,0,0,1,1,0,0,50,50,0,0
1120776461,2490378,4259850,2490378,0,0,0.08664508,0.08664511,0.0,0.0,2490378,4325386,2490378,0,0,0.0022201953,0.0022201955,0.0,0.0,1,1,0,0,50,50,0,0,1,1,0,0,50,50,0,0
1120975524,2490378,4259850,2490378,0,0,0.07250944,0.07250945,0.0,0.0,2490378,4325386,2490378,0,0,0.0052572386,0.0052572372,0.0,0.0,1,1,0,0,50,50,0,0,1,1,0,0,50,50,0,0
1121174600,2490378,4259850,2490378,0,0,0.08611435,0.08611436,0.0,0.0,2490378,4325386,2490378,0,0,0.00303419,0.0030341907,0.0,0.0,1,1,0,0,50,50,0,0,1,1,0,0,50,50,0,0
1121373682,2490378,4259850,2490378,0,0,0.07179283,0.07179282,0.0,0.0,2490378,4325386,2490378,0,0,0.0026280999,0.0026280985,0.0,0.0,1,1,0,0,50,50,0,0,1,1,0,0,50,50,0,0
1121577723,2490378,4259850,2490378,0,0,0.06481614,0.06481617,0.0,0.0,2490378,4325386,2490378,0,0,0.0039542876,0.0039542853,0.0,0.0,1,1,0,0,50,50,0,0,1,1,0,0,50,50,0,0
1121776843,2490378,4259850,2490378,0,0,0.0814624,0.08146238,0.0,0.0,2490378,4325386,2490378,0,0,0.0016621551,0.0016621553,0.0,0.0,1,1,0,0,50,50,0,0,1,1,0,0,50,50,0,0
1121975876,2490378,4259850,2490378,0,0,0.089134164,0.08913418,0.0,0.0,2490378,4325386,2490378,0,0,0.0033194206,0.0033194209,0.0,0.0,1,1,0,0,50,50,0,0,1,1,0,0,50,50,0,0
1122174962,2490378,4259850,2490378,0,0,0.09025036,0.09025032,0.0,0.0,2490378,4325386,2490378,0,0,0.0019126642,0.0019126632,0.0,0.0,1,1,0,0,50,50,0,0,1,1,0,0,50,50,0,0
1122374018,2490378,4259850,2490378,0,0,0.081909165,0.08190917,0.0,0.0,2490378,4325386,2490378,0,0,0.002774703,0.0027747035,0.0,0.0,1,1,0,0,50,50,0,0,1,1,0,0,50,50,0,0
1122578067,2490378,4259850,2490378,0,0,0.08699168,0.08699168,0.0,0.0,2490378,4325386,2490378,0,0,0.0037303483,0.0037303478,0.0,0.0,1,1,0,0,50,50,0,0,1,1,0,0,50,50,0,0
1122777148,2490378,4259850,2490378,0,0,0.07628341,0.076283425,0.0,0.0,2490378,4325386,2490378,0,0,0.0032312416,0.0032312418,0.0,0.0,1,1,0,0,50,50,0,0,1,1,0,0,50,50,0,0
1122976214,2490378,4259850,2490378,0,0,0.06626242,0.0662624,0.0,0.0,2490378,4325386,2490378,0,0,0.004576992,0.0045769922,0.0,0.0,1,1,0,0,50,50,0,0,1,1,0,0,50,50,0,0
1123175309,2490378,4259850,2490378,0,0,0.111482926,0.11148292,0.0,0.0,2490378,4325386,2490378,0,0,0.00406945,0.00406945,0.0,0.0,1,1,0,0,50,50,0,0,1,1,0,0,50,50,0,0
1123374360,2490378,4259850,2490378,0,0,0.107627474,0.10762749,0.0,0.0,2490378,4325386,2490378,0,0,0.0034656737,0.0034656757,0.0,0.0,1,1,0,0,50,50,0,0,1,1,0,0,50,50,0,0
1123573441,2490378,4259850,2490378,0,0,0.11407513,0.11407513,0.0,0.0,2490378,4325386,2490378,0,0,0.0035677035,0.0035677038,0.0,0.0,1,1,0,0,50,50,0,0,1,1,0,0,50,50,0,0
1123772515,2490378,4259850,2490378,0,0,0.1215923,0.1215923,0.0,0.0,2490378,4325386,2490378,0,0,0.0036713332,0.003671333,0.0,0.0,1,1,0,0,50,50,0,0,1,1,0,0,50,50,0,0
1123976577,2490378,4259850,2490378,0,0,0.10250145,0.102501474,0.0,0.0,2490378,4325386,2490378,0,0,0.0029698072,0.0029698065,0.0,0.0,1,1,0,0,50,50,0,0,1,1,0,0,50,50,0,0
1124175640,2490378,4259850,2490378,0,0,0.09818115,0.0981811,0.0,0.0,2490378,4325386,2490378,0,0,0.0043446603,0.0043446603,0.0,0.0,1,1,0,0,50,50,0,0,1,1,0,0,50,50,0,0
1124374711,2490378,4259850,2490378,0,0,0.09555331,0.0955533,0.0,0.0,2490378,4325386,2490378,0,0,0.0042004767,0.0042004758,0.0,0.0,1,1,0,0,50,50,0,0,1,1,0,0,50,50,0,0
1124573811,2490378,4259850,2490378,0,0,0.10884102,0.108841024,0.0,0.0,2490378,4325386,2490378,0,0,0.0036804639,0.0036804636,0.0,0.0,1,1,0,0,50,50,0,0,1,1,0,0,50,50,0,0
1124772862,2490378,4259850,2490378,0,0,0.103888266,0.103888266,0.0,0.0,2490378,4325386,2490378,0,0,0.0031384323,0.0031384316,0.0,0.0,1,1,0,0,50,50,0,0,1,1,0,0,50,50,0,0
1124971931,2490378,4259850,2490378,0,0,0.09514244,0.09514243,0.0,0.0,2490378,4325386,2490378,0,0,0.0034838498,0.0034838517,0.0,0.0,1,1,0,0,50,50,0,0,1,1,0,0,50,50,0,0
1125175985,2490378,4259850,2490378,0,0,0.1120706,0.112070516,0.0,0.0,2490378,4325386,2490378,0,0,0.005054298,0.0050543,0.0,0.0,1,1,0,0,50,50,0,0,1,1,0,0,50,50,0,0
1125375074,2490378,4259850,2490378,0,0,0.09263239,0.092632405,0.0,0.0,2490378,4325386,2490378,0,0,0.0041885767,0.0041885767,0.0,0.0,1,1,0,0,50,50,0,0,1,1,0,0,50,50,0,0
1125574127,2490378,4259850,2490378,0,0,0.07751575,0.077515736,0.0,0.0,2490378,4325386,2490378,0,0,0.0037220693,0.0037220686,0.0,0.0,1,1,0,0,50,50,0,0,1,1,0,0,50,50,0,0
1125773202,2490378,4259850,2490378,0,0,0.11836497,0.118365,0.0,0.0,2490378,4325386,2490378,0,0,0.004581693,0.0045816945,0.0,0.0,1,1,0,0,50,50,0,0,1,1,0,0,50,50,0,0
1125977256,2490378,4259850,2490378,0,0,0.09839503,0.09839502,0.0,0.0,2490378,4325386,2490378,0,0,0.0033186015,0.0033186006,0.0,0.0,1,1,0,0,50,50,0,0,1,1,0,0,50,50,0,0
1126176330,2490378,4259850,2490378,0,0,0.10351655,0.10351653,0.0,0.0,2490378,4325386,2490378,0,0,0.0034934615,0.003493462,0.0,0.0,1,1,0,0,50,50,0,0,1,1,0,0,50,50,0,0
1126375402,2490378,4259850,2490378,0,0,0.109780096,0.10978011,0.0,0.0,2490378,4325386,2490378,0,0,0.0024338209,0.0024338209,0.0,0.0,1,1,0,0,50,50,0,0,1,1,0,0,50,50,0,0
1126574478,2490378,4259850,2490378,0,0,0.11906127,0.11906128,0.0,0.0,2490378,4325386,2490378,0,0,0.004261032,0.004261032,0.0,0.0,1,1,0,0,50,50,0,0,1,1,0,0,50,50,0,0
1126778581,2490378,4259850,2490378,0,0,0.0950592,0.095059186,0.0,0.0,2490378,4325386,2490378,0,0,0.0036651802,0.00366518,0.0,0.0,1,1,0,0,50,50,0,0,1,1,0,0,50,50,0,0
1126977600,2490378,4259850,2490378,0,0,0.08450106,0.0845011,0.0,0.0,2490378,4325386,2490378,0,0,0.0031833227,0.003183322,0.0,0.0,1,1,0,0,50,50,0,0,1,1,0,0,50,50,0,0
1127176683,2490378,4259850,2490378,0,0,0.10360795,0.10360801,0.0,0.0,2490378,4325386,2490378,0,0,0.0032873752,0.0032873754,0.0,0.0,1,1,0,0,50,50,0,0,1,1,0,0,50,50,0,0
1127375801,2490378,4259850,2490378,0,0,0.11918007,0.11918011,0.0,0.0,2490378,4325386,2490378,0,0,0.00367929,0.0036792897,0.0,0.0,1,1,0,0,50,50,0,0,1,1,0,0,50,50,0,0
1127574827,2490378,4259850,2490378,0,0,0.08328831,0.08328826,0.0,0.0,2490378,4325386,2490378,0,0,0.004574226,0.004574226,0.0,0.0,1,1,0,0,50,50,0,0,1,1,0,0,50,50,0,0
1127773898,2490378,4259850,2490378,0,0,0.099097855,0.09909783,0.0,0.0,2490378,4325386,2490378,0,0,0.0019329006,0.0019329005,0.0,0.0,1,1,0,0,50,50,0,0,1,1,0,0,50,50,0,0
1127972977,2490378,4259850,2490378,0,0,0.1103986,0.110398635,0.0,0.0,2490378,4325386,2490378,0,0,0.0034612205,0.0034612215,0.0,0.0,1,1,0,0,50,50,0,0,1,1,0,0,50,50,0,0
1128177027,2490378,4259850,2490378,0,0,0.09259633,0.09259633,0.0,0.0,2490378,4325386,2490378,0,0,0.002376643,0.002376644,0.0,0.0,1,1,0,0,50,50,0,0,1,1,0,0,50,50,0,0
1128376099,2490378,4259850,2490378,0,0,0.07479132,0.07479135,0.0,0.0,2490378,4325386,2490378,0,0,0.0031629526,0.003162954,0.0,0.0,1,1,0,0,50,50,0,0,1,1,0,0,50,50,0,0
1128575173,2490378,4259850,2490378,0,0,0.0893764,0.089376435,0.0,0.0,2490378,4325386,2490378,0,0,0.0047100894,0.0047100913,0.0,0.0,1,1,0,0,50,50,0,0,1,1,0,0,50,50,0,0
1128774248,2490378,4259850,2490378,0,0,0.107312955,0.10731295,0.0,0.0,2490378,4325386,2490378,0,0,0.0047082314,0.004708232,0.0,0.0,1,1,0,0,50,50,0,0,1,1,0,0,50,50,0,0
1128973364,2490378,4259850,2490378,0,0,0.11551427,0.115514286,0.0,0.0,2490378,4325386,2490378,0,0,0.0048014973,0.0048014987,0.0,0.0,1,1,0,0,50,50,0,0,1,1,0,0,50,50,0,0
1129172431,2490378,4259850,2490378,0,0,0.10833794,0.108337924,0.0,0.0,2490378,4325386,2490378,0,0,0.002632387,0.002632385,0.0,0.0,1,1,0,0,50,50,0,0,1,1,0,0,50,50,0,0
1129371501,2490378,4259850,2490378,0,0,0.09451976,0.09451978,0.0,0.0,2490378,4325386,2490378,0,0,0.003184897,0.0031848962,0.0,0.0,1,1,0,0,50,50,0,0,1,1,0,0,50,50,0,0
1129575541,2490378,4259850,2490378,0,0,0.0986707,0.09867069,0.0,0.0,2490378,4325386,2490378,0,0,0.003500247,0.0035002471,0.0,0.0,1,1,0,0,50,50,0,0,1,1,0,0,50,50,0,0
1129774638,2490378,4259850,2490378,0,0,0.08168102,0.08168105,0.0,0.0,2490378,4325386,2490378,0,0,0.0028136345,0.002813634,0.0,0.0,1,1,0,0,50,50,0,0,1,1,0,0,50,50,0,0
1129973712,2490378,4259850,2490378,0,0,0.088874914,0.08887493,0.0,0.0,2490378,4325386,2490378,0,0,0.0025798478,0.002579847,0.0,0.0,1,1,0,0,50,50,0,0,1,1,0,0,50,50,0,0
1130172786,2490378,4259850,2490378,0,0,0.10041867,0.100418635,0.0,0.0,2490378,4325386,2490378,0,0,0.0031710712,0.0031710714,0.0,0.0,1,1,0,0,50,50,0,0,1,1,0,0,50,50,0,0
1130376803,2490378,4259850,2490378,0,0,0.09565702,0.09565701,0.0,0.0,2490378,4325386,2490378,0,0,0.0033486246,0.003348625,0.0,0.0,1,1,0,0,50,50,0,0,1,1,0,0,50,50,0,0
1130575874,2490378,4259850,2490378,0,0,0.09880048,0.09880048,0.0,0.0,2490378,4325386,2490378,0,0,0.0034276792,0.0034276797,0.0,0.0,1,1,0,0,50,50,0,0,1,1,0,0,50,50,0,0
1130774950,2490378,4259850,2490378,0,0,0.10024575,0.100245774,0.0,0.0,2490378,4325386,2490378,0,0,0.0034744446,0.003474445,0.0,0.0,1,1,0,0,50,50,0,0,1,1,0,0,50,50,0,0
1130979005,2490378,4259850,2490378,0,0,0.08410958,0.08410954,0.0,0.0,2490378,4325386,2490378,0,0,0.0028273514,0.002827351,0.0,0.0,1,1,0,0,50,50,0,0,1,1,0,0,50,50,0,0
1131178085,2490378,4259850,2490378,0,0,0.08476751,0.08476753,0.0,0.0,2490378,4325386,2490378,0,0,0.0030839534,0.003083954,0.0,0.0,1,1,0,0,50,50,0,0,1,1,0,0,50,50,0,0
1131377150,2490378,4259850,2490378,0,0,0.09518704,0.09518699,0.0,0.0,2490378,4325386,2490378,0,0,0.0046459804,0.00464598,0.0,0.0,1,1,0,0,50,50,0,0,1,1,0,0,50,50,0,0
1131576228,2490378,4259850,2490378,0,0,0.10708723,0.10708724,0.0,0.0,2490378,4325386,2490378,0,0,0.0037338808,0.003733883,0.0,0.0,1,1,0,0,50,50,0,0,1,1,0,0,50,50,0,0
1131775302,2490378,4259850,2490378,0,0,0.100000426,0.10000041,0.0,0.0,2490378,4325386,2490378,0,0,0.004066513,0.004066512,0.0,0.0,1,1,0,0,50,50,0,0,1,1,0,0,50,50,0,0
1131974380,2490378,4259850,2490378,0,0,0.08935704,0.08935704,0.0,0.0,2490378,4325386,2490378,0,0,0.004875408,0.004875408,0.0,0.0,1,1,0,0,50,50,0,0,1,1,0,0,50,50,0,0
1132173476,2490378,4259850,2490378,0,0,0.08455346,0.084553465,0.0,0.0,2490378,4325386,2490378,0,0,0.002950158,0.0029501577,0.0,0.0,1,1,0,0,50,50,0,0,1,1,0,0,50,50,0,0
1132377553,2490378,4259850,2490378,0,0,0.10824186,0.10824186,0.0,0.0,2490378,4325386,2490378,0,0,0.003407549,0.0034075496,0.0,0.0,1,1,0,0,50,50,0,0,1,1,0,0,50,50,0,0
1132576578,2490378,4259850,2490378,0,0,0.08464063,0.08464067,0.0,0.0,2490378,4325386,2490378,0,0,0.0034543625,0.003454362,0.0,0.0,1,1,0,0,50,50,0,0,1,1,0,0,50,50,0,0
1132775657,2490378,4259850,2490378,0,0,0.098136395,0.09813637,0.0,0.0,2490378,4325386,2490378,0,0,0.0043410086,0.0043410067,0.0,0.0,1,1,0,0,50,50,0,0,1,1,0,0,50,50,0,0
1132974752,2490378,4259850,2490378,0,0,0.11228327,0.11228327,0.0,0.0,2490378,4325386,2490378,0,0,0.0036077988,0.0036078033,0.0,0.0,1,1,0,0,50,50,0,0,1,1,0,0,50,50,0,0
1133173806,2490378,4259850,2490378,0,0,0.110400066,0.11040004,0.0,0.0,2490378,4325386,2490378,0,0,0.004078575,0.004078575,0.0,0.0,1,1,0,0,50,50,0,0,1,1,0,0,50,50,0,0
1133372879,2490378,4259850,2490378,0,0,0.10072376,0.10072375,0.0,0.0,2490378,4325386,2490378,0,0,0.0029962726,0.0029962736,0.0,0.0,1,1,0,0,50,50,0,0,1,1,0,0,50,50,0,0
1133571955,2490378,4259850,2490378,0,0,0.09379028,0.09379027,0.0,0.0,2490378,4325386,2490378,0,0,0.003096788,0.0030967887,0.0,0.0,1,1,0,0,50,50,0,0,1,1,0,0,50,50,0,0
1133776010,2490378,4259850,2490378,0,0,0.09316506,0.093165085,0.0,0.0,2490378,4325386,2490378,0,0,0.0031179392,0.0031179383,0.0,0.0,1,1,0,0,50,50,0,0,1,1,0,0,50,50,0,0
1133975107,2490378,4259850,2490378,0,0,0.10689849,0.10689853,0.0,0.0,2490378,4325386,2490378,0,0,0.0038170337,0.0038170312,0.0,0.0,1,1,0,0,50,50,0,0,1,1,0,0,50,50,0,0
1134174159,2490378,4259850,2490378,0,0,0.12434074,0.12434071,0.0,0.0,2490378,4325386,2490378,0,0,0.0019112553,0.0019112546,0.0,0.0,1,1,0,0,50,50,0,0,1,1,0,0,50,50,0,0
1134373235,2490378,4259850,2490378,0,0,0.08732064,0.08732068,0.0,0.0,2490378,4325386,2490378,0,0,0.0026017288,0.002601729,0.0,0.0,1,1,0,0,50,50,0,0,1,1,0,0,50,50,0,0
1134572311,2490378,4259850,2490378,0,0,0.097173385,0.09717338,0.0,0.0,2490378,4325386,2490378,0,0,0.0034689163,0.0034689177,0.0,0.0,1,1,0,0,50,50,0,0,1,1,0,0,50,50,0,0
1134776365,2490378,4259850,2490378,0,0,0.09190697,0.09190698,0.0,0.0,2490378,4325386,2490378,0,0,0.0039514727,0.0039514736,0.0,0.0,1,1,0,0,50,50,0,0,1,1,0,0,50,50,0,0
1134975436,2490378,4259850,2490378,0,0,0.08531704,0.08531704,0.0,0.0,2490378,4325386,2490378,0,0,0.0028108526,0.0028108514,0.0,0.0,1,1,0,0,50,50,0,0,1,1,0,0,50,50,0,0
1135174543,2490378,4259850,2490378,0,0,0.09163467,0.09163473,0.0,0.0,2490378,4325386,2490378,0,0,0.004201798,0.004201797,0.0,0.0,1,1,0,0,50,50,0,0,1,1,0,0,50,50,0,0
1135373589,2490378,4259850,2490378,0,0,0.09684905,0.096849054,0.0,0.0,2490378,4325386,2490378,0,0,0.0043446966,0.004344696,0.0,0.0,1,1,0,0,50,50,0,0,1,1,0,0,50,50,0,0
1135577645,2490378,4259850,2490378,0,0,0.100321546,0.10032153,0.0,0.0,2490378,4325386,2490378,0,0,0.005935881,0.0059358785,0.0,0.0,1,1,0,0,50,50,0,0,1,1,0,0,50,50,0,0
1135776716,2490378,4259850,2490378,0,0,0.09889309,0.09889313,0.0,0.0,2490378,4325386,2490378,0,0,0.004570308,0.0045703067,0.0,0.0,1,1,0,0,50,50,0,0,1,1,0,0,50,50,0,0
1135975821,2490378,4259850,2490378,0,0,0.08307401,0.08307402,0.0,0.0,2490378,4325386,2490378,0,0,0.004864759,0.0048647597,0.0,0.0,1,1,0,0,50,50,0,0,1,1,0,0,50,50,0,0
1136174897,2490378,4259850,2490378,0,0,0.08736191,0.08736191,0.0,0.0,2490378,4325386,2490378,0,0,0.003641095,0.0036410908,0.0,0.0,1,1,0,0,50,50,0,0,1,1,0,0,50,50,0,0
1136373943,2490378,4259850,2490378,0,0,0.09456865,0.09456864,0.0,0.0,2490378,4325386,2490378,0,0,0.003368914,0.0033689144,0.0,0.0,1,1,0,0,50,50,0,0,1,1,0,0,50,50,0,0
1136578016,2490378,4259850,2490378,0,0,0.092080824,0.09208077,0.0,0.0,2490378,4325386,2490378,0,0,0.004333616,0.004333616,0.0,0.0,1,1,0,0,50,50,0,0,1,1,0,0,50,50,0,0
1136777072,2490378,4259850,2490378,0,0,0.10733579,0.10733579,0.0,0.0,2490378,4325386,2490378,0,0,0.0032758564,0.0032758582,0.0,0.0,1,1,0,0,50,50,0,0,1,1,0,0,50,50,0,0
1136976169,2490378,4259850,2490378,0,0,0.08698596,0.08698597,0.0,0.0,2490378,4325386,2490378,0,0,0.003404889,0.0034048888,0.0,0.0,1,1,0,0,50,50,0,0,1,1,0,0,50,50,0,0
1137175259,2490378,4259850,2490378,0,0,0.0965462,0.096546225,0.0,0.0,2490378,4325386,2490378,0,0,0.0034237264,0.003423725,0.0,0.0,1,1,0,0,50,50,0,0,1,1,0,0,50,50,0,0
1137374346,2490378,4259850,2490378,0,0,0.10086111,0.10086113,0.0,0.0,2490378,4325386,2490378,0,0,0.004166801,0.0041668005,0.0,0.0,1,1,0,0,50,50,0,0,1,1,0,0,50,50,0,0
1137573408,2490378,4259850,2490378,0,0,0.11784713,0.117847145,0.0,0.0,2490378,4325386,2490378,0,0,0.0042721527,0.004272153,0.0,0.0,1,1,0,0,50,50,0,0,1,1,0,0,50,50,0,0
1137772486,2490378,4259850,2490378,0,0,0.09275492,0.09275494,0.0,0.0,2490378,4325386,2490378,0,0,0.0023142328,0.0023142337,0.0,0.0,1,1,0,0,50,50,0,0,1,1,0,0,50,50,0,0
1137976559,2490378,4259850,2490378,0,0,0.09576517,0.09576514,0.0,0.0,2490378,4325386,2490378,0,0,0.0041955463,0.004195547,0.0,0.0,1,1,0,0,50,50,0,0,1,1,0,0,50,50,0,0
1138175582,2490378,4259850,2490378,0,0,0.09423983,0.09423983,0.0,0.0,2490378,4325386,2490378,0,0,0.0033705086,0.0033705067,0.0,0.0,1,1,0,0,50,50,0,0,1,1,0,0,50,50,0,0
1138374663,2490378,4259850,2490378,0,0,0.07503266,0.07503265,0.0,0.0,2490378,4325386,2490378,0,0,0.0027809183,0.002780918,0.0,0.0,1,1,0,0,50,50,0,0,1,1,0,0,50,50,0,0
1138573737,2490378,4259850,2490378,0,0,0.07552459,0.07552459,0.0,0.0,2490378,4325386,2490378,0,0,0.0030722816,0.0030722814,0.0,0.0,1,1,0,0,50,50,0,0,1,1,0,0,50,50,0,0
1138772821,2490378,4259850,2490378,0,0,0.07941268,0.07941268,0.0,0.0,2490378,4325386,2490378,0,0,0.0029034768,0.0029034768,0.0,0.0,1,1,0,0,50,50,0,0,1,1,0,0,50,50,0,0
1138971886,2490378,4259850,2490378,0,0,0.08370082,0.083700866,0.0,0.0,2490378,4325386,2490378,0,0,0.0029884162,0.0029884153,0.0,0.0,1,1,0,0,50,50,0,0,1,1,0,0,50,50,0,0
1139175975,2490378,4259850,2490378,0,0,0.09390724,0.09390724,0.0,0.0,2490378,4325386,2490378,0,0,0.0032672323,0.0032672323,0.0,0.0,1,1,0,0,50,50,0,0,1,1,0,0,50,50,0,0
1139375069,2490378,4259850,2490378,0,0,0.09161006,0.09161006,0.0,0.0,2490378,4325386,2490378,0,0,0.0032431907,0.0032431905,0.0,0.0,1,1,0,0,50,50,0,0,1,1,0,0,50,50,0,0
1139574105,2490378,4259850,2490378,0,0,0.09229956,0.092299566,0.0,0.0,2490378,4325386,2490378,0,0,0.0026315907,0.0026315893,0.0,0.0,1,1,0,0,50,50,0,0,1,1,0,0,50,50,0,0
1139773168,2490378,4259850,2490378,0,0,0.07005998,0.07005998,0.0,0.0,2490378,4325386,2490378,0,0,0.0023051603,0.0023051614,0.0,0.0,1,1,0,0,50,50,0,0,1,1,0,0,50,50,0,0
1139977220,2490378,4259850,2490378,0,0,0.08217176,0.08217184,0.0,0.0,2490378,4325386,2490378,0,0,0.0036936798,0.0036936807,0.0,0.0,1,1,0,0,50,50,0,0,1,1,0,0,50,50,0,0
1140176310,2490378,4259850,2490378,0,0,0.083349146,0.083349116,0.0,0.0,2490378,4325386,2490378,0,0,0.0035728205,0.00357282,0.0,0.0,1,1,0,0,50,50,0,0,1,1,0,0,50,50,0,0
1140375377,2490378,4259850,2490378,0,0,0.07804801,0.07804799,0.0,0.0,2490378,4325386,2490378,0,0,0.00342511,0.00342511,0.0,0.0,1,1,0,0,50,50,0,0,1,1,0,0,50,50,0,0
1140574452,2490378,4259850,2490378,0,0,0.0888776,0.08887762,0.0,0.0,2490378,4325386,2490378,0,0,0.0037602454,0.0037602477,0.0,0.0,1,1,0,0,50,50,0,0,1,1,0,0,50,50,0,0
1140778549,2490378,4259850,2490378,0,0,0.10085418,0.1008542,0.0,0.0,2490378,4325386,2490378,0,0,0.004199864,0.0041998615,0.0,0.0,1,1,0,0,50,50,0,0,1,1,0,0,50,50,0,0
1140977582,2490378,4259850,2490378,0,0,0.09558306,0.095583,0.0,0.0,2490378,4325386,2490378,0,0,0.0030207788,0.003020779,0.0,0.0,1,1,0,0,50,50,0,0,1,1,0,0,50,50,0,0
1141176659,2490378,4259850,2490378,0,0,0.117218114,0.1172181,0.0,0.0,2490378,4325386,2490378,0,0,0.0037477382,0.0037477396,0.0,0.0,1,1,0,0,50,50,0,0,1,1,0,0,50,50,0,0
1141375734,2490378,4259850,2490378,0,0,0.1300007,0.13000077,0.0,0.0,2490378,4325386,2490378,0,0,0.0034408292,0.003440829,0.0,0.0,1,1,0,0,50,50,0,0,1,1,0,0,50,50,0,0
1141574821,2490378,4259850,2490378,0,0,0.09383849,0.09383854,0.0,0.0,2490378,4325386,2490378,0,0,0.0036613077,0.0036613075,0.0,0.0,1,1,0,0,50,50,0,0,1,1,0,0,50,50,0,0
1141773887,2490378,4259850,2490378,0,0,0.098758064,0.098758064,0.0,0.0,2490378,4325386,2490378,0,0,0.0031148987,0.0031149022,0.0,0.0,1,1,0,0,50,50,0,0,1,1,0,0,50,50,0,0
1141972963,2490378,4259850,2490378,0,0,0.092548884,0.092548884,0.0,0.0,2490378,4325386,2490378,0,0,0.0013268788,0.0013268789,0.0,0.0,1,1,0,0,50,50,0,0,1,1,0,0,50,50,0,0
1142177017,2490378,4259850,2490378,0,0,0.084126085,0.08412609,0.0,0.0,2490378,4325386,2490378,0,0,0.0020191453,0.002019145,0.0,0.0,1,1,0,0,50,50,0,0,1,1,0,0,50,50,0,0
1142376113,2490378,4259850,2490378,0,0,0.08967047,0.08967051,0.0,0.0,2490378,4325386,2490378,0,0,0.0029213193,0.002921319,0.0,0.0,1,1,0,0,50,50,0,0,1,1,0,0,50,50,0,0
1142575174,2490378,4259850,2490378,0,0,0.083106466,0.08310646,0.0,0.0,2490378,4325386,2490378,0,0,0.0035869137,0.003586915,0.0,0.0,1,1,0,0,50,50,0,0,1,1,0,0,50,50,0,0
1142774248,2490378,4259850,2490378,0,0,0.0792366,0.079236574,0.0,0.0,2490378,4325386,2490378,0,0,0.0034156449,0.0034156449,0.0,0.0,1,1,0,0,50,50,0,0,1,1,0,0,50,50,0,0
1142973332,2490378,4259850,2490378,0,0,0.089899726,0.089899726,0.0,0.0,2490378,4325386,2490378,0,0,0.00307415,0.0030741498,0.0,0.0,1,1,0,0,50,50,0,0,1,1,0,0,50,50,0,0
1143172400,2490378,4259850,2490378,0,0,0.08954117,0.08954116,0.0,0.0,2490378,4325386,2490378,0,0,0.0029374238,0.0029374235,0.0,0.0,1,1,0,0,50,50,0,0,1,1,0,0,50,50,0,0
1143371479,2490378,4259850,2490378,0,0,0.10685358,0.10685365,0.0,0.0,2490378,4325386,2490378,0,0,0.0055363933,0.0055363933,0.0,0.0,1,1,0,0,50,50,0,0,1,1,0,0,50,50,0,0
1143575565,2490378,4259850,2490378,0,0,0.10422296,0.10422297,0.0,0.0,2490378,4325386,2490378,0,0,0.0034654676,0.0034654674,0.0,0.0,1,1,0,0,50,50,0,0,1,1,0,0,50,50,0,0
1143774612,2490378,4259850,2490378,0,0,0.09459195,0.09459195,0.0,0.0,2490378,4325386,2490378,0,0,0.0025407698,0.002540769,0.0,0.0,1,1,0,0,50,50,0,0,1,1,0,0,50,50,0,0
1143973694,2490378,4259850,2490378,0,0,0.078853846,0.07885384,0.0,0.0,2490378,4325386,2490378,0,0,0.00338036,0.00338036,0.0,0.0,1,1,0,0,50,50,0,0,1,1,0,0,50,50,0,0
1144172763,2490378,4259850,2490378,0,0,0.072253495,0.07225351,0.0,0.0,2490378,4325386,2490378,0,0,0.003263721,0.0032637212,0.0,0.0,1,1,0,0,50,50,0,0,1,1,0,0,50,50,0,0
1144376831,2490378,4259850,2490378,0,0,0.08590323,0.08590322,0.0,0.0,2490378,4325386,2490378,0,0,0.0023249125,0.0023249113,0.0,0.0,1,1,0,0,50,50,0,0,1,1,0,0,50,50,0,0
1144575892,2490378,4259850,2490378,0,0,0.082036346,0.08203633,0.0,0.0,2490378,4325386,2490378,0,0,0.0036428312,0.003642831,0.0,0.0,1,1,0,0,50,50,0,0,1,1,0,0,50,50,0,0
1144774971,2490378,4259850,2490378,0,0,0.07561001,0.07560999,0.0,0.0,2490378,4325386,2490378,0,0,0.0035729199,0.0035729196,0.0,0.0,1,1,0,0,50,50,0,0,1,1,0,0,50,50,0,0
1144979030,2490378,4259850,2490378,0,0,0.08935626,0.08935626,0.0,0.0,2490378,4325386,2490378,0,0,0.0032426014,0.0032426002,0.0,0.0,1,1,0,0,50,50,0,0,1,1,0,0,50,50,0,0
1145178106,2490378,4259850,2490378,0,0,0.09329611,0.093296096,0.0,0.0,2490378,4325386,2490378,0,0,0.0031761401,0.0031761413,0.0,0.0,1,1,0,0,50,50,0,0,1,1,0,0,50,50,0,0
1145377186,2490378,4259850,2490378,0,0,0.10146154,0.10146152,0.0,0.0,2490378,4325386,2490378,0,0,0.0038444109,0.0038444102,0.0,0.0,1,1,0,0,50,50,0,0,1,1,0,0,50,50,0,0
1145576255,2490378,4259850,2490378,0,0,0.113112755,0.113112755,0.0,0.0,2490378,4325386,2490378,0,0,0.0026130571,0.0026130567,0.0,0.0,1,1,0,0,50,50,0,0,1,1,0,0,50,50,0,0
1145775391,2490378,4259850,2490378,0,0,0.095711835,0.095711865,0.0,0.0,2490378,4325386,2490378,0,0,0.004267253,0.0042672525,0.0,0.0,1,1,0,0,50,50,0,0,1,1,0,0,50,50,0,0
1145974411,2490378,4259850,2490378,0,0,0.08450891,0.08450886,0.0,0.0,2490378,4325386,2490378,0,0,0.0032221505,0.0032221512,0.0,0.0,1,1,0,0,50,50,0,0,1,1,0,0,50,50,0,0
1146173493,2490378,4259850,2490378,0,0,0.07196477,0.07196478,0.0,0.0,2490378,4325386,2490378,0,0,0.003011143,0.0030111426,0.0,0.0,1,1,0,0,50,50,0,0,1,1,0,0,50,50,0,0
1146377588,2490378,4259850,2490378,0,0,0.06863678,0.06863675,0.0,0.0,2490378,4325386,2490378,0,0,0.0032914488,0.0032914497,0.0,0.0,1,1,0,0,50,50,0,0,1,1,0,0,50,50,0,0
1146576622,2490378,4259850,2490378,0,0,0.067564465,0.06756442,0.0,0.0,2490378,4325386,2490378,0,0,0.0025016344,0.0025016356,0.0,0.0,1,1,0,0,50,50,0,0,1,1,0,0,50,50,0,0
1146775697,2490378,4259850,2490378,0,0,0.10692747,0.10692745,0.0,0.0,2490378,4325386,2490378,0,0,0.0034893567,0.0034893574,0.0,0.0,1,1,0,0,50,50,0,0,1,1,0,0,50,50,0,0
1146974774,2490378,4259850,2490378,0,0,0.09035238,0.090352386,0.0,0.0,2490378,4325386,2490378,0,0,0.0037447817,0.0037447808,0.0,0.0,1,1,0,0,50,50,0,0,1,1,0,0,50,50,0,0
1147173860,2490378,4259850,2490378,0,0,0.093320556,0.09332057,0.0,0.0,2490378,4325386,2490378,0,0,0.003928216,0.0039282166,0.0,0.0,1,1,0,0,50,50,0,0,1,1,0,0,50,50,0,0
1147372927,2490378,4259850,2490378,0,0,0.094620466,0.094620466,0.0,0.0,2490378,4325386,2490378,0,0,0.0037894323,0.0037894296,0.0,0.0,1,1,0,0,50,50,0,0,1,1,0,0,50,50,0,0
1147572004,2490378,4259850,2490378,0,0,0.11419773,0.1141977,0.0,0.0,2490378,4325386,2490378,0,0,0.0041911863,0.0041911853,0.0,0.0,1,1,0,0,50,50,0,0,1,1,0,0,50,50,0,0
1147776060,2490378,4259850,2490378,0,0,0.106851295,0.10685131,0.0,0.0,2490378,4325386,2490378,0,0,0.0027265155,0.0027265144,0.0,0.0,1,1,0,0,50,50,0,0,1,1,0,0,50,50,0,0
1147975145,2490378,4259850,2490378,0,0,0.102542065,0.10254207,0.0,0.0,2490378,4325386,2490378,0,0,0.0034228738,0.0034228715,0.0,0.0,1,1,0,0,50,50,0,0,1,1,0,0,50,50,0,0
1148174214,2490378,4259850,2490378,0,0,0.0886781,0.088678114,0.0,0.0,2490378,4325386,2490378,0,0,0.0042024194,0.0042024176,0.0,0.0,1,1,0,0,50,50,0,0,1,1,0,0,50,50,0,0
1148373305,2490378,4259850,2490378,0,0,0.075183034,0.075183004,0.0,0.0,2490378,4325386,2490378,0,0,0.0037757496,0.0037757508,0.0,0.0,1,1,0,0,50,50,0,0,1,1,0,0,50,50,0,0
1148572411,2490378,4259850,2490378,0,0,0.0815604,0.081560396,0.0,0.0,2490378,4325386,2490378,0,0,0.0037919162,0.003791919,0.0,0.0,1,1,0,0,50,50,0,0,1,1,0,0,50,50,0,0
1148776424,2490378,4259850,2490378,0,0,0.09402414,0.09402412,0.0,0.0,2490378,4325386,2490378,0,0,0.0047112624,0.0047112643,0.0,0.0,1,1,0,0,50,50,0,0,1,1,0,0,50,50,0,0
1148975503,2490378,4259850,2490378,0,0,0.07035272,0.07035267,0.0,0.0,2490378,4325386,2490378,0,0,0.004372538,0.00437254,0.0,0.0,1,1,0,0,50,50,0,0,1,1,0,0,50,50,0,0
1149174611,2490378,4259850,2490378,0,0,0.09455977,0.09455984,0.0,0.0,2490378,4325386,2490378,0,0,0.0033515887,0.0033515897,0.0,0.0,1,1,0,0,50,50,0,0,1,1,0,0,50,50,0,0
1149373659,2490378,4259850,2490378,0,0,0.093308896,0.093308896,0.0,0.0,2490378,4325386,2490378,0,0,0.0035299785,0.0035299791,0.0,0.0,1,1,0,0,50,50,0,0,1,1,0,0,50,50,0,0
1149577714,2490378,4259850,2490378,0,0,0.08338823,0.083388254,0.0,0.0,2490378,4325386,2490378,0,0,0.004445276,0.0044452767,0.0,0.0,1,1,0,0,50,50,0,0,1,1,0,0,50,50,0,0
1149776790,2490378,4259850,2490378,0,0,0.0896179,0.08961792,0.0,0.0,2490378,4325386,2490378,0,0,0.0054250383,0.0054250397,0.0,0.0,1,1,0,0,50,50,0,0,1,1,0,0,50,50,0,0
1149975867,2490378,4259850,2490378,0,0,0.07608392,0.07608392,0.0,0.0,2490378,4325386,2490378,0,0,0.0042988556,0.0042988537,0.0,0.0,1,1,0,0,50,50,0,0,1,1,0,0,50,50,0,0
1150174942,2490378,4259850,2490378,0,0,0.07999896,0.07999898,0.0,0.0,2490378,4325386,2490378,0,0,0.0033197105,0.0033197098,0.0,0.0,1,1,0,0,50,50,0,0,1,1,0,0,50,50,0,0
1150374023,2490378,4259850,2490378,0,0,0.10595761,0.105957665,0.0,0.0,2490378,4325386,2490378,0,0,0.0041518025,0.004151803,0.0,0.0,1,1,0,0,50,50,0,0,1,1,0,0,50,50,0,0
1150578076,2490378,4259850,2490378,0,0,0.082131,0.08213101,0.0,0.0,2490378,4325386,2490378,0,0,0.0036588549,0.003658854,0.0,0.0,1,1,0,0,50,50,0,0,1,1,0,0,50,50,0,0
1150777190,2490378,4259850,2490378,0,0,0.07393738,0.073937364,0.0,0.0,2490378,4325386,2490378,0,0,0.0035779483,0.003577947,0.0,0.0,1,1,0,0,50,50,0,0,1,1,0,0,50,50,0,0
1150976231,2490378,4259850,2490378,0,0,0.12970062,0.12970054,0.0,0.0,2490378,4325386,2490378,0,0,0.0048894263,0.0048894263,0.0,0.0,1,1,0,0,50,50,0,0,1,1,0,0,50,50,0,0
1151175324,2490378,4259850,2490378,0,0,0.09111591,0.09111581,0.0,0.0,2490378,4325386,2490378,0,0,0.004274467,0.0042744675,0.0,0.0,1,1,0,0,50,50,0,0,1,1,0,0,50,50,0,0
1151374418,2490378,4259850,2490378,0,0,0.05464834,0.05464828,0.0,0.0,2490378,4325386,2490378,0,0,0.0040902225,0.0040902244,0.0,0.0,1,1,0,0,50,50,0,0,1,1,0,0,50,50,0,0
1151573468,2490378,4259850,2490378,0,0,0.09992928,0.09992923,0.0,0.0,2490378,4325386,2490378,0,0,0.0031185367,0.0031185374,0.0,0.0,1,1,0,0,50,50,0,0,1,1,0,0,50,50,0,0
1151772541,2490378,4259850,2490378,0,0,0.10945461,0.10945461,0.0,0.0,2490378,4325386,2490378,0,0,0.0030514894,0.0030514898,0.0,0.0,1,1,0,0,50,50,0,0,1,1,0,0,50,50,0,0
1151976714,2490378,4259850,2490378,0,0,0.11350975,0.113509774,0.0,0.0,2490378,4325386,2490378,0,0,0.0037254612,0.0037254612,0.0,0.0,1,1,0,0,50,50,0,0,1,1,0,0,50,50,0,0
1152175677,2490378,4259850,2490378,0,0,0.10318868,0.10318868,0.0,0.0,2490378,4325386,2490378,0,0,0.0031151064,0.0031151073,0.0,0.0,1,1,0,0,50,50,0,0,1,1,0,0,50,50,0,0
1152374771,2490378,4259850,2490378,0,0,0.10455855,0.10455851,0.0,0.0,2490378,4325386,2490378,0,0,0.0045838268,0.0045838263,0.0,0.0,1,1,0,0,50,50,0,0,1,1,0,0,50,50,0,0
1152573831,2490378,4259850,2490378,0,0,0.10905428,0.109054305,0.0,0.0,2490378,4325386,2490378,0,0,0.0036220378,0.0036220395,0.0,0.0,1,1,0,0,50,50,0,0,1,1,0,0,50,50,0,0
1152772910,2490378,4259850,2490378,0,0,0.08453905,0.08453904,0.0,0.0,2490378,4325386,2490378,0,0,0.0033183598,0.0033183605,0.0,0.0,1,1,0,0,50,50,0,0,1,1,0,0,50,50,0,0
1152971987,2490378,4259850,2490378,0,0,0.09891758,0.0989176,0.0,0.0,2490378,4325386,2490378,0,0,0.0035275917,0.003527592,0.0,0.0,1,1,0,0,50,50,0,0,1,1,0,0,50,50,0,0
1153176046,2490378,4259850,2490378,0,0,0.11529365,0.11529367,0.0,0.0,2490378,4325386,2490378,0,0,0.004603683,0.0046036816,0.0,0.0,1,1,0,0,50,50,0,0,1,1,0,0,50,50,0,0
1153375117,2490378,4259850,2490378,0,0,0.116916604,0.11691662,0.0,0.0,2490378,4325386,2490378,0,0,0.0021149977,0.0021149963,0.0,0.0,1,1,0,0,50,50,0,0,1,1,0,0,50,50,0,0
1153574194,2490378,4259850,2490378,0,0,0.116570435,0.11657042,0.0,0.0,2490378,4325386,2490378,0,0,0.0030451578,0.0030451585,0.0,0.0,1,1,0,0,50,50,0,0,1,1,0,0,50,50,0,0
1153773274,2490378,4259850,2490378,0,0,0.11341408,0.113414064,0.0,0.0,2490378,4325386,2490378,0,0,0.0050893147,0.005089318,0.0,0.0,1,1,0,0,50,50,0,0,1,1,0,0,50,50,0,0
1153977332,2490378,4259850,2490378,0,0,0.11493061,0.11493061,0.0,0.0,2490378,4325386,2490378,0,0,0.003382587,0.0033825876,0.0,0.0,1,1,0,0,50,50,0,0,1,1,0,0,50,50,0,0
1154176449,2490378,4259850,2490378,0,0,0.101898454,0.10189844,0.0,0.0,2490378,4325386,2490378,0,0,0.0040645376,0.0040645394,0.0,0.0,1,1,0,0,50,50,0,0,1,1,0,0,50,50,0,0
1154375484,2490378,4259850,2490378,0,0,0.10768567,0.10768566,0.0,0.0,2490378,4325386,2490378,0,0,0.0043876977,0.0043876967,0.0,0.0,1,1,0,0,50,50,0,0,1,1,0,0,50,50,0,0
1154574567,2490378,4259850,2490378,0,0,0.071374394,0.071374394,0.0,0.0,2490378,4325386,2490378,0,0,0.0026403326,0.002640332,0.0,0.0,1,1,0,0,50,50,0,0,1,1,0,0,50,50,0,0
1154778641,2490378,4259850,2490378,0,0,0.082986325,0.082986355,0.0,0.0,2490378,4325386,2490378,0,0,0.003891513,0.003891513,0.0,0.0,1,1,0,0,50,50,0,0,1,1,0,0,50,50,0,0
1154977700,2490378,4259850,2490378,0,0,0.079515316,0.079515316,0.0,0.0,2490378,4325386,2490378,0,0,0.0042852834,0.0042852843,0.0,0.0,1,1,0,0,50,50,0,0,1,1,0,0,50,50,0,0
1155176776,2490378,4259850,2490378,0,0,0.06365024,0.06365025,0.0,0.0,2490378,4325386,2490378,0,0,0.0040071574,0.004007157,0.0,0.0,1,1,0,0,50,50,0,0,1,1,0,0,50,50,0,0
1155375853,2490378,4259850,2490378,0,0,0.076222576,0.07622256,0.0,0.0,2490378,4325386,2490378,0,0,0.0036153956,0.0036153956,0.0,0.0,1,1,0,0,50,50,0,0,1,1,0,0,50,50,0,0
1155574940,2490378,4259850,2490378,0,0,0.07443294,0.07443294,0.0,0.0,2490378,4325386,2490378,0,0,0.0044880947,0.0044880933,0.0,0.0,1,1,0,0,50,50,0,0,1,1,0,0,50,50,0,0
1155774010,2490378,4259850,2490378,0,0,0.08343149,0.08343145,0.0,0.0,2490378,4325386,2490378,0,0,0.0043925443,0.0043925433,0.0,0.0,1,1,0,0,50,50,0,0,1,1,0,0,50,50,0,0
1155973086,2490378,4259850,2490378,0,0,0.083055645,0.08305567,0.0,0.0,2490378,4325386,2490378,0,0,0.0047719204,0.004771917,0.0,0.0,1,1,0,0,50,50,0,0,1,1,0,0,50,50,0,0
1156177147,2490378,4259850,2490378,0,0,0.08133749,0.081337474,0.0,0.0,2490378,4325386,2490378,0,0,0.004411834,0.004411833,0.0,0.0,1,1,0,0,50,50,0,0,1,1,0,0,50,50,0,0
1156376297,2490378,4259850,2490378,0,0,0.08959628,0.08959629,0.0,0.0,2490378,4325386,2490378,0,0,0.0036792713,0.003679271,0.0,0.0,1,1,0,0,50,50,0,0,1,1,0,0,50,50,0,0
1156575298,2490378,4259850,2490378,0,0,0.073267244,0.07326727,0.0,0.0,2490378,4325386,2490378,0,0,0.0044286023,0.0044286037,0.0,0.0,1,1,0,0,50,50,0,0,1,1,0,0,50,50,0,0
1156774380,2490378,4259850,2490378,0,0,0.06427337,0.06427338,0.0,0.0,2490378,4325386,2490378,0,0,0.005092351,0.0050923466,0.0,0.0,1,1,0,0,50,50,0,0,1,1,0,0,50,50,0,0
1156973484,2490378,4259850,2490378,0,0,0.0673182,0.06731823,0.0,0.0,2490378,4325386,2490378,0,0,0.0063702324,0.0063702343,0.0,0.0,1,1,0,0,50,50,0,0,1,1,0,0,50,50,0,0
1157172536,2490378,4259850,2490378,0,0,0.08305523,0.083055235,0.0,0.0,2490378,4325386,2490378,0,0,0.004679954,0.0046799555,0.0,0.0,1,1,0,0,50,50,0,0,1,1,0,0,50,50,0,0
1157371612,2490378,4259850,2490378,0,0,0.09419023,0.0941902,0.0,0.0,2490378,4325386,2490378,0,0,0.0044088718,0.0044088736,0.0,0.0,1,1,0,0,50,50,0,0,1,1,0,0,50,50,0,0
1157575689,2490378,4259850,2490378,0,0,0.10415419,0.104154184,0.0,0.0,2490378,4325386,2490378,0,0,0.0047160713,0.0047160704,0.0,0.0,1,1,0,0,50,50,0,0,1,1,0,0,50,50,0,0
1157774747,2490378,4259850,2490378,0,0,0.100029565,0.10002957,0.0,0.0,2490378,4325386,2490378,0,0,0.0028504415,0.0028504452,0.0,0.0,1,1,0,0,50,50,0,0,1,1,0,0,50,50,0,0
1157973820,2490378,4259850,2490378,0,0,0.090125985,0.09012597,0.0,0.0,2490378,4325386,2490378,0,0,0.0024208073,0.0024208073,0.0,0.0,1,1,0,0,50,50,0,0,1,1,0,0,50,50,0,0
1158172916,2490378,4259850,2490378,0,0,0.09005743,0.09005745,0.0,0.0,2490378,4325386,2490378,0,0,0.0033310256,0.003331025,0.0,0.0,1,1,0,0,50,50,0,0,1,1,0,0,50,50,0,0
1158376959,2490378,4259850,2490378,0,0,0.08698884,0.086988844,0.0,0.0,2490378,4325386,2490378,0,0,0.00414962,0.0041496195,0.0,0.0,1,1,0,0,50,50,0,0,1,1,0,0,50,50,0,0
1158576036,2490378,4259850,2490378,0,0,0.087530226,0.08753022,0.0,0.0,2490378,4325386,2490378,0,0,0.0036215133,0.0036215158,0.0,0.0,1,1,0,0,50,50,0,0,1,1,0,0,50,50,0,0
1158775110,2490378,4259850,2490378,0,0,0.080767296,0.080767296,0.0,0.0,2490378,4325386,2490378,0,0,0.002712259,0.00271226,0.0,0.0,1,1,0,0,50,50,0,0,1,1,0,0,50,50,0,0
1158974205,2490378,4259850,2490378,0,0,0.07382599,0.073825985,0.0,0.0,2490378,4325386,2490378,0,0,0.003376804,0.0033768048,0.0,0.0,1,1,0,0,50,50,0,0,1,1,0,0,50,50,0,0
1159178244,2490378,4259850,2490378,0,0,0.073904835,0.07390482,0.0,0.0,2490378,4325386,2490378,0,0,0.0037108616,0.003710863,0.0,0.0,1,1,0,0,50,50,0,0,1,1,0,0,50,50,0,0
1159377324,2490378,4259850,2490378,0,0,0.07809081,0.07809081,0.0,0.0,2490378,4325386,2490378,0,0,0.0030283749,0.003028374,0.0,0.0,1,1,0,0,50,50,0,0,1,1,0,0,50,50,0,0
1159576404,2490378,4259850,2490378,0,0,0.08589254,0.08589254,0.0,0.0,2490378,4325386,2490378,0,0,0.0028133679,0.0028133679,0.0,0.0,1,1,0,0,50,50,0,0,1,1,0,0,50,50,0,0
1159775510,2490378,4259850,2490378,0,0,0.07924267,0.079242654,0.0,0.0,2490378,4325386,2490378,0,0,0.0028187525,0.0028187525,0.0,0.0,1,1,0,0,50,50,0,0,1,1,0,0,50,50,0,0
1159974559,2490378,4259850,2490378,0,0,0.0784975,0.078497514,0.0,0.0,2490378,4325386,2490378,0,0,0.002716663,0.0027166635,0.0,0.0,1,1,0,0,50,50,0,0,1,1,0,0,50,50,0,0
1160173639,2490378,4259850,2490378,0,0,0.093848825,0.09384885,0.0,0.0,2490378,4325386,2490378,0,0,0.0030437363,0.0030437359,0.0,0.0,1,1,0,0,50,50,0,0,1,1,0,0,50,50,0,0
1160377693,2490378,4259850,2490378,0,0,0.083331905,0.08333189,0.0,0.0,2490378,4325386,2490378,0,0,0.0038360315,0.0038360308,0.0,0.0,1,1,0,0,50,50,0,0,1,1,0,0,50,50,0,0
1160576773,2490378,4259850,2490378,0,0,0.080193594,0.080193594,0.0,0.0,2490378,4325386,2490378,0,0,0.004449061,0.0044490593,0.0,0.0,1,1,0,0,50,50,0,0,1,1,0,0,50,50,0,0
1160775854,2490378,4259850,2490378,0,0,0.080386624,0.08038664,0.0,0.0,2490378,4325386,2490378,0,0,0.004016893,0.0040168925,0.0,0.0,1,1,0,0,50,50,0,0,1,1,0,0,50,50,0,0
1160974929,2490378,4259850,2490378,0,0,0.09184803,0.091847956,0.0,0.0,2490378,4325386,2490378,0,0,0.0045929784,0.004592978,0.0,0.0,1,1,0,0,50,50,0,0,1,1,0,0,50,50,0,0
1161174007,2490378,4259850,2490378,0,0,0.07875489,0.0787549,0.0,0.0,2490378,4325386,2490378,0,0,0.0034336143,0.0034336152,0.0,0.0,1,1,0,0,50,50,0,0,1,1,0,0,50,50,0,0
1161373087,2490378,4259850,2490378,0,0,0.08495709,0.08495709,0.0,0.0,2490378,4325386,2490378,0,0,0.003765034,0.0037650324,0.0,0.0,1,1,0,0,50,50,0,0,1,1,0,0,50,50,0,0
1161572161,2490378,4259850,2490378,0,0,0.07998682,0.07998681,0.0,0.0,2490378,4325386,2490378,0,0,0.003389443,0.003389441,0.0,0.0,1,1,0,0,50,50,0,0,1,1,0,0,50,50,0,0
1161776221,2490378,4259850,2490378,0,0,0.08503618,0.08503618,0.0,0.0,2490378,4325386,2490378,0,0,0.0043339906,0.00433399,0.0,0.0,1,1,0,0,50,50,0,0,1,1,0,0,50,50,0,0
1161975403,2490378,4259850,2490378,0,0,0.074690804,0.0746908,0.0,0.0,2490378,4325386,2490378,0,0,0.003483481,0.0034834803,0.0,0.0,1,1,0,0,50,50,0,0,1,1,0,0,50,50,0,0
1162174377,2490378,4259850,2490378,0,0,0.072744906,0.07274489,0.0,0.0,2490378,4325386,2490378,0,0,0.0034931153,0.003493115,0.0,0.0,1,1,0,0,50,50,0,0,1,1,0,0,50,50,0,0
1162373479,2490378,4259850,2490378,0,0,0.07959388,0.07959387,0.0,0.0,2490378,4325386,2490378,0,0,0.0038183075,0.003818307,0.0,0.0,1,1,0,0,50,50,0,0,1,1,0,0,50,50,0,0
1162572559,2490378,4259850,2490378,0,0,0.07256335,0.07256334,0.0,0.0,2490378,4325386,2490378,0,0,0.0035571416,0.0035571395,0.0,0.0,1,1,0,0,50,50,0,0,1,1,0,0,50,50,0,0
1162771613,2490378,4259850,2490378,0,0,0.080661155,0.08066113,0.0,0.0,2490378,4325386,2490378,0,0,0.0030632382,0.0030632382,0.0,0.0,1,1,0,0,50,50,0,0,1,1,0,0,50,50,0,0
1162975691,2490378,4259850,2490378,0,0,0.07839945,0.078399464,0.0,0.0,2490378,4325386,2490378,0,0,0.0036615948,0.0036615948,0.0,0.0,1,1,0,0,50,50,0,0,1,1,0,0,50,50,0,0
1163174747,2490378,4259850,2490378,0,0,0.069199875,0.06919989,0.0,0.0,2490378,4325386,2490378,0,0,0.00367326,0.0036732592,0.0,0.0,1,1,0,0,50,50,0,0,1,1,0,0,50,50,0,0
1163373826,2490378,4259850,2490378,0,0,0.07900738,0.079007424,0.0,0.0,2490378,4325386,2490378,0,0,0.003006053,0.0030060539,0.0,0.0,1,1,0,0,50,50,0,0,1,1,0,0,50,50,0,0
1163577905,2490378,4259850,2490378,0,0,0.081003204,0.081003204,0.0,0.0,2490378,4325386,2490378,0,0,0.0035453949,0.0035453963,0.0,0.0,1,1,0,0,50,50,0,0,1,1,0,0,50,50,0,0
1163776973,2490378,4259850,2490378,0,0,0.07870291,0.078702904,0.0,0.0,2490378,4325386,2490378,0,0,0.0041230074,0.0041230074,0.0,0.0,1,1,0,0,50,50,0,0,1,1,0,0,50,50,0,0
1163976042,2490378,4259850,2490378,0,0,0.0679547,0.06795464,0.0,0.0,2490378,4325386,2490378,0,0,0.0032864437,0.0032864423,0.0,0.0,1,1,0,0,50,50,0,0,1,1,0,0,50,50,0,0
1164175119,2490378,4259850,2490378,0,0,0.07915107,0.07915108,0.0,0.0,2490378,4325386,2490378,0,0,0.0034876876,0.0034876878,0.0,0.0,1,1,0,0,50,50,0,0,1,1,0,0,50,50,0,0
1164374195,2490378,4259850,2490378,0,0,0.06547651,0.06547651,0.0,0.0,2490378,4325386,2490378,0,0,0.0025403278,0.0025403288,0.0,0.0,1,1,0,0,50,50,0,0,1,1,0,0,50,50,0,0
1164578250,2490378,4259850,2490378,0,0,0.07402999,0.074030004,0.0,0.0,2490378,4325386,2490378,0,0,0.0029710415,0.0029710422,0.0,0.0,1,1,0,0,50,50,0,0,1,1,0,0,50,50,0,0
1164777342,2490378,4259850,2490378,0,0,0.09770056,0.097700566,0.0,0.0,2490378,4325386,2490378,0,0,0.0028485204,0.0028485197,0.0,0.0,1,1,0,0,50,50,0,0,1,1,0,0,50,50,0,0
1164976409,2490378,4259850,2490378,0,0,0.087784626,0.08778461,0.0,0.0,2490378,4325386,2490378,0,0,0.0025112908,0.002511291,0.0,0.0,1,1,0,0,50,50,0,0,1,1,0,0,50,50,0,0
1165175503,2490378,4259850,2490378,0,0,0.07821571,0.078215696,0.0,0.0,2490378,4325386,2490378,0,0,0.003502948,0.0035029498,0.0,0.0,1,1,0,0,50,50,0,0,1,1,0,0,50,50,0,0
1165374597,2490378,4259850,2490378,0,0,0.07879192,0.0787919,0.0,0.0,2490378,4325386,2490378,0,0,0.003755968,0.003755968,0.0,0.0,1,1,0,0,50,50,0,0,1,1,0,0,50,50,0,0
1165573650,2490378,4259850,2490378,0,0,0.07289835,0.072898366,0.0,0.0,2490378,4325386,2490378,0,0,0.003163313,0.0031633119,0.0,0.0,1,1,0,0,50,50,0,0,1,1,0,0,50,50,0,0
1165772725,2490378,4259850,2490378,0,0,0.08436596,0.08436599,0.0,0.0,2490378,4325386,2490378,0,0,0.003430308,0.0034303067,0.0,0.0,1,1,0,0,50,50,0,0,1,1,0,0,50,50,0,0
1165976783,2490378,4259850,2490378,0,0,0.082454585,0.08245459,0.0,0.0,2490378,4325386,2490378,0,0,0.0043737316,0.00437373,0.0,0.0,1,1,0,0,50,50,0,0,1,1,0,0,50,50,0,0
1166175862,2490378,4259850,2490378,0,0,0.08763399,0.08763398,0.0,0.0,2490378,4325386,2490378,0,0,0.004241761,0.0042417613,0.0,0.0,1,1,0,0,50,50,0,0,1,1,0,0,50,50,0,0
1166374942,2490378,4259850,2490378,0,0,0.08328724,0.08328722,0.0,0.0,2490378,4325386,2490378,0,0,0.0035537737,0.0035537719,0.0,0.0,1,1,0,0,50,50,0,0,1,1,0,0,50,50,0,0
1166574019,2490378,4259850,2490378,0,0,0.09377347,0.09377347,0.0,0.0,2490378,4325386,2490378,0,0,0.003471313,0.0034713133,0.0,0.0,1,1,0,0,50,50,0,0,1,1,0,0,50,50,0,0
1166773094,2490378,4259850,2490378,0,0,0.08394779,0.08394779,0.0,0.0,2490378,4325386,2490378,0,0,0.0038153527,0.0038153518,0.0,0.0,1,1,0,0,50,50,0,0,1,1,0,0,50,50,0,0
1166972175,2490378,4259850,2490378,0,0,0.09727286,0.097272865,0.0,0.0,2490378,4325386,2490378,0,0,0.0037206928,0.0037206898,0.0,0.0,1,1,0,0,50,50,0,0,1,1,0,0,50,50,0,0
1167171258,2490378,4259850,2490378,0,0,0.10819172,0.108191706,0.0,0.0,2490378,4325386,2490378,0,0,0.003355405,0.003355405,0.0,0.0,1,1,0,0,50,50,0,0,1,1,0,0,50,50,0,0
1167375322,2490378,4259850,2490378,0,0,0.10474737,0.104747355,0.0,0.0,2490378,4325386,2490378,0,0,0.0030321518,0.0030321511,0.0,0.0,1,1,0,0,50,50,0,0,1,1,0,0,50,50,0,0
1167574524,2490378,4259850,2490378,0,0,0.099673495,0.0996735,0.0,0.0,2490378,4325386,2490378,0,0,0.0034139932,0.0034139934,0.0,0.0,1,1,0,0,50,50,0,0,1,1,0,0,50,50,0,0
1167773471,2490378,4259850,2490378,0,0,0.08784377,0.087843806,0.0,0.0,2490378,4325386,2490378,0,0,0.0027451217,0.0027451224,0.0,0.0,1,1,0,0,50,50,0,0,1,1,0,0,50,50,0,0
1167977526,2490378,4259850,2490378,0,0,0.06474969,0.06474968,0.0,0.0,2490378,4325386,2490378,0,0,0.002450642,0.0024506405,0.0,0.0,1,1,0,0,50,50,0,0,1,1,0,0,50,50,0,0
1168176633,2490378,4259850,2490378,0,0,0.076921806,0.076921806,0.0,0.0,2490378,4325386,2490378,0,0,0.0027731021,0.002773102,0.0,0.0,1,1,0,0,50,50,0,0,1,1,0,0,50,50,0,0
1168375685,2490378,4259850,2490378,0,0,0.060226105,0.060226098,0.0,0.0,2490378,4325386,2490378,0,0,0.0030677428,0.003067746,0.0,0.0,1,1,0,0,50,50,0,0,1,1,0,0,50,50,0,0
1168574761,2490378,4259850,2490378,0,0,0.06985827,0.06985834,0.0,0.0,2490378,4325386,2490378,0,0,0.003861115,0.0038611165,0.0,0.0,1,1,0,0,50,50,0,0,1,1,0,0,50,50,0,0
1168778818,2490378,4259850,2490378,0,0,0.07939647,0.079396494,0.0,0.0,2490378,4325386,2490378,0,0,0.004716465,0.0047164643,0.0,0.0,1,1,0,0,50,50,0,0,1,1,0,0,50,50,0,0
1168977929,2490378,4259850,2490378,0,0,0.07125858,0.07125856,0.0,0.0,2490378,4325386,2490378,0,0,0.0045019034,0.0045019034,0.0,0.0,1,1,0,0,50,50,0,0,1,1,0,0,50,50,0,0
1169176973,2490378,4259850,2490378,0,0,0.08996533,0.089965336,0.0,0.0,2490378,4325386,2490378,0,0,0.0033545732,0.0033545743,0.0,0.0,1,1,0,0,50,50,0,0,1,1,0,0,50,50,0,0
1169376056,2490378,4259850,2490378,0,0,0.094508395,0.09450838,0.0,0.0,2490378,4325386,2490378,0,0,0.004028732,0.004028736,0.0,0.0,1,1,0,0,50,50,0,0,1,1,0,0,50,50,0,0
1169575134,2490378,4259850,2490378,0,0,0.09516973,0.09516974,0.0,0.0,2490378,4325386,2490378,0,0,0.004499407,0.004499403,0.0,0.0,1,1,0,0,50,50,0,0,1,1,0,0,50,50,0,0
1169774280,2490378,4259850,2490378,0,0,0.07701036,0.077010356,0.0,0.0,2490378,4325386,2490378,0,0,0.003547838,0.0035478368,0.0,0.0,1,1,0,0,50,50,0,0,1,1,0,0,50,50,0,0
1169973293,2490378,4259850,2490378,0,0,0.068697825,0.06869782,0.0,0.0,2490378,4325386,2490378,0,0,0.0024594907,0.0024594902,0.0,0.0,1,1,0,0,50,50,0,0,1,1,0,0,50,50,0,0
1170177349,2490378,4259850,2490378,0,0,0.09201352,0.092013486,0.0,0.0,2490378,4325386,2490378,0,0,0.0031629722,0.00316297,0.0,0.0,1,1,0,0,50,50,0,0,1,1,0,0,50,50,0,0
1170376439,2490378,4259850,2490378,0,0,0.08367773,0.08367774,0.0,0.0,2490378,4325386,2490378,0,0,0.0024441811,0.0024441823,0.0,0.0,1,1,0,0,50,50,0,0,1,1,0,0,50,50,0,0
1170575587,2490378,4259850,2490378,0,0,0.08155339,0.08155338,0.0,0.0,2490378,4325386,2490378,0,0,0.0029711542,0.0029711546,0.0,0.0,1,1,0,0,50,50,0,0,1,1,0,0,50,50,0,0
1170774589,2490378,4259850,2490378,0,0,0.08469059,0.084690586,0.0,0.0,2490378,4325386,2490378,0,0,0.0031975298,0.0031975296,0.0,0.0,1,1,0,0,50,50,0,0,1,1,0,0,50,50,0,0
1170973714,2490378,4259850,2490378,0,0,0.09286225,0.092862256,0.0,0.0,2490378,4325386,2490378,0,0,0.0035174221,0.0035174224,0.0,0.0,1,1,0,0,50,50,0,0,1,1,0,0,50,50,0,0
1171172744,2490378,4259850,2490378,0,0,0.08252708,0.08252708,0.0,0.0,2490378,4325386,2490378,0,0,0.0060764337,0.0060764314,0.0,0.0,1,1,0,0,50,50,0,0,1,1,0,0,50,50,0,0
1171371822,2490378,4259850,2490378,0,0,0.094800726,0.09480071,0.0,0.0,2490378,4325386,2490378,0,0,0.0040161484,0.0040161517,0.0,0.0,1,1,0,0,50,50,0,0,1,1,0,0,50,50,0,0
1171575883,2490378,4259850,2490378,0,0,0.07825157,0.07825157,0.0,0.0,2490378,4325386,2490378,0,0,0.00348796,0.00348796,0.0,0.0,1,1,0,0,50,50,0,0,1,1,0,0,50,50,0,0
1171774965,2490378,4259850,2490378,0,0,0.08999343,0.08999345,0.0,0.0,2490378,4325386,2490378,0,0,0.0042352295,0.0042352304,0.0,0.0,1,1,0,0,50,50,0,0,1,1,0,0,50,50,0,0
1171974070,2490378,4259850,2490378,0,0,0.085420415,0.08542043,0.0,0.0,2490378,4325386,2490378,0,0,0.004549276,0.0045492756,0.0,0.0,1,1,0,0,50,50,0,0,1,1,0,0,50,50,0,0
1172173145,2490378,4259850,2490378,0,0,0.08896959,0.08896959,0.0,0.0,2490378,4325386,2490378,0,0,0.003488412,0.00348841,0.0,0.0,1,1,0,0,50,50,0,0,1,1,0,0,50,50,0,0
1172372216,2490378,4259850,2490378,0,0,0.08028388,0.08028388,0.0,0.0,2490378,4325386,2490378,0,0,0.0037860072,0.0037860065,0.0,0.0,1,1,0,0,50,50,0,0,1,1,0,0,50,50,0,0
1172576272,2490378,4259850,2490378,0,0,0.110781915,0.110782005,0.0,0.0,2490378,4325386,2490378,0,0,0.0038765164,0.003876516,0.0,0.0,1,1,0,0,50,50,0,0,1,1,0,0,50,50,0,0
1172775364,2490378,4259850,2490378,0,0,0.091313824,0.09131385,0.0,0.0,2490378,4325386,2490378,0,0,0.0033342517,0.003334253,0.0,0.0,1,1,0,0,50,50,0,0,1,1,0,0,50,50,0,0
1172974442,2490378,4259850,2490378,0,0,0.103772126,0.10377211,0.0,0.0,2490378,4325386,2490378,0,0,0.0041364376,0.004136439,0.0,0.0,1,1,0,0,50,50,0,0,1,1,0,0,50,50,0,0
1173178532,2490378,4259850,2490378,0,0,0.081775546,0.08177557,0.0,0.0,2490378,4325386,2490378,0,0,0.0036726221,0.0036726217,0.0,0.0,1,1,0,0,50,50,0,0,1,1,0,0,50,50,0,0
1173377548,2490378,4259850,2490378,0,0,0.097416654,0.097416654,0.0,0.0,2490378,4325386,2490378,0,0,0.0043179183,0.004317918,0.0,0.0,1,1,0,0,50,50,0,0,1,1,0,0,50,50,0,0
1173576659,2490378,4259850,2490378,0,0,0.11781555,0.11781558,0.0,0.0,2490378,4325386,2490378,0,0,0.0029132578,0.0029132578,0.0,0.0,1,1,0,0,50,50,0,0,1,1,0,0,50,50,0,0
1173775751,2490378,4259850,2490378,0,0,0.08331273,0.08331275,0.0,0.0,2490378,4325386,2490378,0,0,0.0026402054,0.0026402057,0.0,0.0,1,1,0,0,50,50,0,0,1,1,0,0,50,50,0,0
1173974808,2490378,4259850,2490378,0,0,0.08730537,0.08730536,0.0,0.0,2490378,4325386,2490378,0,0,0.003319298,0.0033192977,0.0,0.0,1,1,0,0,50,50,0,0,1,1,0,0,50,50,0,0
1174173865,2490378,4259850,2490378,0,0,0.084967665,0.08496769,0.0,0.0,2490378,4325386,2490378,0,0,0.0032730824,0.0032730827,0.0,0.0,1,1,0,0,50,50,0,0,1,1,0,0,50,50,0,0
1174377953,2490378,4259850,2490378,0,0,0.06864785,0.068647854,0.0,0.0,2490378,4325386,2490378,0,0,0.0035298879,0.0035298874,0.0,0.0,1,1,0,0,50,50,0,0,1,1,0,0,50,50,0,0
1174577003,2490378,4259850,2490378,0,0,0.090653285,0.090653285,0.0,0.0,2490378,4325386,2490378,0,0,0.0033095903,0.0033095886,0.0,0.0,1,1,0,0,50,50,0,0,1,1,0,0,50,50,0,0
1174776112,2490378,4259850,2490378,0,0,0.096768625,0.096768565,0.0,0.0,2490378,4325386,2490378,0,0,0.0031259921,0.003125991,0.0,0.0,1,1,0,0,50,50,0,0,1,1,0,0,50,50,0,0
1174975187,2490378,4259850,2490378,0,0,0.08702049,0.08702049,0.0,0.0,2490378,4325386,2490378,0,0,0.0036913762,0.0036913771,0.0,0.0,1,1,0,0,50,50,0,0,1,1,0,0,50,50,0,0
1175174240,2490378,4259850,2490378,0,0,0.08024862,0.0802486,0.0,0.0,2490378,4325386,2490378,0,0,0.0039598704,0.00395987,0.0,0.0,1,1,0,0,50,50,0,0,1,1,0,0,50,50,0,0
1175373381,2490378,4259850,2490378,0,0,0.085718215,0.085718215,0.0,0.0,2490378,4325386,2490378,0,0,0.0037565017,0.0037565015,0.0,0.0,1,1,0,0,50,50,0,0,1,1,0,0,50,50,0,0
1175572398,2490378,4259850,2490378,0,0,0.07515016,0.07515013,0.0,0.0,2490378,4325386,2490378,0,0,0.003593786,0.0035937869,0.0,0.0,1,1,0,0,50,50,0,0,1,1,0,0,50,50,0,0
1175776501,2490378,4259850,2490378,0,0,0.088832386,0.088832386,0.0,0.0,2490378,4325386,2490378,0,0,0.0037889318,0.0037889325,0.0,0.0,1,1,0,0,50,50,0,0,1,1,0,0,50,50,0,0
1175975575,2490378,4259850,2490378,0,0,0.09017543,0.09017543,0.0,0.0,2490378,4325386,2490378,0,0,0.005263599,0.005263599,0.0,0.0,1,1,0,0,50,50,0,0,1,1,0,0,50,50,0,0
1176174621,2490378,4259850,2490378,0,0,0.06975126,0.06975126,0.0,0.0,2490378,4325386,2490378,0,0,0.0038898336,0.003889833,0.0,0.0,1,1,0,0,50,50,0,0,1,1,0,0,50,50,0,0
1176373704,2490378,4259850,2490378,0,0,0.07206256,0.07206257,0.0,0.0,2490378,4325386,2490378,0,0,0.003371779,0.0033717789,0.0,0.0,1,1,0,0,50,50,0,0,1,1,0,0,50,50,0,0
1176572806,2490378,4259850,2490378,0,0,0.0983664,0.098366395,0.0,0.0,2490378,4325386,2490378,0,0,0.0032361299,0.0032361285,0.0,0.0,1,1,0,0,50,50,0,0,1,1,0,0,50,50,0,0
1176771857,2490378,4259850,2490378,0,0,0.10590343,0.10590345,0.0,0.0,2490378,4325386,2490378,0,0,0.0039842995,0.0039843,0.0,0.0,1,1,0,0,50,50,0,0,1,1,0,0,50,50,0,0
1176975907,2490378,4259850,2490378,0,0,0.0952796,0.09527959,0.0,0.0,2490378,4325386,2490378,0,0,0.0024450093,0.0024450093,0.0,0.0,1,1,0,0,50,50,0,0,1,1,0,0,50,50,0,0
1177174994,2490378,4259850,2490378,0,0,0.09460691,0.09460692,0.0,0.0,2490378,4325386,2490378,0,0,0.0032464883,0.0032464871,0.0,0.0,1,1,0,0,50,50,0,0,1,1,0,0,50,50,0,0
1177374123,2490378,4259850,2490378,0,0,0.10167554,0.10167553,0.0,0.0,2490378,4325386,2490378,0,0,0.0042433348,0.0042433348,0.0,0.0,1,1,0,0,50,50,0,0,1,1,0,0,50,50,0,0
1177573154,2490378,4259850,2490378,0,0,0.08998296,0.08998295,0.0,0.0,2490378,4325386,2490378,0,0,0.0034598815,0.0034598818,0.0,0.0,1,1,0,0,50,50,0,0,1,1,0,0,50,50,0,0
1177777208,2490378,4259850,2490378,0,0,0.123676315,0.12367633,0.0,0.0,2490378,4325386,2490378,0,0,0.0025874113,0.0025874106,0.0,0.0,1,1,0,0,50,50,0,0,1,1,0,0,50,50,0,0
1177976288,2490378,4259850,2490378,0,0,0.11162618,0.111626185,0.0,0.0,2490378,4325386,2490378,0,0,0.0038647794,0.0038647798,0.0,0.0,1,1,0,0,50,50,0,0,1,1,0,0,50,50,0,0
1178175368,2490378,4259850,2490378,0,0,0.106440745,0.10644075,0.0,0.0,2490378,4325386,2490378,0,0,0.0039120275,0.0039120275,0.0,0.0,1,1,0,0,50,50,0,0,1,1,0,0,50,50,0,0
1178374450,2490378,4259850,2490378,0,0,0.087097265,0.087097265,0.0,0.0,2490378,4325386,2490378,0,0,0.0040084417,0.004008442,0.0,0.0,1,1,0,0,50,50,0,0,1,1,0,0,50,50,0,0
1178578504,2490378,4259850,2490378,0,0,0.09505448,0.095054485,0.0,0.0,2490378,4325386,2490378,0,0,0.004118381,0.004118382,0.0,0.0,1,1,0,0,50,50,0,0,1,1,0,0,50,50,0,0
1178777652,2490378,4259850,2490378,0,0,0.094855286,0.094855286,0.0,0.0,2490378,4325386,2490378,0,0,0.0037774222,0.003777421,0.0,0.0,1,1,0,0,50,50,0,0,1,1,0,0,50,50,0,0
1178976667,2490378,4259850,2490378,0,0,0.08062388,0.08062387,0.0,0.0,2490378,4325386,2490378,0,0,0.0014802534,0.0014802527,0.0,0.0,1,1,0,0,50,50,0,0,1,1,0,0,50,50,0,0
1179175744,2490378,4259850,2490378,0,0,0.07795575,0.077955745,0.0,0.0,2490378,4325386,2490378,0,0,0.0032523735,0.0032523717,0.0,0.0,1,1,0,0,50,50,0,0,1,1,0,0,50,50,0,0
1179374857,2490378,4259850,2490378,0,0,0.10234775,0.10234775,0.0,0.0,2490378,4325386,2490378,0,0,0.005360317,0.0053603165,0.0,0.0,1,1,0,0,50,50,0,0,1,1,0,0,50,50,0,0
1179573907,2490378,4259850,2490378,0,0,0.10962124,0.10962126,0.0,0.0,2490378,4325386,2490378,0,0,0.0044931485,0.0044931495,0.0,0.0,1,1,0,0,50,50,0,0,1,1,0,0,50,50,0,0
1179772987,2490378,4259850,2490378,0,0,0.08945056,0.08945058,0.0,0.0,2490378,4325386,2490378,0,0,0.0033589762,0.0033589776,0.0,0.0,1,1,0,0,50,50,0,0,1,1,0,0,50,50,0,0
1179977041,2490378,4259850,2490378,0,0,0.0936029,0.093602955,0.0,0.0,2490378,4325386,2490378,0,0,0.0042719683,0.004271968,0.0,0.0,1,1,0,0,50,50,0,0,1,1,0,0,50,50,0,0
1180176123,2490378,4259850,2490378,0,0,0.08524491,0.08524488,0.0,0.0,2490378,4325386,2490378,0,0,0.0030373142,0.0030373149,0.0,0.0,1,1,0,0,50,50,0,0,1,1,0,0,50,50,0,0
1180375203,2490378,4259850,2490378,0,0,0.07373018,0.073730186,0.0,0.0,2490378,4325386,2490378,0,0,0.0027197555,0.0027197555,0.0,0.0,1,1,0,0,50,50,0,0,1,1,0,0,50,50,0,0
1180574283,2490378,4259850,2490378,0,0,0.08428064,0.08428064,0.0,0.0,2490378,4325386,2490378,0,0,0.0032285072,0.0032285077,0.0,0.0,1,1,0,0,50,50,0,0,1,1,0,0,50,50,0,0
1180773363,2490378,4259850,2490378,0,0,0.089078054,0.08907804,0.0,0.0,2490378,4325386,2490378,0,0,0.0031552997,0.0031552997,0.0,0.0,1,1,0,0,50,50,0,0,1,1,0,0,50,50,0,0
1180972500,2490378,4259850,2490378,0,0,0.09904743,0.0990474,0.0,0.0,2490378,4325386,2490378,0,0,0.0033276144,0.0033276144,0.0,0.0,1,1,0,0,50,50,0,0,1,1,0,0,50,50,0,0
1181171524,2490378,4259850,2490378,0,0,0.076403454,0.07640345,0.0,0.0,2490378,4325386,2490378,0,0,0.0031023223,0.0031023219,0.0,0.0,1,1,0,0,50,50,0,0,1,1,0,0,50,50,0,0
1181375581,2490378,4259850,2490378,0,0,0.08682017,0.08682018,0.0,0.0,2490378,4325386,2490378,0,0,0.003168631,0.0031686318,0.0,0.0,1,1,0,0,50,50,0,0,1,1,0,0,50,50,0,0
1181574720,2490378,4259850,2490378,0,0,0.08572209,0.08572205,0.0,0.0,2490378,4325386,2490378,0,0,0.0040821764,0.004082176,0.0,0.0,1,1,0,0,50,50,0,0,1,1,0,0,50,50,0,0
1181773747,2490378,4259850,2490378,0,0,0.07703263,0.07703262,0.0,0.0,2490378,4325386,2490378,0,0,0.0043575107,0.0043575116,0.0,0.0,1,1,0,0,50,50,0,0,1,1,0,0,50,50,0,0
1181972825,2490378,4259850,2490378,0,0,0.09110248,0.09110249,0.0,0.0,2490378,4325386,2490378,0,0,0.0040632975,0.0040632975,0.0,0.0,1,1,0,0,50,50,0,0,1,1,0,0,50,50,0,0
1182176941,2490378,4259850,2490378,0,0,0.11241256,0.11241253,0.0,0.0,2490378,4325386,2490378,0,0,0.0027294785,0.0027294792,0.0,0.0,1,1,0,0,50,50,0,0,1,1,0,0,50,50,0,0
1182375957,2490378,4259850,2490378,0,0,0.06278364,0.06278367,0.0,0.0,2490378,4325386,2490378,0,0,0.0030817266,0.0030817245,0.0,0.0,1,1,0,0,50,50,0,0,1,1,0,0,50,50,0,0
1182575060,2490378,4259850,2490378,0,0,0.07862389,0.078623995,0.0,0.0,2490378,4325386,2490378,0,0,0.0045977095,0.004597707,0.0,0.0,1,1,0,0,50,50,0,0,1,1,0,0,50,50,0,0
1182774151,2490378,4259850,2490378,0,0,0.08579426,0.08579444,0.0,0.0,2490378,4325386,2490378,0,0,0.0036993944,0.003699397,0.0,0.0,1,1,0,0,50,50,0,0,1,1,0,0,50,50,0,0
1182978176,2490378,4259850,2490378,0,0,0.070879236,0.07087924,0.0,0.0,2490378,4325386,2490378,0,0,0.004471325,0.0044713262,0.0,0.0,1,1,0,0,50,50,0,0,1,1,0,0,50,50,0,0
1183177256,2490378,4259850,2490378,0,0,0.052492604,0.0524926,0.0,0.0,2490378,4325386,2490378,0,0,0.0041537597,0.0041537588,0.0,0.0,1,1,0,0,50,50,0,0,1,1,0,0,50,50,0,0
1183376338,2490378,4259850,2490378,0,0,0.068352215,0.06835221,0.0,0.0,2490378,4325386,2490378,0,0,0.002667033,0.0026670357,0.0,0.0,1,1,0,0,50,50,0,0,1,1,0,0,50,50,0,0
1183575444,2490378,4259850,2490378,0,0,0.08105186,0.08105186,0.0,0.0,2490378,4325386,2490378,0,0,0.0047580902,0.00475809,0.0,0.0,1,1,0,0,50,50,0,0,1,1,0,0,50,50,0,0
1183774526,2490378,4259850,2490378,0,0,0.06422842,0.06422851,0.0,0.0,2490378,4325386,2490378,0,0,0.004036117,0.0040361173,0.0,0.0,1,1,0,0,50,50,0,0,1,1,0,0,50,50,0,0
1183973584,2490378,4259850,2490378,0,0,0.08644715,0.08644713,0.0,0.0,2490378,4325386,2490378,0,0,0.0042554596,0.00425546,0.0,0.0,1,1,0,0,50,50,0,0,1,1,0,0,50,50,0,0
1184177659,2490378,4259850,2490378,0,0,0.09458272,0.0945827,0.0,0.0,2490378,4325386,2490378,0,0,0.003615274,0.0036152785,0.0,0.0,1,1,0,0,50,50,0,0,1,1,0,0,50,50,0,0
1184376730,2490378,4259850,2490378,0,0,0.11363699,0.1136369,0.0,0.0,2490378,4325386,2490378,0,0,0.005847016,0.0058470187,0.0,0.0,1,1,0,0,50,50,0,0,1,1,0,0,50,50,0,0
1184575794,2490378,4259850,2490378,0,0,0.09711357,0.09711359,0.0,0.0,2490378,4325386,2490378,0,0,0.0046178238,0.0046178224,0.0,0.0,1,1,0,0,50,50,0,0,1,1,0,0,50,50,0,0
1184774877,2490378,4259850,2490378,0,0,0.0616212,0.06162105,0.0,0.0,2490378,4325386,2490378,0,0,0.0024905673,0.0024905675,0.0,0.0,1,1,0,0,50,50,0,0,1,1,0,0,50,50,0,0
1184973988,2490378,4259850,2490378,0,0,0.107270434,0.10727042,0.0,0.0,2490378,4325386,2490378,0,0,0.003589606,0.0035896057,0.0,0.0,1,1,0,0,50,50,0,0,1,1,0,0,50,50,0,0
1185173057,2490378,4259850,2490378,0,0,0.09218091,0.09218093,0.0,0.0,2490378,4325386,2490378,0,0,0.0033887217,0.0033887208,0.0,0.0,1,1,0,0,50,50,0,0,1,1,0,0,50,50,0,0
1185372117,2490378,4259850,2490378,0,0,0.08461947,0.08461945,0.0,0.0,2490378,4325386,2490378,0,0,0.003650214,0.0036502131,0.0,0.0,1,1,0,0,50,50,0,0,1,1,0,0,50,50,0,0
1185576176,2490378,4259850,2490378,0,0,0.12395043,0.12395045,0.0,0.0,2490378,4325386,2490378,0,0,0.00419393,0.0041939304,0.0,0.0,1,1,0,0,50,50,0,0,1,1,0,0,50,50,0,0
1185775257,2490378,4259850,2490378,0,0,0.07809938,0.07809937,0.0,0.0,2490378,4325386,2490378,0,0,0.0018564948,0.0018564925,0.0,0.0,1,1,0,0,50,50,0,0,1,1,0,0,50,50,0,0
1185974337,2490378,4259850,2490378,0,0,0.06083118,0.060831193,0.0,0.0,2490378,4325386,2490378,0,0,0.0051717013,0.0051717036,0.0,0.0,1,1,0,0,50,50,0,0,1,1,0,0,50,50,0,0
1186173416,2490378,4259850,2490378,0,0,0.06462497,0.064624876,0.0,0.0,2490378,4325386,2490378,0,0,0.008186632,0.008186631,0.0,0.0,1,1,0,0,50,50,0,0,1,1,0,0,50,50,0,0
1186372495,2490378,4259850,2490378,0,0,0.10062217,0.10062216,0.0,0.0,2490378,4325386,2490378,0,0,0.006383712,0.006383711,0.0,0.0,1,1,0,0,50,50,0,0,1,1,0,0,50,50,0,0
1186576575,2490378,4259850,2490378,0,0,0.07530033,0.07530033,0.0,0.0,2490378,4325386,2490378,0,0,0.0050849677,0.0050849635,0.0,0.0,1,1,0,0,50,50,0,0,1,1,0,0,50,50,0,0
1186775637,2490378,4259850,2490378,0,0,0.09326385,0.093263805,0.0,0.0,2490378,4325386,2490378,0,0,0.0033831685,0.0033831687,0.0,0.0,1,1,0,0,50,50,0,0,1,1,0,0,50,50,0,0
1186974714,2490378,4259850,2490378,0,0,0.07329628,0.07329637,0.0,0.0,2490378,4325386,2490378,0,0,0.0067585874,0.0067585874,0.0,0.0,1,1,0,0,50,50,0,0,1,1,0,0,50,50,0,0
1187173828,2490378,4259850,2490378,0,0,0.089614235,0.08961418,0.0,0.0,2490378,4325386,2490378,0,0,0.0028181772,0.002818177,0.0,0.0,1,1,0,0,50,50,0,0,1,1,0,0,50,50,0,0
1187377862,2490378,4259850,2490378,0,0,0.10529935,0.105299294,0.0,0.0,2490378,4325386,2490378,0,0,0.0041071987,0.004107202,0.0,0.0,1,1,0,0,50,50,0,0,1,1,0,0,50,50,0,0
1187576956,2490378,4259850,2490378,0,0,0.101178154,0.101178154,0.0,0.0,2490378,4325386,2490378,0,0,0.0040827408,0.0040827408,0.0,0.0,1,1,0,0,50,50,0,0,1,1,0,0,50,50,0,0
1187776052,2490378,4259850,2490378,0,0,0.062931165,0.06293115,0.0,0.0,2490378,4325386,2490378,0,0,0.004263727,0.0042637275,0.0,0.0,1,1,0,0,50,50,0,0,1,1,0,0,50,50,0,0
1187975096,2490378,4259850,2490378,0,0,0.10233264,0.10233265,0.0,0.0,2490378,4325386,2490378,0,0,0.003436977,0.0034369768,0.0,0.0,1,1,0,0,50,50,0,0,1,1,0,0,50,50,0,0
1188174175,2490378,4259850,2490378,0,0,0.06422305,0.06422306,0.0,0.0,2490378,4325386,2490378,0,0,0.0031368746,0.0031368716,0.0,0.0,1,1,0,0,50,50,0,0,1,1,0,0,50,50,0,0
1188378234,2490378,4259850,2490378,0,0,0.09934873,0.09934873,0.0,0.0,2490378,4325386,2490378,0,0,0.0051647616,0.005164761,0.0,0.0,1,1,0,0,50,50,0,0,1,1,0,0,50,50,0,0
1188577314,2490378,4259850,2490378,0,0,0.06504114,0.065041155,0.0,0.0,2490378,4325386,2490378,0,0,0.0035293552,0.0035293547,0.0,0.0,1,1,0,0,50,50,0,0,1,1,0,0,50,50,0,0
1188776397,2490378,4259850,2490378,0,0,0.07995271,0.07995267,0.0,0.0,2490378,4325386,2490378,0,0,0.004368943,0.0043689404,0.0,0.0,1,1,0,0,50,50,0,0,1,1,0,0,50,50,0,0
1188975478,2490378,4259850,2490378,0,0,0.08690623,0.086906254,0.0,0.0,2490378,4325386,2490378,0,0,0.003212645,0.003212643,0.0,0.0,1,1,0,0,50,50,0,0,1,1,0,0,50,50,0,0
1189174644,2490378,4259850,2490378,0,0,0.10746515,0.1074651,0.0,0.0,2490378,4325386,2490378,0,0,0.0032917208,0.0032917217,0.0,0.0,1,1,0,0,50,50,0,0,1,1,0,0,50,50,0,0
1189373641,2490378,4259850,2490378,0,0,0.085060745,0.08506076,0.0,0.0,2490378,4325386,2490378,0,0,0.0055764467,0.0055764467,0.0,0.0,1,1,0,0,50,50,0,0,1,1,0,0,50,50,0,0
1189572722,2490378,4259850,2490378,0,0,0.09726053,0.09726058,0.0,0.0,2490378,4325386,2490378,0,0,0.0032163903,0.00321639,0.0,0.0,1,1,0,0,50,50,0,0,1,1,0,0,50,50,0,0
1189776778,2490378,4259850,2490378,0,0,0.09240147,0.092401475,0.0,0.0,2490378,4325386,2490378,0,0,0.0039971364,0.0039971364,0.0,0.0,1,1,0,0,50,50,0,0,1,1,0,0,50,50,0,0
1189975892,2490378,4259850,2490378,0,0,0.119148254,0.11914828,0.0,0.0,2490378,4325386,2490378,0,0,0.004006476,0.0040064743,0.0,0.0,1,1,0,0,50,50,0,0,1,1,0,0,50,50,0,0
1190174942,2490378,4259850,2490378,0,0,0.05296651,0.052966464,0.0,0.0,2490378,4325386,2490378,0,0,0.005834956,0.005834956,0.0,0.0,1,1,0,0,50,50,0,0,1,1,0,0,50,50,0,0
1190374024,2490378,4259850,2490378,0,0,0.10289299,0.102892995,0.0,0.0,2490378,4325386,2490378,0,0,0.0032164345,0.0032164347,0.0,0.0,1,1,0,0,50,50,0,0,1,1,0,0,50,50,0,0
1190573131,2490378,4259850,2490378,0,0,0.07217744,0.07217737,0.0,0.0,2490378,4325386,2490378,0,0,0.0038017144,0.0038017153,0.0,0.0,1,1,0,0,50,50,0,0,1,1,0,0,50,50,0,0
1190772186,2490378,4259850,2490378,0,0,0.08990846,0.089908466,0.0,0.0,2490378,4325386,2490378,0,0,0.0038598126,0.003859814,0.0,0.0,1,1,0,0,50,50,0,0,1,1,0,0,50,50,0,0
1190971265,2490378,4259850,2490378,0,0,0.08381716,0.083817124,0.0,0.0,2490378,4325386,2490378,0,0,0.0038400758,0.0038400765,0.0,0.0,1,1,0,0,50,50,0,0,1,1,0,0,50,50,0,0
1191175320,2490378,4259850,2490378,0,0,0.019924507,0.019924501,0.0,0.0,2490378,4325386,2490378,0,0,0.0048361556,0.004836155,0.0,0.0,1,1,0,0,50,50,0,0,1,1,0,0,50,50,0,0
1191374405,2490378,4259850,2490378,0,0,0.07612657,0.07612651,0.0,0.0,2490378,4325386,2490378,0,0,0.0037117775,0.0037117775,0.0,0.0,1,1,0,0,50,50,0,0,1,1,0,0,50,50,0,0
1191573484,2490378,4259850,2490378,0,0,0.085571796,0.085571796,0.0,0.0,2490378,4325386,2490378,0,0,0.003189647,0.003189648,0.0,0.0,1,1,0,0,50,50,0,0,1,1,0,0,50,50,0,0
1191777544,2490378,4259850,2490378,0,0,0.08677167,0.08677167,0.0,0.0,2490378,4325386,2490378,0,0,0.00420263,0.0042026294,0.0,0.0,1,1,0,0,50,50,0,0,1,1,0,0,50,50,0,0
1191976653,2490378,4259850,2490378,0,0,0.093986034,0.093986034,0.0,0.0,2490378,4325386,2490378,0,0,0.0040894,0.0040894,0.0,0.0,1,1,0,0,50,50,0,0,1,1,0,0,50,50,0,0
1192175731,2490378,4259850,2490378,0,0,0.08855015,0.08855015,0.0,0.0,2490378,4325386,2490378,0,0,0.003780568,0.003780568,0.0,0.0,1,1,0,0,50,50,0,0,1,1,0,0,50,50,0,0
1192374782,2490378,4259850,2490378,0,0,0.09375853,0.09375853,0.0,0.0,2490378,4325386,2490378,0,0,0.004131112,0.004131111,0.0,0.0,1,1,0,0,50,50,0,0,1,1,0,0,50,50,0,0
1192578878,2490378,4259850,2490378,0,0,0.088517,0.088517025,0.0,0.0,2490378,4325386,2490378,0,0,0.0041392236,0.0041392245,0.0,0.0,1,1,0,0,50,50,0,0,1,1,0,0,50,50,0,0
1192777980,2490378,4259850,2490378,0,0,0.06564568,0.06564566,0.0,0.0,2490378,4325386,2490378,0,0,0.004324933,0.004324934,0.0,0.0,1,1,0,0,50,50,0,0,1,1,0,0,50,50,0,0
1192977004,2490378,4259850,2490378,0,0,0.06158687,0.06158688,0.0,0.0,2490378,4325386,2490378,0,0,0.004523726,0.004523726,0.0,0.0,1,1,0,0,50,50,0,0,1,1,0,0,50,50,0,0
1193176082,2490378,4259850,2490378,0,0,0.07409102,0.07409105,0.0,0.0,2490378,4325386,2490378,0,0,0.0044593415,0.004459343,0.0,0.0,1,1,0,0,50,50,0,0,1,1,0,0,50,50,0,0
1193375214,2490378,4259850,2490378,0,0,0.06504129,0.06504138,0.0,0.0,2490378,4325386,2490378,0,0,0.0055412254,0.0055412278,0.0,0.0,1,1,0,0,50,50,0,0,1,1,0,0,50,50,0,0
1193574249,2490378,4259850,2490378,0,0,0.081846125,0.08184624,0.0,0.0,2490378,4325386,2490378,0,0,0.004680919,0.0046809246,0.0,0.0,1,1,0,0,50,50,0,0,1,1,0,0,50,50,0,0
1193773326,2490378,4259850,2490378,0,0,0.065284066,0.06528408,0.0,0.0,2490378,4325386,2490378,0,0,0.0034477871,0.0034477862,0.0,0.0,1,1,0,0,50,50,0,0,1,1,0,0,50,50,0,0
1193977383,2490378,4259850,2490378,0,0,0.089481704,0.08948173,0.0,0.0,2490378,4325386,2490378,0,0,0.004577837,0.004577834,0.0,0.0,1,1,0,0,50,50,0,0,1,1,0,0,50,50,0,0
1194176466,2490378,4259850,2490378,0,0,0.08440835,0.08440836,0.0,0.0,2490378,4325386,2490378,0,0,0.004706899,0.0047069006,0.0,0.0,1,1,0,0,50,50,0,0,1,1,0,0,50,50,0,0
1194375548,2490378,4259850,2490378,0,0,0.09086871,0.09086871,0.0,0.0,2490378,4325386,2490378,0,0,0.0047173523,0.0047173533,0.0,0.0,1,1,0,0,50,50,0,0,1,1,0,0,50,50,0,0
1194574634,2490378,4259850,2490378,0,0,0.1085482,0.10854822,0.0,0.0,2490378,4325386,2490378,0,0,0.0064316303,0.0064316234,0.0,0.0,1,1,0,0,50,50,0,0,1,1,0,0,50,50,0,0
1194773717,2490378,4259850,2490378,0,0,0.09773724,0.09773724,0.0,0.0,2490378,4325386,2490378,0,0,0.0062141414,0.006214138,0.0,0.0,1,1,0,0,50,50,0,0,1,1,0,0,50,50,0,0
1194972792,2490378,4259850,2490378,0,0,0.09755175,0.09755176,0.0,0.0,2490378,4325386,2490378,0,0,0.0040899944,0.0040899958,0.0,0.0,1,1,0,0,50,50,0,0,1,1,0,0,50,50,0,0
1195171872,2490378,4259850,2490378,0,0,0.10406175,0.104061745,0.0,0.0,2490378,4325386,2490378,0,0,0.0041935137,0.004193516,0.0,0.0,1,1,0,0,50,50,0,0,1,1,0,0,50,50,0,0
1195375932,2490378,4259850,2490378,0,0,0.08319212,0.08319213,0.0,0.0,2490378,4325386,2490378,0,0,0.0045079677,0.004507967,0.0,0.0,1,1,0,0,50,50,0,0,1,1,0,0,50,50,0,0
1195575044,2490378,4259850,2490378,0,0,0.1111798,0.11117987,0.0,0.0,2490378,4325386,2490378,0,0,0.0038619915,0.0038619908,0.0,0.0,1,1,0,0,50,50,0,0,1,1,0,0,50,50,0,0
1195774097,2490378,4259850,2490378,0,0,0.07741791,0.07741789,0.0,0.0,2490378,4325386,2490378,0,0,0.0024927894,0.0024927882,0.0,0.0,1,1,0,0,50,50,0,0,1,1,0,0,50,50,0,0
1195973175,2490378,4259850,2490378,0,0,0.0699801,0.06998011,0.0,0.0,2490378,4325386,2490378,0,0,0.003257676,0.003257676,0.0,0.0,1,1,0,0,50,50,0,0,1,1,0,0,50,50,0,0
1196172281,2490378,4259850,2490378,0,0,0.054588817,0.05458874,0.0,0.0,2490378,4325386,2490378,0,0,0.0037336769,0.0037336764,0.0,0.0,1,1,0,0,50,50,0,0,1,1,0,0,50,50,0,0
1196376314,2490378,4259850,2490378,0,0,0.08316049,0.08316049,0.0,0.0,2490378,4325386,2490378,0,0,0.0033593492,0.003359349,0.0,0.0,1,1,0,0,50,50,0,0,1,1,0,0,50,50,0,0
1196575395,2490378,4259850,2490378,0,0,0.08749653,0.08749649,0.0,0.0,2490378,4325386,2490378,0,0,0.00347122,0.0034712201,0.0,0.0,1,1,0,0,50,50,0,0,1,1,0,0,50,50,0,0
1196774479,2490378,4259850,2490378,0,0,0.07984174,0.07984164,0.0,0.0,2490378,4325386,2490378,0,0,0.0035636886,0.003563689,0.0,0.0,1,1,0,0,50,50,0,0,1,1,0,0,50,50,0,0
1196978537,2490378,4259850,2490378,0,0,0.063390315,0.06339032,0.0,0.0,2490378,4325386,2490378,0,0,0.005127175,0.0051271743,0.0,0.0,1,1,0,0,50,50,0,0,1,1,0,0,50,50,0,0
1197177620,2490378,4259850,2490378,0,0,0.08701138,0.087011375,0.0,0.0,2490378,4325386,2490378,0,0,0.0035386102,0.003538613,0.0,0.0,1,1,0,0,50,50,0,0,1,1,0,0,50,50,0,0
1197376714,2490378,4259850,2490378,0,0,0.098602146,0.098602116,0.0,0.0,2490378,4325386,2490378,0,0,0.0037406671,0.0037406662,0.0,0.0,1,1,0,0,50,50,0,0,1,1,0,0,50,50,0,0
1197575784,2490378,4259850,2490378,0,0,0.08417836,0.08417837,0.0,0.0,2490378,4325386,2490378,0,0,0.0043195058,0.004319505,0.0,0.0,1,1,0,0,50,50,0,0,1,1,0,0,50,50,0,0
1197774861,2490378,4259850,2490378,0,0,0.07676486,0.07676489,0.0,0.0,2490378,4325386,2490378,0,0,0.0040230937,0.0040230965,0.0,0.0,1,1,0,0,50,50,0,0,1,1,0,0,50,50,0,0
1197973943,2490378,4259850,2490378,0,0,0.05801904,0.058019042,0.0,0.0,2490378,4325386,2490378,0,0,0.0036554027,0.0036554006,0.0,0.0,1,1,0,0,50,50,0,0,1,1,0,0,50,50,0,0
1198178000,2490378,4259850,2490378,0,0,0.09588864,0.0958886,0.0,0.0,2490378,4325386,2490378,0,0,0.004587832,0.004587833,0.0,0.0,1,1,0,0,50,50,0,0,1,1,0,0,50,50,0,0
1198377138,2490378,4259850,2490378,0,0,0.115315095,0.115315124,0.0,0.0,2490378,4325386,2490378,0,0,0.0032871943,0.0032871969,0.0,0.0,1,1,0,0,50,50,0,0,1,1,0,0,50,50,0,0
1198576166,2490378,4259850,2490378,0,0,0.07486105,0.07486105,0.0,0.0,2490378,4325386,2490378,0,0,0.0024660216,0.0024660223,0.0,0.0,1,1,0,0,50,50,0,0,1,1,0,0,50,50,0,0
1198775287,2490378,4259850,2490378,0,0,0.063989215,0.06398917,0.0,0.0,2490378,4325386,2490378,0,0,0.004184825,0.004184825,0.0,0.0,1,1,0,0,50,50,0,0,1,1,0,0,50,50,0,0
1198974371,2490378,4259850,2490378,0,0,0.060320098,0.060320094,0.0,0.0,2490378,4325386,2490378,0,0,0.004545437,0.0045454367,0.0,0.0,1,1,0,0,50,50,0,0,1,1,0,0,50,50,0,0
1199173418,2490378,4259850,2490378,0,0,0.09685377,0.096853815,0.0,0.0,2490378,4325386,2490378,0,0,0.00437807,0.004378069,0.0,0.0,1,1,0,0,50,50,0,0,1,1,0,0,50,50,0,0
1199372496,2490378,4259850,2490378,0,0,0.08617975,0.08617974,0.0,0.0,2490378,4325386,2490378,0,0,0.004165788,0.0041657854,0.0,0.0,1,1,0,0,50,50,0,0,1,1,0,0,50,50,0,0
1199576550,2490378,4259850,2490378,0,0,0.09874379,0.098743774,0.0,0.0,2490378,4325386,2490378,0,0,0.0043936456,0.004393646,0.0,0.0,1,1,0,0,50,50,0,0,1,1,0,0,50,50,0,0
1199775635,2490378,4259850,2490378,0,0,0.093156196,0.0931562,0.0,0.0,2490378,4325386,2490378,0,0,0.0038577495,0.0038577495,0.0,0.0,1,1,0,0,50,50,0,0,1,1,0,0,50,50,0,0
1199974718,2490378,4259850,2490378,0,0,0.085706465,0.085706495,0.0,0.0,2490378,4325386,2490378,0,0,0.0045507955,0.004550795,0.0,0.0,1,1,0,0,50,50,0,0,1,1,0,0,50,50,0,0
1200173840,2490378,4259850,2490378,0,0,0.09816345,0.098163456,0.0,0.0,2490378,4325386,2490378,0,0,0.0048427368,0.004842737,0.0,0.0,1,1,0,0,50,50,0,0,1,1,0,0,50,50,0,0
1200372901,2490378,4259850,2490378,0,0,0.096878745,0.09687874,0.0,0.0,2490378,4325386,2490378,0,0,0.0042666034,0.004266604,0.0,0.0,1,1,0,0,50,50,0,0,1,1,0,0,50,50,0,0
1200571955,2490378,4259850,2490378,0,0,0.07236797,0.07236799,0.0,0.0,2490378,4325386,2490378,0,0,0.00424798,0.004247982,0.0,0.0,1,1,0,0,50,50,0,0,1,1,0,0,50,50,0,0
1200776019,2490378,4259850,2490378,0,0,0.08011469,0.0801147,0.0,0.0,2490378,4325386,2490378,0,0,0.0046303687,0.0046303677,0.0,0.0,1,1,0,0,50,50,0,0,1,1,0,0,50,50,0,0
1200975135,2490378,4259850,2490378,0,0,0.09250909,0.09250912,0.0,0.0,2490378,4325386,2490378,0,0,0.004539082,0.004539086,0.0,0.0,1,1,0,0,50,50,0,0,1,1,0,0,50,50,0,0
1201174214,2490378,4259850,2490378,0,0,0.09148022,0.09148022,0.0,0.0,2490378,4325386,2490378,0,0,0.0039809053,0.0039808983,0.0,0.0,1,1,0,0,50,50,0,0,1,1,0,0,50,50,0,0
1201373273,2490378,4259850,2490378,0,0,0.091590114,0.09159012,0.0,0.0,2490378,4325386,2490378,0,0,0.0046230033,0.0046230033,0.0,0.0,1,1,0,0,50,50,0,0,1,1,0,0,50,50,0,0
1201577317,2490378,4259850,2490378,0,0,0.06874008,0.06874007,0.0,0.0,2490378,4325386,2490378,0,0,0.0038832007,0.0038832014,0.0,0.0,1,1,0,0,50,50,0,0,1,1,0,0,50,50,0,0
1201776431,2490378,4259850,2490378,0,0,0.09923694,0.09923695,0.0,0.0,2490378,4325386,2490378,0,0,0.0041575884,0.00415759,0.0,0.0,1,1,0,0,50,50,0,0,1,1,0,0,50,50,0,0
1201975480,2490378,4259850,2490378,0,0,0.09291186,0.09291189,0.0,0.0,2490378,4325386,2490378,0,0,0.0030561676,0.0030561658,0.0,0.0,1,1,0,0,50,50,0,0,1,1,0,0,50,50,0,0
1202174567,2490378,4259850,2490378,0,0,0.08345841,0.0834584,0.0,0.0,2490378,4325386,2490378,0,0,0.0042154305,0.00421543,0.0,0.0,1,1,0,0,50,50,0,0,1,1,0,0,50,50,0,0
1202378625,2490378,4259850,2490378,0,0,0.10826153,0.10826157,0.0,0.0,2490378,4325386,2490378,0,0,0.0050270567,0.0050270595,0.0,0.0,1,1,0,0,50,50,0,0,1,1,0,0,50,50,0,0
1202577706,2490378,4259850,2490378,0,0,0.06072544,0.06072539,0.0,0.0,2490378,4325386,2490378,0,0,0.0036516201,0.0036516224,0.0,0.0,1,1,0,0,50,50,0,0,1,1,0,0,50,50,0,0
1202776807,2490378,4259850,2490378,0,0,0.09073693,0.09073694,0.0,0.0,2490378,4325386,2490378,0,0,0.004382761,0.004382757,0.0,0.0,1,1,0,0,50,50,0,0,1,1,0,0,50,50,0,0
1202975871,2490378,4259850,2490378,0,0,0.07551121,0.07551122,0.0,0.0,2490378,4325386,2490378,0,0,0.003540787,0.0035407878,0.0,0.0,1,1,0,0,50,50,0,0,1,1,0,0,50,50,0,0
1203174949,2490378,4259850,2490378,0,0,0.07342733,0.07342732,0.0,0.0,2490378,4325386,2490378,0,0,0.0047837454,0.0047837445,0.0,0.0,1,1,0,0,50,50,0,0,1,1,0,0,50,50,0,0
1203374030,2490378,4259850,2490378,0,0,0.0907795,0.09077948,0.0,0.0,2490378,4325386,2490378,0,0,0.004376394,0.0043763947,0.0,0.0,1,1,0,0,50,50,0,0,1,1,0,0,50,50,0,0
1203573113,2490378,4259850,2490378,0,0,0.124791175,0.124791265,0.0,0.0,2490378,4325386,2490378,0,0,0.003912565,0.003912563,0.0,0.0,1,1,0,0,50,50,0,0,1,1,0,0,50,50,0,0
1203777173,2490378,4259850,2490378,0,0,0.08848116,0.08848113,0.0,0.0,2490378,4325386,2490378,0,0,0.004200643,0.004200643,0.0,0.0,1,1,0,0,50,50,0,0,1,1,0,0,50,50,0,0
1203976287,2490378,4259850,2490378,0,0,0.09701484,0.097014844,0.0,0.0,2490378,4325386,2490378,0,0,0.0049436693,0.0049436702,0.0,0.0,1,1,0,0,50,50,0,0,1,1,0,0,50,50,0,0
1204175340,2490378,4259850,2490378,0,0,0.08993756,0.08993754,0.0,0.0,2490378,4325386,2490378,0,0,0.004273636,0.0042736423,0.0,0.0,1,1,0,0,50,50,0,0,1,1,0,0,50,50,0,0
1204374418,2490378,4259850,2490378,0,0,0.073174566,0.07317456,0.0,0.0,2490378,4325386,2490378,0,0,0.0047440976,0.0047441004,0.0,0.0,1,1,0,0,50,50,0,0,1,1,0,0,50,50,0,0
1204573528,2490378,4259850,2490378,0,0,0.10646561,0.10646568,0.0,0.0,2490378,4325386,2490378,0,0,0.0055226837,0.005522688,0.0,0.0,1,1,0,0,50,50,0,0,1,1,0,0,50,50,0,0
1204772580,2490378,4259850,2490378,0,0,0.09126362,0.091263644,0.0,0.0,2490378,4325386,2490378,0,0,0.005417545,0.0054175435,0.0,0.0,1,1,0,0,50,50,0,0,1,1,0,0,50,50,0,0
1204971667,2490378,4259850,2490378,0,0,0.10400651,0.10400653,0.0,0.0,2490378,4325386,2490378,0,0,0.0049040797,0.0049040713,0.0,0.0,1,1,0,0,50,50,0,0,1,1,0,0,50,50,0,0
1205175722,2490378,4259850,2490378,0,0,0.09973737,0.09973733,0.0,0.0,2490378,4325386,2490378,0,0,0.0050634677,0.0050634653,0.0,0.0,1,1,0,0,50,50,0,0,1,1,0,0,50,50,0,0
1205374804,2490378,4259850,2490378,0,0,0.08847266,0.088472664,0.0,0.0,2490378,4325386,2490378,0,0,0.00472406,0.0047240597,0.0,0.0,1,1,0,0,50,50,0,0,1,1,0,0,50,50,0,0
1205573887,2490378,4259850,2490378,0,0,0.094830625,0.09483061,0.0,0.0,2490378,4325386,2490378,0,0,0.005092881,0.0050928798,0.0,0.0,1,1,0,0,50,50,0,0,1,1,0,0,50,50,0,0
1205772967,2490378,4259850,2490378,0,0,0.09089436,0.09089435,0.0,0.0,2490378,4325386,2490378,0,0,0.0055317627,0.0055317692,0.0,0.0,1,1,0,0,50,50,0,0,1,1,0,0,50,50,0,0
1205977027,2490378,4259850,2490378,0,0,0.09113903,0.09113898,0.0,0.0,2490378,4325386,2490378,0,0,0.004396598,0.0043966016,0.0,0.0,1,1,0,0,50,50,0,0,1,1,0,0,50,50,0,0
1206176135,2490378,4259850,2490378,0,0,0.09491878,0.09491874,0.0,0.0,2490378,4325386,2490378,0,0,0.005570789,0.0055707875,0.0,0.0,1,1,0,0,50,50,0,0,1,1,0,0,50,50,0,0
1206375190,2490378,4259850,2490378,0,0,0.099487856,0.09948784,0.0,0.0,2490378,4325386,2490378,0,0,0.004490895,0.0044908966,0.0,0.0,1,1,0,0,50,50,0,0,1,1,0,0,50,50,0,0
1206574270,2490378,4259850,2490378,0,0,0.092380576,0.09238058,0.0,0.0,2490378,4325386,2490378,0,0,0.004541329,0.004541331,0.0,0.0,1,1,0,0,50,50,0,0,1,1,0,0,50,50,0,0
1206778492,2490378,4259850,2490378,0,0,0.099536,0.09953591,0.0,0.0,2490378,4325386,2490378,0,0,0.004997669,0.0049976707,0.0,0.0,1,1,0,0,50,50,0,0,1,1,0,0,50,50,0,0
1206977445,2490378,4259850,2490378,0,0,0.0814728,0.081472784,0.0,0.0,2490378,4325386,2490378,0,0,0.005161931,0.0051619317,0.0,0.0,1,1,0,0,50,50,0,0,1,1,0,0,50,50,0,0
1207176513,2490378,4259850,2490378,0,0,0.09090666,0.09090668,0.0,0.0,2490378,4325386,2490378,0,0,0.0042484417,0.004248442,0.0,0.0,1,1,0,0,50,50,0,0,1,1,0,0,50,50,0,0
1207375574,2490378,4259850,2490378,0,0,0.08164963,0.081649646,0.0,0.0,2490378,4325386,2490378,0,0,0.0032633366,0.0032633375,0.0,0.0,1,1,0,0,50,50,0,0,1,1,0,0,50,50,0,0
1207574693,2490378,4259850,2490378,0,0,0.08901241,0.089012414,0.0,0.0,2490378,4325386,2490378,0,0,0.003593104,0.0035931042,0.0,0.0,1,1,0,0,50,50,0,0,1,1,0,0,50,50,0,0
1207773817,2490378,4259850,2490378,0,0,0.07794343,0.07794344,0.0,0.0,2490378,4325386,2490378,0,0,0.0034868042,0.003486805,0.0,0.0,1,1,0,0,50,50,0,0,1,1,0,0,50,50,0,0
1207977797,2490378,4259850,2490378,0,0,0.07784344,0.077843495,0.0,0.0,2490378,4325386,2490378,0,0,0.0032259398,0.0032259396,0.0,0.0,1,1,0,0,50,50,0,0,1,1,0,0,50,50,0,0
1208176880,2490378,4259850,2490378,0,0,0.07230483,0.0723048,0.0,0.0,2490378,4325386,2490378,0,0,0.004336398,0.004336397,0.0,0.0,1,1,0,0,50,50,0,0,1,1,0,0,50,50,0,0
1208375960,2490378,4259850,2490378,0,0,0.076551996,0.076552026,0.0,0.0,2490378,4325386,2490378,0,0,0.0044133826,0.0044133826,0.0,0.0,1,1,0,0,50,50,0,0,1,1,0,0,50,50,0,0
1208575064,2490378,4259850,2490378,0,0,0.0959213,0.09592129,0.0,0.0,2490378,4325386,2490378,0,0,0.003778483,0.0037784837,0.0,0.0,1,1,0,0,50,50,0,0,1,1,0,0,50,50,0,0
1208774128,2490378,4259850,2490378,0,0,0.10467757,0.104677565,0.0,0.0,2490378,4325386,2490378,0,0,0.004259664,0.0042596655,0.0,0.0,1,1,0,0,50,50,0,0,1,1,0,0,50,50,0,0
1208973209,2490378,4259850,2490378,0,0,0.05540025,0.055400245,0.0,0.0,2490378,4325386,2490378,0,0,0.0028601326,0.002860135,0.0,0.0,1,1,0,0,50,50,0,0,1,1,0,0,50,50,0,0
1209172289,2490378,4259850,2490378,0,0,0.078203805,0.07820378,0.0,0.0,2490378,4325386,2490378,0,0,0.0035819265,0.003581927,0.0,0.0,1,1,0,0,50,50,0,0,1,1,0,0,50,50,0,0
1209376351,2490378,4259850,2490378,0,0,0.079628766,0.07962875,0.0,0.0,2490378,4325386,2490378,0,0,0.0064360714,0.0064360704,0.0,0.0,1,1,0,0,50,50,0,0,1,1,0,0,50,50,0,0
1209575465,2490378,4259850,2490378,0,0,0.081546344,0.081546366,0.0,0.0,2490378,4325386,2490378,0,0,0.0052680383,0.0052680373,0.0,0.0,1,1,0,0,50,50,0,0,1,1,0,0,50,50,0,0
1209774517,2490378,4259850,2490378,0,0,0.13274027,0.13274023,0.0,0.0,2490378,4325386,2490378,0,0,0.004035855,0.004035853,0.0,0.0,1,1,0,0,50,50,0,0,1,1,0,0,50,50,0,0
1209973594,2490378,4259850,2490378,0,0,0.08752577,0.08752582,0.0,0.0,2490378,4325386,2490378,0,0,0.0033127384,0.0033127381,0.0,0.0,1,1,0,0,50,50,0,0,1,1,0,0,50,50,0,0
1210172701,2490378,4259850,2490378,0,0,0.096244134,0.0962441,0.0,0.0,2490378,4325386,2490378,0,0,0.003144692,0.0031446922,0.0,0.0,1,1,0,0,50,50,0,0,1,1,0,0,50,50,0,0
1210371762,2490378,4259850,2490378,0,0,0.12376866,0.12376864,0.0,0.0,2490378,4325386,2490378,0,0,0.00052977056,0.0005297702,0.0,0.0,1,1,0,0,50,50,0,0,1,1,0,0,50,50,0,0
1210575815,2490378,4259850,2490378,0,0,0.067957506,0.06795748,0.0,0.0,2490378,4325386,2490378,0,0,0.0023885474,0.002388547,0.0,0.0,1,1,0,0,50,50,0,0,1,1,0,0,50,50,0,0
1210774903,2490378,4259850,2490378,0,0,0.09094841,0.09094848,0.0,0.0,2490378,4325386,2490378,0,0,0.0041398825,0.0041398806,0.0,0.0,1,1,0,0,50,50,0,0,1,1,0,0,50,50,0,0
1210973985,2490378,4259850,2490378,0,0,0.09181581,0.09181578,0.0,0.0,2490378,4325386,2490378,0,0,0.0051431283,0.005143128,0.0,0.0,1,1,0,0,50,50,0,0,1,1,0,0,50,50,0,0
1211178045,2490378,4259850,2490378,0,0,0.0875458,0.08754577,0.0,0.0,2490378,4325386,2490378,0,0,0.0031130437,0.003113043,0.0,0.0,1,1,0,0,50,50,0,0,1,1,0,0,50,50,0,0
1211377123,2490378,4259850,2490378,0,0,0.13813488,0.1381349,0.0,0.0,2490378,4325386,2490378,0,0,0.001916232,0.0019162315,0.0,0.0,1,1,0,0,50,50,0,0,1,1,0,0,50,50,0,0
1211576207,2490378,4259850,2490378,0,0,0.06730904,0.067309014,0.0,0.0,2490378,4325386,2490378,0,0,0.0021053653,0.0021053653,0.0,0.0,1,1,0,0,50,50,0,0,1,1,0,0,50,50,0,0
1211775285,2490378,4259850,2490378,0,0,0.06991215,0.069912024,0.0,0.0,2490378,4325386,2490378,0,0,0.0026359046,0.0026359041,0.0,0.0,1,1,0,0,50,50,0,0,1,1,0,0,50,50,0,0
1211974370,2490378,4259850,2490378,0,0,0.07060143,0.070601396,0.0,0.0,2490378,4325386,2490378,0,0,0.00395599,0.0039559896,0.0,0.0,1,1,0,0,50,50,0,0,1,1,0,0,50,50,0,0
1212178429,2490378,4259850,2490378,0,0,0.09050675,0.09050678,0.0,0.0,2490378,4325386,2490378,0,0,0.002784539,0.002784539,0.0,0.0,1,1,0,0,50,50,0,0,1,1,0,0,50,50,0,0
1212377519,2490378,4259850,2490378,0,0,0.26504466,0.26504475,0.0,0.0,2490378,4325386,2490378,0,0,0.0052323653,0.005232365,0.0,0.0,1,1,0,0,50,50,0,0,1,1,0,0,50,50,0,0
1212576594,2490378,4259850,2490378,0,0,0.1006594,0.10065944,0.0,0.0,2490378,4325386,2490378,0,0,0.0020436554,0.0020436563,0.0,0.0,1,1,0,0,50,50,0,0,1,1,0,0,50,50,0,0
1212775725,2490378,4259850,2490378,0,0,0.08525849,0.08525851,0.0,0.0,2490378,4325386,2490378,0,0,0.0020317102,0.002031711,0.0,0.0,1,1,0,0,50,50,0,0,1,1,0,0,50,50,0,0
1212974820,2490378,4259850,2490378,0,0,0.062753275,0.062753394,0.0,0.0,2490378,4325386,2490378,0,0,0.0030166197,0.0030166206,0.0,0.0,1,1,0,0,50,50,0,0,1,1,0,0,50,50,0,0
1213173849,2490378,4259850,2490378,0,0,0.07107047,0.071070544,0.0,0.0,2490378,4325386,2490378,0,0,0.0037203294,0.0037203291,0.0,0.0,1,1,0,0,50,50,0,0,1,1,0,0,50,50,0,0
1213372951,2490378,4259850,2490378,0,0,0.075164296,0.0751643,0.0,0.0,2490378,4325386,2490378,0,0,0.0034227804,0.0034227804,0.0,0.0,1,1,0,0,50,50,0,0,1,1,0,0,50,50,0,0
1213576993,2490378,4259850,2490378,0,0,0.120321356,0.12032136,0.0,0.0,2490378,4325386,2490378,0,0,0.0033858211,0.0033858223,0.0,0.0,1,1,0,0,50,50,0,0,1,1,0,0,50,50,0,0
1213776061,2490378,4259850,2490378,0,0,0.07706434,0.077064335,0.0,0.0,2490378,4325386,2490378,0,0,0.0013095699,0.0013095702,0.0,0.0,1,1,0,0,50,50,0,0,1,1,0,0,50,50,0,0
1213975143,2490378,4259850,2490378,0,0,0.03965114,0.039651193,0.0,0.0,2490378,4325386,2490378,0,0,0.0015672996,0.0015672998,0.0,0.0,1,1,0,0,50,50,0,0,1,1,0,0,50,50,0,0
1214174227,2490378,4259850,2490378,0,0,0.07684659,0.07684659,0.0,0.0,2490378,4325386,2490378,0,0,0.004156092,0.0041560913,0.0,0.0,1,1,0,0,50,50,0,0,1,1,0,0,50,50,0,0
1214373308,2490378,4259850,2490378,0,0,0.07252376,0.07252379,0.0,0.0,2490378,4325386,2490378,0,0,0.0046833875,0.0046833865,0.0,0.0,1,1,0,0,50,50,0,0,1,1,0,0,50,50,0,0
1214572390,2490378,4259850,2490378,0,0,0.09943852,0.099438585,0.0,0.0,2490378,4325386,2490378,0,0,0.0013942227,0.0013942238,0.0,0.0,1,1,0,0,50,50,0,0,1,1,0,0,50,50,0,0
1214771491,2490378,4259850,2490378,0,0,0.14834903,0.14834896,0.0,0.0,2490378,4325386,2490378,0,0,0.0029629527,0.0029629536,0.0,0.0,1,1,0,0,50,50,0,0,1,1,0,0,50,50,0,0
1214975545,2490378,4259850,2490378,0,0,0.06700558,0.06700548,0.0,0.0,2490378,4325386,2490378,0,0,0.0016303268,0.0016303268,0.0,0.0,1,1,0,0,50,50,0,0,1,1,0,0,50,50,0,0
1215174645,2490378,4259850,2490378,0,0,0.06725458,0.06725458,0.0,0.0,2490378,4325386,2490378,0,0,0.002939545,0.0029395455,0.0,0.0,1,1,0,0,50,50,0,0,1,1,0,0,50,50,0,0
1215373702,2490378,4259850,2490378,0,0,0.0777589,0.077759035,0.0,0.0,2490378,4325386,2490378,0,0,0.0045957374,0.0045957384,0.0,0.0,1,1,0,0,50,50,0,0,1,1,0,0,50,50,0,0
1215572781,2490378,4259850,2490378,0,0,0.091243275,0.09124329,0.0,0.0,2490378,4325386,2490378,0,0,0.004187005,0.0041870032,0.0,0.0,1,1,0,0,50,50,0,0,1,1,0,0,50,50,0,0
1215776839,2490378,4259850,2490378,0,0,0.19253507,0.19253507,0.0,0.0,2490378,4325386,2490378,0,0,0.00440664,0.00440664,0.0,0.0,1,1,0,0,50,50,0,0,1,1,0,0,50,50,0,0
1215975920,2490378,4259850,2490378,0,0,0.10378198,0.10378201,0.0,0.0,2490378,4325386,2490378,0,0,0.0031205786,0.0031205812,0.0,0.0,1,1,0,0,50,50,0,0,1,1,0,0,50,50,0,0
1216175003,2490378,4259850,2490378,0,0,0.0712701,0.07127016,0.0,0.0,2490378,4325386,2490378,0,0,0.0036575797,0.0036575824,0.0,0.0,1,1,0,0,50,50,0,0,1,1,0,0,50,50,0,0
1216379066,2490378,4259850,2490378,0,0,0.08605263,0.08605263,0.0,0.0,2490378,4325386,2490378,0,0,0.003779947,0.0037799464,0.0,0.0,1,1,0,0,50,50,0,0,1,1,0,0,50,50,0,0
1216578144,2490378,4259850,2490378,0,0,0.06814637,0.06814635,0.0,0.0,2490378,4325386,2490378,0,0,0.004200944,0.0042009433,0.0,0.0,1,1,0,0,50,50,0,0,1,1,0,0,50,50,0,0
1216777230,2490378,4259850,2490378,0,0,0.06911384,0.06911384,0.0,0.0,2490378,4325386,2490378,0,0,0.0031496768,0.0031496768,0.0,0.0,1,1,0,0,50,50,0,0,1,1,0,0,50,50,0,0
1216976310,2490378,4259850,2490378,0,0,0.14662485,0.1466249,0.0,0.0,2490378,4325386,2490378,0,0,0.005177747,0.005177747,0.0,0.0,1,1,0,0,50,50,0,0,1,1,0,0,50,50,0,0
1217175391,2490378,4259850,2490378,0,0,0.11770823,0.117708325,0.0,0.0,2490378,4325386,2490378,0,0,0.004576993,0.004576993,0.0,0.0,1,1,0,0,50,50,0,0,1,1,0,0,50,50,0,0
1217374472,2490378,4259850,2490378,0,0,0.07053354,0.07053344,0.0,0.0,2490378,4325386,2490378,0,0,0.0024549225,0.0024549228,0.0,0.0,1,1,0,0,50,50,0,0,1,1,0,0,50,50,0,0
1217573598,2490378,4259850,2490378,0,0,0.04719853,0.0471985,0.0,0.0,2490378,4325386,2490378,0,0,0.0026542894,0.0026542912,0.0,0.0,1,1,0,0,50,50,0,0,1,1,0,0,50,50,0,0
1217777654,2490378,4259850,2490378,0,0,0.06484922,0.06484923,0.0,0.0,2490378,4325386,2490378,0,0,0.0036398892,0.0036398896,0.0,0.0,1,1,0,0,50,50,0,0,1,1,0,0,50,50,0,0
1217976729,2490378,4259850,2490378,0,0,0.15134539,0.15134531,0.0,0.0,2490378,4325386,2490378,0,0,0.00798262,0.007982621,0.0,0.0,1,1,0,0,50,50,0,0,1,1,0,0,50,50,0,0
1218175808,2490378,4259850,2490378,0,0,0.09734586,0.09734586,0.0,0.0,2490378,4325386,2490378,0,0,0.004118988,0.0041189864,0.0,0.0,1,1,0,0,50,50,0,0,1,1,0,0,50,50,0,0
1218374877,2490378,4259850,2490378,0,0,0.13405961,0.13405962,0.0,0.0,2490378,4325386,2490378,0,0,0.0026110322,0.002611032,0.0,0.0,1,1,0,0,50,50,0,0,1,1,0,0,50,50,0,0
1218573945,2490378,4259850,2490378,0,0,0.104486935,0.10448696,0.0,0.0,2490378,4325386,2490378,0,0,0.0016716846,0.001671685,0.0,0.0,1,1,0,0,50,50,0,0,1,1,0,0,50,50,0,0
1218773030,2490378,4259850,2490378,0,0,0.08500725,0.08500721,0.0,0.0,2490378,4325386,2490378,0,0,0.0020221516,0.00202215,0.0,0.0,1,1,0,0,50,50,0,0,1,1,0,0,50,50,0,0
1218972107,2490378,4259850,2490378,0,0,0.05166377,0.051663805,0.0,0.0,2490378,4325386,2490378,0,0,0.0027641961,0.0027641957,0.0,0.0,1,1,0,0,50,50,0,0,1,1,0,0,50,50,0,0
1219176181,2490378,4259850,2490378,0,0,0.07955633,0.079556406,0.0,0.0,2490378,4325386,2490378,0,0,0.0013381796,0.0013381784,0.0,0.0,1,1,0,0,50,50,0,0,1,1,0,0,50,50,0,0
1219375312,2490378,4259850,2490378,0,0,0.08559766,0.08559773,0.0,0.0,2490378,4325386,2490378,0,0,0.004142203,0.004142203,0.0,0.0,1,1,0,0,50,50,0,0,1,1,0,0,50,50,0,0
1219574335,2490378,4259850,2490378,0,0,0.064693674,0.06469366,0.0,0.0,2490378,4325386,2490378,0,0,0.005507422,0.005507422,0.0,0.0,1,1,0,0,50,50,0,0,1,1,0,0,50,50,0,0
1219773413,2490378,4259850,2490378,0,0,0.075137444,0.07513748,0.0,0.0,2490378,4325386,2490378,0,0,0.0053138607,0.005313862,0.0,0.0,1,1,0,0,50,50,0,0,1,1,0,0,50,50,0,0
1219972494,2490378,4259850,2490378,0,0,0.09473711,0.09473712,0.0,0.0,2490378,4325386,2490378,0,0,0.0049615917,0.004961593,0.0,0.0,1,1,0,0,50,50,0,0,1,1,0,0,50,50,0,0
1220176686,2490378,4259850,2490378,0,0,0.07745623,0.0774562,0.0,0.0,2490378,4325386,2490378,0,0,0.0039714766,0.003971476,0.0,0.0,1,1,0,0,50,50,0,0,1,1,0,0,50,50,0,0
1220375641,2490378,4259850,2490378,0,0,0.109902546,0.10990255,0.0,0.0,2490378,4325386,2490378,0,0,0.004908023,0.0049080234,0.0,0.0,1,1,0,0,50,50,0,0,1,1,0,0,50,50,0,0
1220574721,2490378,4259850,2490378,0,0,0.113894455,0.11389447,0.0,0.0,2490378,4325386,2490378,0,0,0.0014400022,0.0014400005,0.0,0.0,1,1,0,0,50,50,0,0,1,1,0,0,50,50,0,0
1220773844,2490378,4259850,2490378,0,0,0.10150269,0.1015027,0.0,0.0,2490378,4325386,2490378,0,0,0.002324893,0.002324892,0.0,0.0,1,1,0,0,50,50,0,0,1,1,0,0,50,50,0,0
1220977865,2490378,4259850,2490378,0,0,0.10202501,0.1020249,0.0,0.0,2490378,4325386,2490378,0,0,0.0033425896,0.003342591,0.0,0.0,1,1,0,0,50,50,0,0,1,1,0,0,50,50,0,0
1221176949,2490378,4259850,2490378,0,0,0.07188891,0.07188886,0.0,0.0,2490378,4325386,2490378,0,0,0.0030607951,0.0030607958,0.0,0.0,1,1,0,0,50,50,0,0,1,1,0,0,50,50,0,0
1221376028,2490378,4259850,2490378,0,0,0.12560956,0.12560964,0.0,0.0,2490378,4325386,2490378,0,0,0.004427095,0.004427094,0.0,0.0,1,1,0,0,50,50,0,0,1,1,0,0,50,50,0,0
1221575111,2490378,4259850,2490378,0,0,0.050313443,0.050313428,0.0,0.0,2490378,4325386,2490378,0,0,0.005480566,0.0054805665,0.0,0.0,1,1,0,0,50,50,0,0,1,1,0,0,50,50,0,0
1221774209,2490378,4259850,2490378,0,0,0.10303725,0.10303715,0.0,0.0,2490378,4325386,2490378,0,0,0.0046192603,0.0046192617,0.0,0.0,1,1,0,0,50,50,0,0,1,1,0,0,50,50,0,0
1221978252,2490378,4259850,2490378,0,0,0.07173097,0.07173095,0.0,0.0,2490378,4325386,2490378,0,0,0.00254936,0.0025493598,0.0,0.0,1,1,0,0,50,50,0,0,1,1,0,0,50,50,0,0
1222177336,2490378,4259850,2490378,0,0,0.066131935,0.06613196,0.0,0.0,2490378,4325386,2490378,0,0,0.003759646,0.0037596452,0.0,0.0,1,1,0,0,50,50,0,0,1,1,0,0,50,50,0,0
1222376486,2490378,4259850,2490378,0,0,0.06101169,0.061011694,0.0,0.0,2490378,4325386,2490378,0,0,0.0040711933,0.0040711947,0.0,0.0,1,1,0,0,50,50,0,0,1,1,0,0,50,50,0,0
1222575502,2490378,4259850,2490378,0,0,0.06553986,0.06553988,0.0,0.0,2490378,4325386,2490378,0,0,0.004087752,0.0040877527,0.0,0.0,1,1,0,0,50,50,0,0,1,1,0,0,50,50,0,0
1222774596,2490378,4259850,2490378,0,0,0.078040466,0.07804048,0.0,0.0,2490378,4325386,2490378,0,0,0.005285256,0.0052852556,0.0,0.0,1,1,0,0,50,50,0,0,1,1,0,0,50,50,0,0
1222973667,2490378,4259850,2490378,0,0,0.076821394,0.07682141,0.0,0.0,2490378,4325386,2490378,0,0,0.005973851,0.005973849,0.0,0.0,1,1,0,0,50,50,0,0,1,1,0,0,50,50,0,0
1223172770,2490378,4259850,2490378,0,0,0.09362478,0.09362479,0.0,0.0,2490378,4325386,2490378,0,0,0.0060322857,0.006032283,0.0,0.0,1,1,0,0,50,50,0,0,1,1,0,0,50,50,0,0
1223376834,2490378,4259850,2490378,0,0,0.112629,0.11262898,0.0,0.0,2490378,4325386,2490378,0,0,0.0032386838,0.0032386852,0.0,0.0,1,1,0,0,50,50,0,0,1,1,0,0,50,50,0,0
1223575914,2490378,4259850,2490378,0,0,0.18856454,0.18856458,0.0,0.0,2490378,4325386,2490378,0,0,0.006371454,0.0063714543,0.0,0.0,1,1,0,0,50,50,0,0,1,1,0,0,50,50,0,0
1223774969,2490378,4259850,2490378,0,0,0.15856948,0.15856947,0.0,0.0,2490378,4325386,2490378,0,0,0.0055319457,0.0055319476,0.0,0.0,1,1,0,0,50,50,0,0,1,1,0,0,50,50,0,0
1223974097,2490378,4259850,2490378,0,0,0.13739842,0.13739835,0.0,0.0,2490378,4325386,2490378,0,0,0.004447527,0.0044475254,0.0,0.0,1,1,0,0,50,50,0,0,1,1,0,0,50,50,0,0
1224173134,2490378,4259850,2490378,0,0,0.0912054,0.091205366,0.0,0.0,2490378,4325386,2490378,0,0,0.0035617128,0.0035617151,0.0,0.0,1,1,0,0,50,50,0,0,1,1,0,0,50,50,0,0
1224372233,2490378,4259850,2490378,0,0,0.11390773,0.11390774,0.0,0.0,2490378,4325386,2490378,0,0,0.002869504,0.002869502,0.0,0.0,1,1,0,0,50,50,0,0,1,1,0,0,50,50,0,0
1224571312,2490378,4259850,2490378,0,0,0.07477019,0.07477018,0.0,0.0,2490378,4325386,2490378,0,0,0.0032679797,0.0032679792,0.0,0.0,1,1,0,0,50,50,0,0,1,1,0,0,50,50,0,0
1224775359,2490378,4259850,2490378,0,0,0.15757245,0.15757254,0.0,0.0,2490378,4325386,2490378,0,0,0.004406841,0.0044068415,0.0,0.0,1,1,0,0,50,50,0,0,1,1,0,0,50,50,0,0
1224974443,2490378,4259850,2490378,0,0,0.123488314,0.12348836,0.0,0.0,2490378,4325386,2490378,0,0,0.005478072,0.0054780697,0.0,0.0,1,1,0,0,50,50,0,0,1,1,0,0,50,50,0,0
1225173525,2490378,4259850,2490378,0,0,0.1357751,0.13577513,0.0,0.0,2490378,4325386,2490378,0,0,0.0036799528,0.003679956,0.0,0.0,1,1,0,0,50,50,0,0,1,1,0,0,50,50,0,0
1225372609,2490378,4259850,2490378,0,0,0.071306705,0.07130669,0.0,0.0,2490378,4325386,2490378,0,0,0.0016099332,0.0016099333,0.0,0.0,1,1,0,0,50,50,0,0,1,1,0,0,50,50,0,0
1225576672,2490378,4259850,2490378,0,0,0.07658611,0.07658614,0.0,0.0,2490378,4325386,2490378,0,0,0.002477376,0.002477376,0.0,0.0,1,1,0,0,50,50,0,0,1,1,0,0,50,50,0,0
1225775910,2490378,4259850,2490378,0,0,0.067960285,0.06796031,0.0,0.0,2490378,4325386,2490378,0,0,0.0031368954,0.0031368968,0.0,0.0,1,1,0,0,50,50,0,0,1,1,0,0,50,50,0,0
1225974832,2490378,4259850,2490378,0,0,0.13873449,0.13873444,0.0,0.0,2490378,4325386,2490378,0,0,0.0033084226,0.003308419,0.0,0.0,1,1,0,0,50,50,0,0,1,1,0,0,50,50,0,0
1226178891,2490378,4259850,2490378,0,0,0.061119568,0.061119564,0.0,0.0,2490378,4325386,2490378,0,0,0.0035778654,0.003577857,0.0,0.0,1,1,0,0,50,50,0,0,1,1,0,0,50,50,0,0
1226378003,2490378,4259850,2490378,0,0,0.073628105,0.07362812,0.0,0.0,2490378,4325386,2490378,0,0,0.001624818,0.0016248178,0.0,0.0,1,1,0,0,50,50,0,0,1,1,0,0,50,50,0,0
1226577058,2490378,4259850,2490378,0,0,0.08770651,0.08770649,0.0,0.0,2490378,4325386,2490378,0,0,0.0022454795,0.002245479,0.0,0.0,1,1,0,0,50,50,0,0,1,1,0,0,50,50,0,0
1226776139,2490378,4259850,2490378,0,0,0.08466637,0.08466636,0.0,0.0,2490378,4325386,2490378,0,0,0.0032058994,0.0032058991,0.0,0.0,1,1,0,0,50,50,0,0,1,1,0,0,50,50,0,0
1226975222,2490378,4259850,2490378,0,0,0.13318701,0.13318714,0.0,0.0,2490378,4325386,2490378,0,0,0.012247561,0.01224756,0.0,0.0,1,1,0,0,50,50,0,0,1,1,0,0,50,50,0,0
1227174306,2490378,4259850,2490378,0,0,0.09202789,0.092027865,0.0,0.0,2490378,4325386,2490378,0,0,0.0061950814,0.00619508,0.0,0.0,1,1,0,0,50,50,0,0,1,1,0,0,50,50,0,0
1227373413,2490378,4259850,2490378,0,0,0.117865056,0.117864765,0.0,0.0,2490378,4325386,2490378,0,0,0.0039119343,0.003911934,0.0,0.0,1,1,0,0,50,50,0,0,1,1,0,0,50,50,0,0
1227577446,2490378,4259850,2490378,0,0,0.08990622,0.089906216,0.0,0.0,2490378,4325386,2490378,0,0,0.00547543,0.0054754284,0.0,0.0,1,1,0,0,50,50,0,0,1,1,0,0,50,50,0,0
1227776562,2490378,4259850,2490378,0,0,0.08130674,0.081306696,0.0,0.0,2490378,4325386,2490378,0,0,0.0038647205,0.0038647188,0.0,0.0,1,1,0,0,50,50,0,0,1,1,0,0,50,50,0,0
1227975680,2490378,4259850,2490378,0,0,0.047147106,0.047147077,0.0,0.0,2490378,4325386,2490378,0,0,0.0031959345,0.003195933,0.0,0.0,1,1,0,0,50,50,0,0,1,1,0,0,50,50,0,0
1228174695,2490378,4259850,2490378,0,0,0.096171126,0.09617114,0.0,0.0,2490378,4325386,2490378,0,0,0.0018988441,0.001898844,0.0,0.0,1,1,0,0,50,50,0,0,1,1,0,0,50,50,0,0
1228373777,2490378,4259850,2490378,0,0,0.10062946,0.100629434,0.0,0.0,2490378,4325386,2490378,0,0,0.0021697138,0.002169715,0.0,0.0,1,1,0,0,50,50,0,0,1,1,0,0,50,50,0,0
1228572856,2490378,4259850,2490378,0,0,0.119159296,0.119159326,0.0,0.0,2490378,4325386,2490378,0,0,0.002749001,0.0027489986,0.0,0.0,1,1,0,0,50,50,0,0,1,1,0,0,50,50,0,0
1228771941,2490378,4259850,2490378,0,0,0.1026304,0.102630384,0.0,0.0,2490378,4325386,2490378,0,0,0.0045307297,0.0045307297,0.0,0.0,1,1,0,0,50,50,0,0,1,1,0,0,50,50,0,0
1228976002,2490378,4259850,2490378,0,0,0.1124276,0.112427615,0.0,0.0,2490378,4325386,2490378,0,0,0.0029901478,0.0029901473,0.0,0.0,1,1,0,0,50,50,0,0,1,1,0,0,50,50,0,0
1229175127,2490378,4259850,2490378,0,0,0.05860529,0.058605287,0.0,0.0,2490378,4325386,2490378,0,0,0.0075051486,0.0075051486,0.0,0.0,1,1,0,0,50,50,0,0,1,1,0,0,50,50,0,0
1229374213,2490378,4259850,2490378,0,0,0.08769403,0.08769401,0.0,0.0,2490378,4325386,2490378,0,0,0.006082196,0.0060821967,0.0,0.0,1,1,0,0,50,50,0,0,1,1,0,0,50,50,0,0
1229573245,2490378,4259850,2490378,0,0,0.09496643,0.09496648,0.0,0.0,2490378,4325386,2490378,0,0,0.0030464951,0.0030464954,0.0,0.0,1,1,0,0,50,50,0,0,1,1,0,0,50,50,0,0
1229772331,2490378,4259850,2490378,0,0,0.07474366,0.07474356,0.0,0.0,2490378,4325386,2490378,0,0,0.0015385279,0.0015385277,0.0,0.0,1,1,0,0,50,50,0,0,1,1,0,0,50,50,0,0
1229976391,2490378,4259850,2490378,0,0,0.077340655,0.077340536,0.0,0.0,2490378,4325386,2490378,0,0,0.0024292336,0.002429235,0.0,0.0,1,1,0,0,50,50,0,0,1,1,0,0,50,50,0,0
1230175479,2490378,4259850,2490378,0,0,0.07493112,0.074931115,0.0,0.0,2490378,4325386,2490378,0,0,0.003421398,0.0034213976,0.0,0.0,1,1,0,0,50,50,0,0,1,1,0,0,50,50,0,0
1230374559,2490378,4259850,2490378,0,0,0.07699915,0.07699914,0.0,0.0,2490378,4325386,2490378,0,0,0.005545193,0.005545194,0.0,0.0,1,1,0,0,50,50,0,0,1,1,0,0,50,50,0,0
1230573655,2490378,4259850,2490378,0,0,0.082382694,0.082382664,0.0,0.0,2490378,4325386,2490378,0,0,0.006065957,0.006065955,0.0,0.0,1,1,0,0,50,50,0,0,1,1,0,0,50,50,0,0
1230777699,2490378,4259850,2490378,0,0,0.100822166,0.10082218,0.0,0.0,2490378,4325386,2490378,0,0,0.0060193897,0.0060193883,0.0,0.0,1,1,0,0,50,50,0,0,1,1,0,0,50,50,0,0
1230976778,2490378,4259850,2490378,0,0,0.08944068,0.0894407,0.0,0.0,2490378,4325386,2490378,0,0,0.0044661583,0.0044661607,0.0,0.0,1,1,0,0,50,50,0,0,1,1,0,0,50,50,0,0
1231175866,2490378,4259850,2490378,0,0,0.08945434,0.08945435,0.0,0.0,2490378,4325386,2490378,0,0,0.00492929,0.0049292906,0.0,0.0,1,1,0,0,50,50,0,0,1,1,0,0,50,50,0,0
1231375088,2490378,4259850,2490378,0,0,0.081507914,0.08150789,0.0,0.0,2490378,4325386,2490378,0,0,0.004007381,0.0040073823,0.0,0.0,1,1,0,0,50,50,0,0,1,1,0,0,50,50,0,0
1231574052,2490378,4259850,2490378,0,0,0.119474925,0.11947494,0.0,0.0,2490378,4325386,2490378,0,0,0.0028362905,0.0028362914,0.0,0.0,1,1,0,0,50,50,0,0,1,1,0,0,50,50,0,0
1231778086,2490378,4259850,2490378,0,0,0.11821749,0.11821757,0.0,0.0,2490378,4325386,2490378,0,0,0.0030513871,0.0030513878,0.0,0.0,1,1,0,0,50,50,0,0,1,1,0,0,50,50,0,0
1231977213,2490378,4259850,2490378,0,0,0.089177296,0.08917732,0.0,0.0,2490378,4325386,2490378,0,0,0.003636272,0.003636272,0.0,0.0,1,1,0,0,50,50,0,0,1,1,0,0,50,50,0,0
1232176254,2490378,4259850,2490378,0,0,0.08392143,0.08392147,0.0,0.0,2490378,4325386,2490378,0,0,0.0018109955,0.0018109968,0.0,0.0,1,1,0,0,50,50,0,0,1,1,0,0,50,50,0,0
1232375341,2490378,4259850,2490378,0,0,0.060404867,0.060404826,0.0,0.0,2490378,4325386,2490378,0,0,0.0024917638,0.0024917645,0.0,0.0,1,1,0,0,50,50,0,0,1,1,0,0,50,50,0,0
1232574445,2490378,4259850,2490378,0,0,0.07729034,0.077290356,0.0,0.0,2490378,4325386,2490378,0,0,0.0044867853,0.004486786,0.0,0.0,1,1,0,0,50,50,0,0,1,1,0,0,50,50,0,0
1232773540,2490378,4259850,2490378,0,0,0.13108312,0.13108307,0.0,0.0,2490378,4325386,2490378,0,0,0.007815885,0.007815885,0.0,0.0,1,1,0,0,50,50,0,0,1,1,0,0,50,50,0,0
1232972582,2490378,4259850,2490378,0,0,0.04772,0.047720004,0.0,0.0,2490378,4325386,2490378,0,0,0.0017423627,0.0017423626,0.0,0.0,1,1,0,0,50,50,0,0,1,1,0,0,50,50,0,0
1233176646,2490378,4259850,2490378,0,0,0.044930518,0.04493045,0.0,0.0,2490378,4325386,2490378,0,0,0.0042415517,0.0042415517,0.0,0.0,1,1,0,0,50,50,0,0,1,1,0,0,50,50,0,0
1233375723,2490378,4259850,2490378,0,0,0.05992493,0.05992487,0.0,0.0,2490378,4325386,2490378,0,0,0.0025893932,0.0025893939,0.0,0.0,1,1,0,0,50,50,0,0,1,1,0,0,50,50,0,0
1233574811,2490378,4259850,2490378,0,0,0.057764295,0.057764255,0.0,0.0,2490378,4325386,2490378,0,0,0.0038985484,0.0038985496,0.0,0.0,1,1,0,0,50,50,0,0,1,1,0,0,50,50,0,0
1233773889,2490378,4259850,2490378,0,0,0.117387705,0.11738774,0.0,0.0,2490378,4325386,2490378,0,0,0.0060371216,0.0060371193,0.0,0.0,1,1,0,0,50,50,0,0,1,1,0,0,50,50,0,0
1233972975,2490378,4259850,2490378,0,0,0.11009235,0.110092275,0.0,0.0,2490378,4325386,2490378,0,0,0.0069473367,0.0069473367,0.0,0.0,1,1,0,0,50,50,0,0,1,1,0,0,50,50,0,0
1234172054,2490378,4259850,2490378,0,0,0.124789715,0.12478972,0.0,0.0,2490378,4325386,2490378,0,0,0.004809276,0.004809278,0.0,0.0,1,1,0,0,50,50,0,0,1,1,0,0,50,50,0,0
1234371137,2490378,4259850,2490378,0,0,0.046048846,0.0460489,0.0,0.0,2490378,4325386,2490378,0,0,0.0028859084,0.0028859107,0.0,0.0,1,1,0,0,50,50,0,0,1,1,0,0,50,50,0,0
1234575199,2490378,4259850,2490378,0,0,0.07317761,0.073177606,0.0,0.0,2490378,4325386,2490378,0,0,0.003518752,0.0035187532,0.0,0.0,1,1,0,0,50,50,0,0,1,1,0,0,50,50,0,0
1234774308,2490378,4259850,2490378,0,0,0.056928176,0.056928188,0.0,0.0,2490378,4325386,2490378,0,0,0.004191308,0.0041913087,0.0,0.0,1,1,0,0,50,50,0,0,1,1,0,0,50,50,0,0
1234973365,2490378,4259850,2490378,0,0,0.10203432,0.102034315,0.0,0.0,2490378,4325386,2490378,0,0,0.0028785898,0.0028785898,0.0,0.0,1,1,0,0,50,50,0,0,1,1,0,0,50,50,0,0
1235177422,2490378,4259850,2490378,0,0,0.10101863,0.1010186,0.0,0.0,2490378,4325386,2490378,0,0,0.0050598443,0.0050598434,0.0,0.0,1,1,0,0,50,50,0,0,1,1,0,0,50,50,0,0
1235376510,2490378,4259850,2490378,0,0,0.0606822,0.060682144,0.0,0.0,2490378,4325386,2490378,0,0,0.0028204857,0.0028204862,0.0,0.0,1,1,0,0,50,50,0,0,1,1,0,0,50,50,0,0
1235575588,2490378,4259850,2490378,0,0,0.07631513,0.07631511,0.0,0.0,2490378,4325386,2490378,0,0,0.0030674313,0.0030674322,0.0,0.0,1,1,0,0,50,50,0,0,1,1,0,0,50,50,0,0
1235774674,2490378,4259850,2490378,0,0,0.092703894,0.0927039,0.0,0.0,2490378,4325386,2490378,0,0,0.002788303,0.0027883034,0.0,0.0,1,1,0,0,50,50,0,0,1,1,0,0,50,50,0,0
1235978744,2490378,4259850,2490378,0,0,0.13021377,0.13021377,0.0,0.0,2490378,4325386,2490378,0,0,0.0055047227,0.0055047236,0.0,0.0,1,1,0,0,50,50,0,0,1,1,0,0,50,50,0,0
1236177842,2490378,4259850,2490378,0,0,0.099478476,0.09947848,0.0,0.0,2490378,4325386,2490378,0,0,0.0039058914,0.0039058898,0.0,0.0,1,1,0,0,50,50,0,0,1,1,0,0,50,50,0,0
1236376982,2490378,4259850,2490378,0,0,0.08987043,0.08987046,0.0,0.0,2490378,4325386,2490378,0,0,0.004098476,0.0040984754,0.0,0.0,1,1,0,0,50,50,0,0,1,1,0,0,50,50,0,0
1236575976,2490378,4259850,2490378,0,0,0.08976625,0.08976621,0.0,0.0,2490378,4325386,2490378,0,0,0.0032706875,0.0032706875,0.0,0.0,1,1,0,0,50,50,0,0,1,1,0,0,50,50,0,0
1236775088,2490378,4259850,2490378,0,0,0.08935963,0.08935964,0.0,0.0,2490378,4325386,2490378,0,0,0.0036188704,0.0036188685,0.0,0.0,1,1,0,0,50,50,0,0,1,1,0,0,50,50,0,0
1236974346,2490378,4259850,2490378,0,0,0.0858449,0.08584488,0.0,0.0,2490378,4325386,2490378,0,0,0.004450087,0.0044500865,0.0,0.0,1,1,0,0,50,50,0,0,1,1,0,0,50,50,0,0
1237173225,2490378,4259850,2490378,0,0,0.09180131,0.09180133,0.0,0.0,2490378,4325386,2490378,0,0,0.0046724123,0.004672413,0.0,0.0,1,1,0,0,50,50,0,0,1,1,0,0,50,50,0,0
1237377284,2490378,4259850,2490378,0,0,0.105461635,0.10546166,0.0,0.0,2490378,4325386,2490378,0,0,0.0042220964,0.004222092,0.0,0.0,1,1,0,0,50,50,0,0,1,1,0,0,50,50,0,0
1237576407,2490378,4259850,2490378,0,0,0.105731525,0.10573153,0.0,0.0,2490378,4325386,2490378,0,0,0.0041529736,0.0041529713,0.0,0.0,1,1,0,0,50,50,0,0,1,1,0,0,50,50,0,0
1237775473,2490378,4259850,2490378,0,0,0.09279168,0.092791684,0.0,0.0,2490378,4325386,2490378,0,0,0.0038607267,0.0038607265,0.0,0.0,1,1,0,0,50,50,0,0,1,1,0,0,50,50,0,0
1237974534,2490378,4259850,2490378,0,0,0.083810925,0.08381094,0.0,0.0,2490378,4325386,2490378,0,0,0.0035200473,0.003520048,0.0,0.0,1,1,0,0,50,50,0,0,1,1,0,0,50,50,0,0
1238173618,2490378,4259850,2490378,0,0,0.07743776,0.07743783,0.0,0.0,2490378,4325386,2490378,0,0,0.0039959187,0.0039959196,0.0,0.0,1,1,0,0,50,50,0,0,1,1,0,0,50,50,0,0
1238372701,2490378,4259850,2490378,0,0,0.10243501,0.10243501,0.0,0.0,2490378,4325386,2490378,0,0,0.0035844867,0.0035844862,0.0,0.0,1,1,0,0,50,50,0,0,1,1,0,0,50,50,0,0
1238571778,2490378,4259850,2490378,0,0,0.08957164,0.08957165,0.0,0.0,2490378,4325386,2490378,0,0,0.004315551,0.004315552,0.0,0.0,1,1,0,0,50,50,0,0,1,1,0,0,50,50,0,0
1238775844,2490378,4259850,2490378,0,0,0.0970713,0.09707134,0.0,0.0,2490378,4325386,2490378,0,0,0.0038294396,0.0038294399,0.0,0.0,1,1,0,0,50,50,0,0,1,1,0,0,50,50,0,0
1238974943,2490378,4259850,2490378,0,0,0.09968512,0.09968512,0.0,0.0,2490378,4325386,2490378,0,0,0.0034631703,0.0034631703,0.0,0.0,1,1,0,0,50,50,0,0,1,1,0,0,50,50,0,0
1239174056,2490378,4259850,2490378,0,0,0.08699102,0.08699105,0.0,0.0,2490378,4325386,2490378,0,0,0.0034063684,0.0034063712,0.0,0.0,1,1,0,0,50,50,0,0,1,1,0,0,50,50,0,0
1239373090,2490378,4259850,2490378,0,0,0.06963821,0.06963821,0.0,0.0,2490378,4325386,2490378,0,0,0.0062560877,0.0062560886,0.0,0.0,1,1,0,0,50,50,0,0,1,1,0,0,50,50,0,0
1239572169,2490378,4259850,2490378,0,0,0.08922458,0.08922461,0.0,0.0,2490378,4325386,2490378,0,0,0.007233547,0.007233548,0.0,0.0,1,1,0,0,50,50,0,0,1,1,0,0,50,50,0,0
1239776250,2490378,4259850,2490378,0,0,0.09773869,0.09773874,0.0,0.0,2490378,4325386,2490378,0,0,0.005040829,0.0050408286,0.0,0.0,1,1,0,0,50,50,0,0,1,1,0,0,50,50,0,0
1239975314,2490378,4259850,2490378,0,0,0.10147357,0.10147359,0.0,0.0,2490378,4325386,2490378,0,0,0.004015572,0.0040155696,0.0,0.0,1,1,0,0,50,50,0,0,1,1,0,0,50,50,0,0
1240174397,2490378,4259850,2490378,0,0,0.113711834,0.11371185,0.0,0.0,2490378,4325386,2490378,0,0,0.0046704295,0.004670432,0.0,0.0,1,1,0,0,50,50,0,0,1,1,0,0,50,50,0,0
1240378487,2490378,4259850,2490378,0,0,0.101073526,0.10107353,0.0,0.0,2490378,4325386,2490378,0,0,0.002831691,0.0028316914,0.0,0.0,1,1,0,0,50,50,0,0,1,1,0,0,50,50,0,0
1240577539,2490378,4259850,2490378,0,0,0.074296676,0.074296676,0.0,0.0,2490378,4325386,2490378,0,0,0.0030819585,0.003081959,0.0,0.0,1,1,0,0,50,50,0,0,1,1,0,0,50,50,0,0
1240776644,2490378,4259850,2490378,0,0,0.08750588,0.08750582,0.0,0.0,2490378,4325386,2490378,0,0,0.004473806,0.0044738054,0.0,0.0,1,1,0,0,50,50,0,0,1,1,0,0,50,50,0,0
1240975738,2490378,4259850,2490378,0,0,0.094145186,0.09414517,0.0,0.0,2490378,4325386,2490378,0,0,0.0052650184,0.005265017,0.0,0.0,1,1,0,0,50,50,0,0,1,1,0,0,50,50,0,0
1241174785,2490378,4259850,2490378,0,0,0.0943327,0.0943327,0.0,0.0,2490378,4325386,2490378,0,0,0.0042077573,0.004207756,0.0,0.0,1,1,0,0,50,50,0,0,1,1,0,0,50,50,0,0
1241373871,2490378,4259850,2490378,0,0,0.09968046,0.09968049,0.0,0.0,2490378,4325386,2490378,0,0,0.004329049,0.0043290476,0.0,0.0,1,1,0,0,50,50,0,0,1,1,0,0,50,50,0,0
1241577928,2490378,4259850,2490378,0,0,0.10018445,0.10018445,0.0,0.0,2490378,4325386,2490378,0,0,0.004587199,0.0045871977,0.0,0.0,1,1,0,0,50,50,0,0,1,1,0,0,50,50,0,0
1241777012,2490378,4259850,2490378,0,0,0.097911485,0.0979115,0.0,0.0,2490378,4325386,2490378,0,0,0.0033555934,0.0033555897,0.0,0.0,1,1,0,0,50,50,0,0,1,1,0,0,50,50,0,0
1241976097,2490378,4259850,2490378,0,0,0.0966841,0.096684106,0.0,0.0,2490378,4325386,2490378,0,0,0.004132947,0.004132946,0.0,0.0,1,1,0,0,50,50,0,0,1,1,0,0,50,50,0,0
1242175176,2490378,4259850,2490378,0,0,0.101193346,0.10119336,0.0,0.0,2490378,4325386,2490378,0,0,0.0037047856,0.0037047863,0.0,0.0,1,1,0,0,50,50,0,0,1,1,0,0,50,50,0,0
1242374261,2490378,4259850,2490378,0,0,0.09965601,0.09965601,0.0,0.0,2490378,4325386,2490378,0,0,0.003486792,0.0034867926,0.0,0.0,1,1,0,0,50,50,0,0,1,1,0,0,50,50,0,0
1242573556,2490378,4259850,2490378,0,0,0.089710005,0.08971001,0.0,0.0,2490378,4325386,2490378,0,0,0.0032952328,0.0032952332,0.0,0.0,1,1,0,0,50,50,0,0,1,1,0,0,50,50,0,0
1242772448,2490378,4259850,2490378,0,0,0.074324265,0.07432427,0.0,0.0,2490378,4325386,2490378,0,0,0.0021058102,0.0021058097,0.0,0.0,1,1,0,0,50,50,0,0,1,1,0,0,50,50,0,0
1242976504,2490378,4259850,2490378,0,0,0.08898195,0.088981956,0.0,0.0,2490378,4325386,2490378,0,0,0.0020031286,0.0020031282,0.0,0.0,1,1,0,0,50,50,0,0,1,1,0,0,50,50,0,0
1243175601,2490378,4259850,2490378,0,0,0.08417292,0.08417292,0.0,0.0,2490378,4325386,2490378,0,0,0.0024445222,0.0024445218,0.0,0.0,1,1,0,0,50,50,0,0,1,1,0,0,50,50,0,0
1243374658,2490378,4259850,2490378,0,0,0.09344265,0.093442634,0.0,0.0,2490378,4325386,2490378,0,0,0.003437244,0.0034372453,0.0,0.0,1,1,0,0,50,50,0,0,1,1,0,0,50,50,0,0
1243573749,2490378,4259850,2490378,0,0,0.084017836,0.08401782,0.0,0.0,2490378,4325386,2490378,0,0,0.0033742639,0.0033742634,0.0,0.0,1,1,0,0,50,50,0,0,1,1,0,0,50,50,0,0
1243772812,2490378,4259850,2490378,0,0,0.08250347,0.08250347,0.0,0.0,2490378,4325386,2490378,0,0,0.0037467484,0.003746748,0.0,0.0,1,1,0,0,50,50,0,0,1,1,0,0,50,50,0,0
1243971899,2490378,4259850,2490378,0,0,0.08999479,0.0899948,0.0,0.0,2490378,4325386,2490378,0,0,0.003521852,0.0035218522,0.0,0.0,1,1,0,0,50,50,0,0,1,1,0,0,50,50,0,0
1244175959,2490378,4259850,2490378,0,0,0.10387744,0.10387737,0.0,0.0,2490378,4325386,2490378,0,0,0.0040814336,0.004081434,0.0,0.0,1,1,0,0,50,50,0,0,1,1,0,0,50,50,0,0
1244375071,2490378,4259850,2490378,0,0,0.10094552,0.100945495,0.0,0.0,2490378,4325386,2490378,0,0,0.0034727093,0.0034727098,0.0,0.0,1,1,0,0,50,50,0,0,1,1,0,0,50,50,0,0
1244574159,2490378,4259850,2490378,0,0,0.08402304,0.08402306,0.0,0.0,2490378,4325386,2490378,0,0,0.004710874,0.004710875,0.0,0.0,1,1,0,0,50,50,0,0,1,1,0,0,50,50,0,0
1244773355,2490378,4259850,2490378,0,0,0.07643328,0.076433286,0.0,0.0,2490378,4325386,2490378,0,0,0.0037842004,0.0037841997,0.0,0.0,1,1,0,0,50,50,0,0,1,1,0,0,50,50,0,0
1244977264,2490378,4259850,2490378,0,0,0.079863116,0.07986312,0.0,0.0,2490378,4325386,2490378,0,0,0.0043002,0.0043001985,0.0,0.0,1,1,0,0,50,50,0,0,1,1,0,0,50,50,0,0
1245176349,2490378,4259850,2490378,0,0,0.092569165,0.09256916,0.0,0.0,2490378,4325386,2490378,0,0,0.004567315,0.004567312,0.0,0.0,1,1,0,0,50,50,0,0,1,1,0,0,50,50,0,0
1245375454,2490378,4259850,2490378,0,0,0.09898723,0.09898723,0.0,0.0,2490378,4325386,2490378,0,0,0.0043048114,0.004304813,0.0,0.0,1,1,0,0,50,50,0,0,1,1,0,0,50,50,0,0
1245574512,2490378,4259850,2490378,0,0,0.075752676,0.07575267,0.0,0.0,2490378,4325386,2490378,0,0,0.003948363,0.0039483644,0.0,0.0,1,1,0,0,50,50,0,0,1,1,0,0,50,50,0,0
1245778573,2490378,4259850,2490378,0,0,0.07346695,0.073466934,0.0,0.0,2490378,4325386,2490378,0,0,0.0038440034,0.003844002,0.0,0.0,1,1,0,0,50,50,0,0,1,1,0,0,50,50,0,0
1245977784,2490378,4259850,2490378,0,0,0.086155474,0.08615551,0.0,0.0,2490378,4325386,2490378,0,0,0.004541149,0.0045411494,0.0,0.0,1,1,0,0,50,50,0,0,1,1,0,0,50,50,0,0
1246176740,2490378,4259850,2490378,0,0,0.097633176,0.097633176,0.0,0.0,2490378,4325386,2490378,0,0,0.0036955106,0.00369551,0.0,0.0,1,1,0,0,50,50,0,0,1,1,0,0,50,50,0,0
1246375820,2490378,4259850,2490378,0,0,0.093512245,0.09351229,0.0,0.0,2490378,4325386,2490378,0,0,0.0039868522,0.003986853,0.0,0.0,1,1,0,0,50,50,0,0,1,1,0,0,50,50,0,0
1246574905,2490378,4259850,2490378,0,0,0.083747335,0.083747394,0.0,0.0,2490378,4325386,2490378,0,0,0.0044679297,0.004467933,0.0,0.0,1,1,0,0,50,50,0,0,1,1,0,0,50,50,0,0
1246773988,2490378,4259850,2490378,0,0,0.08169797,0.08169801,0.0,0.0,2490378,4325386,2490378,0,0,0.0046295305,0.0046295314,0.0,0.0,1,1,0,0,50,50,0,0,1,1,0,0,50,50,0,0
1246973070,2490378,4259850,2490378,0,0,0.07278378,0.072783805,0.0,0.0,2490378,4325386,2490378,0,0,0.003128255,0.0031282539,0.0,0.0,1,1,0,0,50,50,0,0,1,1,0,0,50,50,0,0
1247177129,2490378,4259850,2490378,0,0,0.07501191,0.07501191,0.0,0.0,2490378,4325386,2490378,0,0,0.0017496619,0.0017496601,0.0,0.0,1,1,0,0,50,50,0,0,1,1,0,0,50,50,0,0
1247376227,2490378,4259850,2490378,0,0,0.10226603,0.10226598,0.0,0.0,2490378,4325386,2490378,0,0,0.0030450968,0.0030450965,0.0,0.0,1,1,0,0,50,50,0,0,1,1,0,0,50,50,0,0
1247575293,2490378,4259850,2490378,0,0,0.103098385,0.10309844,0.0,0.0,2490378,4325386,2490378,0,0,0.0030762618,0.0030762618,0.0,0.0,1,1,0,0,50,50,0,0,1,1,0,0,50,50,0,0
1247774386,2490378,4259850,2490378,0,0,0.0833799,0.083379924,0.0,0.0,2490378,4325386,2490378,0,0,0.0032177307,0.003217732,0.0,0.0,1,1,0,0,50,50,0,0,1,1,0,0,50,50,0,0
1247973498,2490378,4259850,2490378,0,0,0.07388197,0.07388197,0.0,0.0,2490378,4325386,2490378,0,0,0.0030563667,0.0030563676,0.0,0.0,1,1,0,0,50,50,0,0,1,1,0,0,50,50,0,0
1248172702,2490378,4259850,2490378,0,0,0.08263342,0.082633436,0.0,0.0,2490378,4325386,2490378,0,0,0.0031222992,0.003122301,0.0,0.0,1,1,0,0,50,50,0,0,1,1,0,0,50,50,0,0
1248371627,2490378,4259850,2490378,0,0,0.08106735,0.08106732,0.0,0.0,2490378,4325386,2490378,0,0,0.0037386657,0.0037386653,0.0,0.0,1,1,0,0,50,50,0,0,1,1,0,0,50,50,0,0
1248575694,2490378,4259850,2490378,0,0,0.10085202,0.100852,0.0,0.0,2490378,4325386,2490378,0,0,0.005321895,0.005321895,0.0,0.0,1,1,0,0,50,50,0,0,1,1,0,0,50,50,0,0
1248774805,2490378,4259850,2490378,0,0,0.07711235,0.07711233,0.0,0.0,2490378,4325386,2490378,0,0,0.0034286422,0.0034286422,0.0,0.0,1,1,0,0,50,50,0,0,1,1,0,0,50,50,0,0
1248973865,2490378,4259850,2490378,0,0,0.074907236,0.07490724,0.0,0.0,2490378,4325386,2490378,0,0,0.003180419,0.0031804193,0.0,0.0,1,1,0,0,50,50,0,0,1,1,0,0,50,50,0,0
1249172935,2490378,4259850,2490378,0,0,0.08510873,0.08510873,0.0,0.0,2490378,4325386,2490378,0,0,0.0036206697,0.0036206692,0.0,0.0,1,1,0,0,50,50,0,0,1,1,0,0,50,50,0,0
1249376996,2490378,4259850,2490378,0,0,0.091217965,0.09121798,0.0,0.0,2490378,4325386,2490378,0,0,0.004408468,0.004408468,0.0,0.0,1,1,0,0,50,50,0,0,1,1,0,0,50,50,0,0
1249576078,2490378,4259850,2490378,0,0,0.09814285,0.098142855,0.0,0.0,2490378,4325386,2490378,0,0,0.0046211346,0.004621134,0.0,0.0,1,1,0,0,50,50,0,0,1,1,0,0,50,50,0,0
1249775158,2490378,4259850,2490378,0,0,0.0785697,0.07856971,0.0,0.0,2490378,4325386,2490378,0,0,0.003338216,0.0033382166,0.0,0.0,1,1,0,0,50,50,0,0,1,1,0,0,50,50,0,0
1249974244,2490378,4259850,2490378,0,0,0.05880919,0.058809195,0.0,0.0,2490378,4325386,2490378,0,0,0.003218205,0.003218205,0.0,0.0,1,1,0,0,50,50,0,0,1,1,0,0,50,50,0,0
1250178300,2490378,4259850,2490378,0,0,0.08297538,0.082975395,0.0,0.0,2490378,4325386,2490378,0,0,0.0036381728,0.0036381728,0.0,0.0,1,1,0,0,50,50,0,0,1,1,0,0,50,50,0,0
1250377384,2490378,4259850,2490378,0,0,0.10278752,0.10278753,0.0,0.0,2490378,4325386,2490378,0,0,0.0036125123,0.0036125118,0.0,0.0,1,1,0,0,50,50,0,0,1,1,0,0,50,50,0,0
1250576465,2490378,4259850,2490378,0,0,0.09450637,0.094506375,0.0,0.0,2490378,4325386,2490378,0,0,0.0033543077,0.0033543073,0.0,0.0,1,1,0,0,50,50,0,0,1,1,0,0,50,50,0,0
1250775547,2490378,4259850,2490378,0,0,0.06903187,0.069031864,0.0,0.0,2490378,4325386,2490378,0,0,0.0041766977,0.0041766986,0.0,0.0,1,1,0,0,50,50,0,0,1,1,0,0,50,50,0,0
1250974666,2490378,4259850,2490378,0,0,0.06126056,0.0612606,0.0,0.0,2490378,4325386,2490378,0,0,0.0035526804,0.0035526801,0.0,0.0,1,1,0,0,50,50,0,0,1,1,0,0,50,50,0,0
1251173715,2490378,4259850,2490378,0,0,0.07079716,0.07079717,0.0,0.0,2490378,4325386,2490378,0,0,0.00362315,0.0036231498,0.0,0.0,1,1,0,0,50,50,0,0,1,1,0,0,50,50,0,0
1251377774,2490378,4259850,2490378,0,0,0.08838725,0.08838727,0.0,0.0,2490378,4325386,2490378,0,0,0.0035602408,0.00356024,0.0,0.0,1,1,0,0,50,50,0,0,1,1,0,0,50,50,0,0
1251576896,2490378,4259850,2490378,0,0,0.084779575,0.084779575,0.0,0.0,2490378,4325386,2490378,0,0,0.0029277215,0.0029277205,0.0,0.0,1,1,0,0,50,50,0,0,1,1,0,0,50,50,0,0
1251775967,2490378,4259850,2490378,0,0,0.070632115,0.07063208,0.0,0.0,2490378,4325386,2490378,0,0,0.0024551542,0.0024551535,0.0,0.0,1,1,0,0,50,50,0,0,1,1,0,0,50,50,0,0
1251975021,2490378,4259850,2490378,0,0,0.0631354,0.06313535,0.0,0.0,2490378,4325386,2490378,0,0,0.0038370092,0.0038370092,0.0,0.0,1,1,0,0,50,50,0,0,1,1,0,0,50,50,0,0
1252174151,2490378,4259850,2490378,0,0,0.07954918,0.079549134,0.0,0.0,2490378,4325386,2490378,0,0,0.003894114,0.003894114,0.0,0.0,1,1,0,0,50,50,0,0,1,1,0,0,50,50,0,0
1252373191,2490378,4259850,2490378,0,0,0.09115908,0.09115907,0.0,0.0,2490378,4325386,2490378,0,0,0.0033659,0.003365899,0.0,0.0,1,1,0,0,50,50,0,0,1,1,0,0,50,50,0,0
1252572289,2490378,4259850,2490378,0,0,0.10056868,0.100568675,0.0,0.0,2490378,4325386,2490378,0,0,0.0034064143,0.0034064148,0.0,0.0,1,1,0,0,50,50,0,0,1,1,0,0,50,50,0,0
1252776341,2490378,4259850,2490378,0,0,0.09614959,0.096149616,0.0,0.0,2490378,4325386,2490378,0,0,0.002456422,0.0024564215,0.0,0.0,1,1,0,0,50,50,0,0,1,1,0,0,50,50,0,0
1252975433,2490378,4259850,2490378,0,0,0.08924975,0.08924981,0.0,0.0,2490378,4325386,2490378,0,0,0.004255953,0.0042559537,0.0,0.0,1,1,0,0,50,50,0,0,1,1,0,0,50,50,0,0
1253174498,2490378,4259850,2490378,0,0,0.062474556,0.06247456,0.0,0.0,2490378,4325386,2490378,0,0,0.0032045636,0.0032045632,0.0,0.0,1,1,0,0,50,50,0,0,1,1,0,0,50,50,0,0
1253373584,2490378,4259850,2490378,0,0,0.07050296,0.07050299,0.0,0.0,2490378,4325386,2490378,0,0,0.0036598293,0.003659827,0.0,0.0,1,1,0,0,50,50,0,0,1,1,0,0,50,50,0,0
1253572664,2490378,4259850,2490378,0,0,0.0751291,0.07512908,0.0,0.0,2490378,4325386,2490378,0,0,0.0031479793,0.0031479793,0.0,0.0,1,1,0,0,50,50,0,0,1,1,0,0,50,50,0,0
1253771902,2490378,4259850,2490378,0,0,0.07953839,0.079538405,0.0,0.0,2490378,4325386,2490378,0,0,0.0036304654,0.0036304647,0.0,0.0,1,1,0,0,50,50,0,0,1,1,0,0,50,50,0,0
1253975807,2490378,4259850,2490378,0,0,0.065877415,0.06587743,0.0,0.0,2490378,4325386,2490378,0,0,0.0037872186,0.0037872184,0.0,0.0,1,1,0,0,50,50,0,0,1,1,0,0,50,50,0,0
1254174884,2490378,4259850,2490378,0,0,0.08606376,0.08606378,0.0,0.0,2490378,4325386,2490378,0,0,0.0046097776,0.004609777,0.0,0.0,1,1,0,0,50,50,0,0,1,1,0,0,50,50,0,0
1254374000,2490378,4259850,2490378,0,0,0.07014432,0.07014431,0.0,0.0,2490378,4325386,2490378,0,0,0.00335396,0.0033539592,0.0,0.0,1,1,0,0,50,50,0,0,1,1,0,0,50,50,0,0
1254578034,2490378,4259850,2490378,0,0,0.07603806,0.07603806,0.0,0.0,2490378,4325386,2490378,0,0,0.0039911037,0.003991104,0.0,0.0,1,1,0,0,50,50,0,0,1,1,0,0,50,50,0,0
1254777113,2490378,4259850,2490378,0,0,0.06606643,0.06606644,0.0,0.0,2490378,4325386,2490378,0,0,0.003948827,0.0039488273,0.0,0.0,1,1,0,0,50,50,0,0,1,1,0,0,50,50,0,0
1254976229,2490378,4259850,2490378,0,0,0.07668473,0.076684766,0.0,0.0,2490378,4325386,2490378,0,0,0.003149554,0.003149553,0.0,0.0,1,1,0,0,50,50,0,0,1,1,0,0,50,50,0,0
1255175276,2490378,4259850,2490378,0,0,0.0813289,0.08132891,0.0,0.0,2490378,4325386,2490378,0,0,0.0051066666,0.005106666,0.0,0.0,1,1,0,0,50,50,0,0,1,1,0,0,50,50,0,0
1255374358,2490378,4259850,2490378,0,0,0.06741434,0.06741434,0.0,0.0,2490378,4325386,2490378,0,0,0.0046444642,0.004644469,0.0,0.0,1,1,0,0,50,50,0,0,1,1,0,0,50,50,0,0
1255578427,2490378,4259850,2490378,0,0,0.08287639,0.0828764,0.0,0.0,2490378,4325386,2490378,0,0,0.0044008936,0.004400896,0.0,0.0,1,1,0,0,50,50,0,0,1,1,0,0,50,50,0,0
1255777515,2490378,4259850,2490378,0,0,0.07263188,0.0726319,0.0,0.0,2490378,4325386,2490378,0,0,0.0046705515,0.0046705496,0.0,0.0,1,1,0,0,50,50,0,0,1,1,0,0,50,50,0,0
1255976585,2490378,4259850,2490378,0,0,0.08416945,0.08416944,0.0,0.0,2490378,4325386,2490378,0,0,0.0046629347,0.0046629366,0.0,0.0,1,1,0,0,50,50,0,0,1,1,0,0,50,50,0,0
1256175670,2490378,4259850,2490378,0,0,0.1090456,0.10904557,0.0,0.0,2490378,4325386,2490378,0,0,0.006591471,0.0065914714,0.0,0.0,1,1,0,0,50,50,0,0,1,1,0,0,50,50,0,0
1256374749,2490378,4259850,2490378,0,0,0.09468011,0.09468009,0.0,0.0,2490378,4325386,2490378,0,0,0.006183444,0.0061834473,0.0,0.0,1,1,0,0,50,50,0,0,1,1,0,0,50,50,0,0
1256573871,2490378,4259850,2490378,0,0,0.0955599,0.095559895,0.0,0.0,2490378,4325386,2490378,0,0,0.0056558084,0.005655807,0.0,0.0,1,1,0,0,50,50,0,0,1,1,0,0,50,50,0,0
1256772918,2490378,4259850,2490378,0,0,0.08900212,0.089002125,0.0,0.0,2490378,4325386,2490378,0,0,0.00456501,0.004565014,0.0,0.0,1,1,0,0,50,50,0,0,1,1,0,0,50,50,0,0
1256976987,2490378,4259850,2490378,0,0,0.09471605,0.09471607,0.0,0.0,2490378,4325386,2490378,0,0,0.005263911,0.0052639144,0.0,0.0,1,1,0,0,50,50,0,0,1,1,0,0,50,50,0,0
1257176103,2490378,4259850,2490378,0,0,0.08957714,0.08957714,0.0,0.0,2490378,4325386,2490378,0,0,0.0053775744,0.005377577,0.0,0.0,1,1,0,0,50,50,0,0,1,1,0,0,50,50,0,0
1257375142,2490378,4259850,2490378,0,0,0.07897486,0.07897481,0.0,0.0,2490378,4325386,2490378,0,0,0.0061118915,0.006111893,0.0,0.0,1,1,0,0,50,50,0,0,1,1,0,0,50,50,0,0
1257574226,2490378,4259850,2490378,0,0,0.08409949,0.08409951,0.0,0.0,2490378,4325386,2490378,0,0,0.005043638,0.0050436375,0.0,0.0,1,1,0,0,50,50,0,0,1,1,0,0,50,50,0,0
1257773335,2490378,4259850,2490378,0,0,0.08892969,0.08892969,0.0,0.0,2490378,4325386,2490378,0,0,0.004364053,0.0043640537,0.0,0.0,1,1,0,0,50,50,0,0,1,1,0,0,50,50,0,0
1257972397,2490378,4259850,2490378,0,0,0.10035427,0.10035427,0.0,0.0,2490378,4325386,2490378,0,0,0.005280514,0.0052805133,0.0,0.0,1,1,0,0,50,50,0,0,1,1,0,0,50,50,0,0
1258171493,2490378,4259850,2490378,0,0,0.0736676,0.07366758,0.0,0.0,2490378,4325386,2490378,0,0,0.0052094795,0.0052094767,0.0,0.0,1,1,0,0,50,50,0,0,1,1,0,0,50,50,0,0
1258375593,2490378,4259850,2490378,0,0,0.09723968,0.09723968,0.0,0.0,2490378,4325386,2490378,0,0,0.006409828,0.0064098253,0.0,0.0,1,1,0,0,50,50,0,0,1,1,0,0,50,50,0,0
1258574614,2490378,4259850,2490378,0,0,0.09298035,0.09298035,0.0,0.0,2490378,4325386,2490378,0,0,0.006095015,0.006095014,0.0,0.0,1,1,0,0,50,50,0,0,1,1,0,0,50,50,0,0
1258773700,2490378,4259850,2490378,0,0,0.07648966,0.07648966,0.0,0.0,2490378,4325386,2490378,0,0,0.006349048,0.0063490435,0.0,0.0,1,1,0,0,50,50,0,0,1,1,0,0,50,50,0,0
1258972780,2490378,4259850,2490378,0,0,0.07472637,0.07472637,0.0,0.0,2490378,4325386,2490378,0,0,0.006461314,0.0064613046,0.0,0.0,1,1,0,0,50,50,0,0,1,1,0,0,50,50,0,0
1259176838,2490378,4259850,2490378,0,0,0.086614065,0.086614065,0.0,0.0,2490378,4325386,2490378,0,0,0.005750188,0.0057501798,0.0,0.0,1,1,0,0,50,50,0,0,1,1,0,0,50,50,0,0
1259375979,2490378,4259850,2490378,0,0,0.07804489,0.07804489,0.0,0.0,2490378,4325386,2490378,0,0,0.006571484,0.006571487,0.0,0.0,1,1,0,0,50,50,0,0,1,1,0,0,50,50,0,0
1259575005,2490378,4259850,2490378,0,0,0.094444804,0.0944448,0.0,0.0,2490378,4325386,2490378,0,0,0.007047051,0.007047046,0.0,0.0,1,1,0,0,50,50,0,0,1,1,0,0,50,50,0,0
1259774094,2490378,4259850,2490378,0,0,0.096591026,0.09659102,0.0,0.0,2490378,4325386,2490378,0,0,0.0048837434,0.004883745,0.0,0.0,1,1,0,0,50,50,0,0,1,1,0,0,50,50,0,0
1259978174,2490378,4259850,2490378,0,0,0.08980788,0.08980788,0.0,0.0,2490378,4325386,2490378,0,0,0.0034452653,0.0034452649,0.0,0.0,1,1,0,0,50,50,0,0,1,1,0,0,50,50,0,0
1260177229,2490378,4259850,2490378,0,0,0.08114917,0.08114915,0.0,0.0,2490378,4325386,2490378,0,0,0.0035171336,0.0035171339,0.0,0.0,1,1,0,0,50,50,0,0,1,1,0,0,50,50,0,0
1260376310,2490378,4259850,2490378,0,0,0.08453862,0.084538616,0.0,0.0,2490378,4325386,2490378,0,0,0.003669632,0.0036696333,0.0,0.0,1,1,0,0,50,50,0,0,1,1,0,0,50,50,0,0
1260575398,2490378,4259850,2490378,0,0,0.0797665,0.07976642,0.0,0.0,2490378,4325386,2490378,0,0,0.005633516,0.0056335153,0.0,0.0,1,1,0,0,50,50,0,0,1,1,0,0,50,50,0,0
1260774477,2490378,4259850,2490378,0,0,0.077861235,0.07786123,0.0,0.0,2490378,4325386,2490378,0,0,0.005671384,0.0056713847,0.0,0.0,1,1,0,0,50,50,0,0,1,1,0,0,50,50,0,0
1260973565,2490378,4259850,2490378,0,0,0.08376775,0.08376775,0.0,0.0,2490378,4325386,2490378,0,0,0.0032784184,0.0032784184,0.0,0.0,1,1,0,0,50,50,0,0,1,1,0,0,50,50,0,0
1261177654,2490378,4259850,2490378,0,0,0.105258375,0.105258375,0.0,0.0,2490378,4325386,2490378,0,0,0.0039817486,0.003981746,0.0,0.0,1,1,0,0,50,50,0,0,1,1,0,0,50,50,0,0
1261376704,2490378,4259850,2490378,0,0,0.09197501,0.09197502,0.0,0.0,2490378,4325386,2490378,0,0,0.0035418295,0.0035418286,0.0,0.0,1,1,0,0,50,50,0,0,1,1,0,0,50,50,0,0
1261575811,2490378,4259850,2490378,0,0,0.09642253,0.09642253,0.0,0.0,2490378,4325386,2490378,0,0,0.0033334245,0.003333423,0.0,0.0,1,1,0,0,50,50,0,0,1,1,0,0,50,50,0,0
1261774868,2490378,4259850,2490378,0,0,0.101185575,0.101185605,0.0,0.0,2490378,4325386,2490378,0,0,0.003953469,0.0039534685,0.0,0.0,1,1,0,0,50,50,0,0,1,1,0,0,50,50,0,0
1261973959,2490378,4259850,2490378,0,0,0.10093745,0.100937456,0.0,0.0,2490378,4325386,2490378,0,0,0.0029251284,0.0029251275,0.0,0.0,1,1,0,0,50,50,0,0,1,1,0,0,50,50,0,0
1262173075,2490378,4259850,2490378,0,0,0.09566573,0.09566573,0.0,0.0,2490378,4325386,2490378,0,0,0.002219865,0.0022198653,0.0,0.0,1,1,0,0,50,50,0,0,1,1,0,0,50,50,0,0
1262372116,2490378,4259850,2490378,0,0,0.08441321,0.08441327,0.0,0.0,2490378,4325386,2490378,0,0,0.003060179,0.0030601772,0.0,0.0,1,1,0,0,50,50,0,0,1,1,0,0,50,50,0,0
1262576175,2490378,4259850,2490378,0,0,0.0711757,0.07117572,0.0,0.0,2490378,4325386,2490378,0,0,0.003238709,0.0032387055,0.0,0.0,1,1,0,0,50,50,0,0,1,1,0,0,50,50,0,0
1262775288,2490378,4259850,2490378,0,0,0.08248546,0.08248546,0.0,0.0,2490378,4325386,2490378,0,0,0.0058073374,0.0058073374,0.0,0.0,1,1,0,0,50,50,0,0,1,1,0,0,50,50,0,0
1262974362,2490378,4259850,2490378,0,0,0.104882956,0.10488294,0.0,0.0,2490378,4325386,2490378,0,0,0.005523956,0.0055239554,0.0,0.0,1,1,0,0,50,50,0,0,1,1,0,0,50,50,0,0
1263173422,2490378,4259850,2490378,0,0,0.10668595,0.10668593,0.0,0.0,2490378,4325386,2490378,0,0,0.005821711,0.005821709,0.0,0.0,1,1,0,0,50,50,0,0,1,1,0,0,50,50,0,0
1263372507,2490378,4259850,2490378,0,0,0.099287145,0.09928715,0.0,0.0,2490378,4325386,2490378,0,0,0.004080487,0.0040804893,0.0,0.0,1,1,0,0,50,50,0,0,1,1,0,0,50,50,0,0
1263571675,2490378,4259850,2490378,0,0,0.11437987,0.11437984,0.0,0.0,2490378,4325386,2490378,0,0,0.0044251904,0.0044251876,0.0,0.0,1,1,0,0,50,50,0,0,1,1,0,0,50,50,0,0
1263775652,2490378,4259850,2490378,0,0,0.09061185,0.09061184,0.0,0.0,2490378,4325386,2490378,0,0,0.004367405,0.004367406,0.0,0.0,1,1,0,0,50,50,0,0,1,1,0,0,50,50,0,0
1263974731,2490378,4259850,2490378,0,0,0.09305696,0.09305696,0.0,0.0,2490378,4325386,2490378,0,0,0.003073576,0.0030735761,0.0,0.0,1,1,0,0,50,50,0,0,1,1,0,0,50,50,0,0
1264173817,2490378,4259850,2490378,0,0,0.103291065,0.10329107,0.0,0.0,2490378,4325386,2490378,0,0,0.0048725647,0.004872565,0.0,0.0,1,1,0,0,50,50,0,0,1,1,0,0,50,50,0,0
1264377872,2490378,4259850,2490378,0,0,0.08942215,0.08942215,0.0,0.0,2490378,4325386,2490378,0,0,0.004546118,0.004546118,0.0,0.0,1,1,0,0,50,50,0,0,1,1,0,0,50,50,0,0
1264577036,2490378,4259850,2490378,0,0,0.09713168,0.097131684,0.0,0.0,2490378,4325386,2490378,0,0,0.0021973478,0.0021973476,0.0,0.0,1,1,0,0,50,50,0,0,1,1,0,0,50,50,0,0
1264776063,2490378,4259850,2490378,0,0,0.08242433,0.082424335,0.0,0.0,2490378,4325386,2490378,0,0,0.00319317,0.0031931726,0.0,0.0,1,1,0,0,50,50,0,0,1,1,0,0,50,50,0,0
1264975190,2490378,4259850,2490378,0,0,0.05513996,0.05513996,0.0,0.0,2490378,4325386,2490378,0,0,0.003285501,0.003285498,0.0,0.0,1,1,0,0,50,50,0,0,1,1,0,0,50,50,0,0
1265174206,2490378,4259850,2490378,0,0,0.08867057,0.0886706,0.0,0.0,2490378,4325386,2490378,0,0,0.0035791139,0.003579113,0.0,0.0,1,1,0,0,50,50,0,0,1,1,0,0,50,50,0,0
1265378262,2490378,4259850,2490378,0,0,0.061826818,0.0618268,0.0,0.0,2490378,4325386,2490378,0,0,0.0038507127,0.003850712,0.0,0.0,1,1,0,0,50,50,0,0,1,1,0,0,50,50,0,0
1265577404,2490378,4259850,2490378,0,0,0.08795509,0.08795511,0.0,0.0,2490378,4325386,2490378,0,0,0.0053657065,0.005365709,0.0,0.0,1,1,0,0,50,50,0,0,1,1,0,0,50,50,0,0
1265776426,2490378,4259850,2490378,0,0,0.07886154,0.07886154,0.0,0.0,2490378,4325386,2490378,0,0,0.004269231,0.00426923,0.0,0.0,1,1,0,0,50,50,0,0,1,1,0,0,50,50,0,0
1265975510,2490378,4259850,2490378,0,0,0.10677816,0.10677816,0.0,0.0,2490378,4325386,2490378,0,0,0.004581591,0.0045815865,0.0,0.0,1,1,0,0,50,50,0,0,1,1,0,0,50,50,0,0
1266174604,2490378,4259850,2490378,0,0,0.11982039,0.11982036,0.0,0.0,2490378,4325386,2490378,0,0,0.00093165674,0.0009316533,0.0,0.0,1,1,0,0,50,50,0,0,1,1,0,0,50,50,0,0
1266373685,2490378,4259850,2490378,0,0,0.15378611,0.15378615,0.0,0.0,2490378,4325386,2490378,0,0,0.0012527741,0.0012527768,0.0,0.0,1,1,0,0,50,50,0,0,1,1,0,0,50,50,0,0
1266572759,2490378,4259850,2490378,0,0,0.13398042,0.13398027,0.0,0.0,2490378,4325386,2490378,0,0,0.0027298117,0.0027298091,0.0,0.0,1,1,0,0,50,50,0,0,1,1,0,0,50,50,0,0
1266776819,2490378,4259850,2490378,0,0,0.08119874,0.081198744,0.0,0.0,2490378,4325386,2490378,0,0,0.0033950293,0.0033950265,0.0,0.0,1,1,0,0,50,50,0,0,1,1,0,0,50,50,0,0
1266975912,2490378,4259850,2490378,0,0,0.10314063,0.10314065,0.0,0.0,2490378,4325386,2490378,0,0,0.003370334,0.0033703318,0.0,0.0,1,1,0,0,50,50,0,0,1,1,0,0,50,50,0,0
1267174984,2490378,4259850,2490378,0,0,0.062181666,0.062181666,0.0,0.0,2490378,4325386,2490378,0,0,0.0035077885,0.0035077871,0.0,0.0,1,1,0,0,50,50,0,0,1,1,0,0,50,50,0,0
1267374068,2490378,4259850,2490378,0,0,0.09927816,0.099278174,0.0,0.0,2490378,4325386,2490378,0,0,0.0038124684,0.0038124686,0.0,0.0,1,1,0,0,50,50,0,0,1,1,0,0,50,50,0,0
1267573149,2490378,4259850,2490378,0,0,0.08112864,0.081128635,0.0,0.0,2490378,4325386,2490378,0,0,0.004165991,0.0041659903,0.0,0.0,1,1,0,0,50,50,0,0,1,1,0,0,50,50,0,0
1267772287,2490378,4259850,2490378,0,0,0.095700055,0.09570004,0.0,0.0,2490378,4325386,2490378,0,0,0.0029300693,0.0029300677,0.0,0.0,1,1,0,0,50,50,0,0,1,1,0,0,50,50,0,0
1267971321,2490378,4259850,2490378,0,0,0.050817847,0.05081784,0.0,0.0,2490378,4325386,2490378,0,0,0.003055363,0.0030553597,0.0,0.0,1,1,0,0,50,50,0,0,1,1,0,0,50,50,0,0
1268175376,2490378,4259850,2490378,0,0,0.07275904,0.07275905,0.0,0.0,2490378,4325386,2490378,0,0,0.004154405,0.0041544037,0.0,0.0,1,1,0,0,50,50,0,0,1,1,0,0,50,50,0,0
1268374489,2490378,4259850,2490378,0,0,0.13858812,0.13858815,0.0,0.0,2490378,4325386,2490378,0,0,0.005931732,0.0059317327,0.0,0.0,1,1,0,0,50,50,0,0,1,1,0,0,50,50,0,0
1268573546,2490378,4259850,2490378,0,0,0.17060141,0.17060141,0.0,0.0,2490378,4325386,2490378,0,0,0.003111775,0.0031117783,0.0,0.0,1,1,0,0,50,50,0,0,1,1,0,0,50,50,0,0
1268772627,2490378,4259850,2490378,0,0,0.11165894,0.111658916,0.0,0.0,2490378,4325386,2490378,0,0,0.0042667026,0.0042667,0.0,0.0,1,1,0,0,50,50,0,0,1,1,0,0,50,50,0,0
1268976687,2490378,4259850,2490378,0,0,0.09941292,0.09941291,0.0,0.0,2490378,4325386,2490378,0,0,0.0037872023,0.0037872,0.0,0.0,1,1,0,0,50,50,0,0,1,1,0,0,50,50,0,0
1269175796,2490378,4259850,2490378,0,0,0.07419592,0.07419593,0.0,0.0,2490378,4325386,2490378,0,0,0.00357177,0.0035717704,0.0,0.0,1,1,0,0,50,50,0,0,1,1,0,0,50,50,0,0
1269374848,2490378,4259850,2490378,0,0,0.08096468,0.080964655,0.0,0.0,2490378,4325386,2490378,0,0,0.004147112,0.0041471138,0.0,0.0,1,1,0,0,50,50,0,0,1,1,0,0,50,50,0,0
1269578906,2490378,4259850,2490378,0,0,0.122427545,0.12242746,0.0,0.0,2490378,4325386,2490378,0,0,0.0051597212,0.005159721,0.0,0.0,1,1,0,0,50,50,0,0,1,1,0,0,50,50,0,0
1269778012,2490378,4259850,2490378,0,0,0.119582705,0.11958272,0.0,0.0,2490378,4325386,2490378,0,0,0.0038702625,0.003870263,0.0,0.0,1,1,0,0,50,50,0,0,1,1,0,0,50,50,0,0
1269977073,2490378,4259850,2490378,0,0,0.120378315,0.12037835,0.0,0.0,2490378,4325386,2490378,0,0,0.0026891883,0.0026891883,0.0,0.0,1,1,0,0,50,50,0,0,1,1,0,0,50,50,0,0
1270176159,2490378,4259850,2490378,0,0,0.049823698,0.049823694,0.0,0.0,2490378,4325386,2490378,0,0,0.0029897296,0.0029897282,0.0,0.0,1,1,0,0,50,50,0,0,1,1,0,0,50,50,0,0
1270375236,2490378,4259850,2490378,0,0,0.090197414,0.090197496,0.0,0.0,2490378,4325386,2490378,0,0,0.0036988156,0.003698818,0.0,0.0,1,1,0,0,50,50,0,0,1,1,0,0,50,50,0,0
1270574397,2490378,4259850,2490378,0,0,0.09265283,0.09265284,0.0,0.0,2490378,4325386,2490378,0,0,0.004160013,0.0041600093,0.0,0.0,1,1,0,0,50,50,0,0,1,1,0,0,50,50,0,0
1270773419,2490378,4259850,2490378,0,0,0.099123135,0.099123135,0.0,0.0,2490378,4325386,2490378,0,0,0.004001191,0.004001192,0.0,0.0,1,1,0,0,50,50,0,0,1,1,0,0,50,50,0,0
1270977461,2490378,4259850,2490378,0,0,0.09589835,0.095898286,0.0,0.0,2490378,4325386,2490378,0,0,0.0022057577,0.0022057577,0.0,0.0,1,1,0,0,50,50,0,0,1,1,0,0,50,50,0,0
1271176576,2490378,4259850,2490378,0,0,0.084660016,0.08466,0.0,0.0,2490378,4325386,2490378,0,0,0.0025341897,0.002534189,0.0,0.0,1,1,0,0,50,50,0,0,1,1,0,0,50,50,0,0
1271375631,2490378,4259850,2490378,0,0,0.07350795,0.07350797,0.0,0.0,2490378,4325386,2490378,0,0,0.003470646,0.0034706458,0.0,0.0,1,1,0,0,50,50,0,0,1,1,0,0,50,50,0,0
1271574713,2490378,4259850,2490378,0,0,0.07760239,0.07760239,0.0,0.0,2490378,4325386,2490378,0,0,0.0043695364,0.0043695346,0.0,0.0,1,1,0,0,50,50,0,0,1,1,0,0,50,50,0,0
1271773813,2490378,4259850,2490378,0,0,0.08998278,0.08998276,0.0,0.0,2490378,4325386,2490378,0,0,0.0037900903,0.0037900896,0.0,0.0,1,1,0,0,50,50,0,0,1,1,0,0,50,50,0,0
1271972877,2490378,4259850,2490378,0,0,0.09041661,0.090416625,0.0,0.0,2490378,4325386,2490378,0,0,0.004245546,0.004245547,0.0,0.0,1,1,0,0,50,50,0,0,1,1,0,0,50,50,0,0
1272171975,2490378,4259850,2490378,0,0,0.07020289,0.07020292,0.0,0.0,2490378,4325386,2490378,0,0,0.005147753,0.005147753,0.0,0.0,1,1,0,0,50,50,0,0,1,1,0,0,50,50,0,0
1272376020,2490378,4259850,2490378,0,0,0.09631198,0.096311994,0.0,0.0,2490378,4325386,2490378,0,0,0.0030635123,0.003063513,0.0,0.0,1,1,0,0,50,50,0,0,1,1,0,0,50,50,0,0
1272575104,2490378,4259850,2490378,0,0,0.10366189,0.10366189,0.0,0.0,2490378,4325386,2490378,0,0,0.003322633,0.003322633,0.0,0.0,1,1,0,0,50,50,0,0,1,1,0,0,50,50,0,0
1272774187,2490378,4259850,2490378,0,0,0.08429494,0.08429494,0.0,0.0,2490378,4325386,2490378,0,0,0.004012305,0.0040123044,0.0,0.0,1,1,0,0,50,50,0,0,1,1,0,0,50,50,0,0
1272973286,2490378,4259850,2490378,0,0,0.09148079,0.091480866,0.0,0.0,2490378,4325386,2490378,0,0,0.00418067,0.0041806656,0.0,0.0,1,1,0,0,50,50,0,0,1,1,0,0,50,50,0,0
1273172351,2490378,4259850,2490378,0,0,0.062402662,0.062402662,0.0,0.0,2490378,4325386,2490378,0,0,0.0019550838,0.0019550843,0.0,0.0,1,1,0,0,50,50,0,0,1,1,0,0,50,50,0,0
1273376438,2490378,4259850,2490378,0,0,0.09392056,0.093920566,0.0,0.0,2490378,4325386,2490378,0,0,0.005326964,0.0053269644,0.0,0.0,1,1,0,0,50,50,0,0,1,1,0,0,50,50,0,0
1273575492,2490378,4259850,2490378,0,0,0.096809365,0.09680934,0.0,0.0,2490378,4325386,2490378,0,0,0.003353225,0.0033532255,0.0,0.0,1,1,0,0,50,50,0,0,1,1,0,0,50,50,0,0
1273774593,2490378,4259850,2490378,0,0,0.099394865,0.09939487,0.0,0.0,2490378,4325386,2490378,0,0,0.0046144305,0.0046144305,0.0,0.0,1,1,0,0,50,50,0,0,1,1,0,0,50,50,0,0
1273973704,2490378,4259850,2490378,0,0,0.118937925,0.11893792,0.0,0.0,2490378,4325386,2490378,0,0,0.004117061,0.0041170614,0.0,0.0,1,1,0,0,50,50,0,0,1,1,0,0,50,50,0,0
1274177717,2490378,4259850,2490378,0,0,0.077383734,0.077383704,0.0,0.0,2490378,4325386,2490378,0,0,0.0047402545,0.0047402554,0.0,0.0,1,1,0,0,50,50,0,0,1,1,0,0,50,50,0,0
1274376829,2490378,4259850,2490378,0,0,0.07999539,0.07999538,0.0,0.0,2490378,4325386,2490378,0,0,0.0032649038,0.0032649047,0.0,0.0,1,1,0,0,50,50,0,0,1,1,0,0,50,50,0,0
1274575881,2490378,4259850,2490378,0,0,0.078487456,0.07848746,0.0,0.0,2490378,4325386,2490378,0,0,0.0053796116,0.0053796126,0.0,0.0,1,1,0,0,50,50,0,0,1,1,0,0,50,50,0,0
1274774963,2490378,4259850,2490378,0,0,0.08891784,0.088917844,0.0,0.0,2490378,4325386,2490378,0,0,0.0024020397,0.0024020392,0.0,0.0,1,1,0,0,50,50,0,0,1,1,0,0,50,50,0,0
1274974047,2490378,4259850,2490378,0,0,0.080085866,0.080085866,0.0,0.0,2490378,4325386,2490378,0,0,0.003734667,0.0037346662,0.0,0.0,1,1,0,0,50,50,0,0,1,1,0,0,50,50,0,0
1275178109,2490378,4259850,2490378,0,0,0.09304685,0.093046896,0.0,0.0,2490378,4325386,2490378,0,0,0.002314047,0.0023140472,0.0,0.0,1,1,0,0,50,50,0,0,1,1,0,0,50,50,0,0
1275377205,2490378,4259850,2490378,0,0,0.08201116,0.082011186,0.0,0.0,2490378,4325386,2490378,0,0,0.002463894,0.002463895,0.0,0.0,1,1,0,0,50,50,0,0,1,1,0,0,50,50,0,0
1275576271,2490378,4259850,2490378,0,0,0.082408674,0.0824087,0.0,0.0,2490378,4325386,2490378,0,0,0.0030209054,0.0030209057,0.0,0.0,1,1,0,0,50,50,0,0,1,1,0,0,50,50,0,0
1275775355,2490378,4259850,2490378,0,0,0.08812806,0.08812807,0.0,0.0,2490378,4325386,2490378,0,0,0.003753792,0.0037537925,0.0,0.0,1,1,0,0,50,50,0,0,1,1,0,0,50,50,0,0
1275974441,2490378,4259850,2490378,0,0,0.07105525,0.07105524,0.0,0.0,2490378,4325386,2490378,0,0,0.0030013227,0.0030013223,0.0,0.0,1,1,0,0,50,50,0,0,1,1,0,0,50,50,0,0
1276173535,2490378,4259850,2490378,0,0,0.07613677,0.07613677,0.0,0.0,2490378,4325386,2490378,0,0,0.0022190653,0.0022190632,0.0,0.0,1,1,0,0,50,50,0,0,1,1,0,0,50,50,0,0
1276372602,2490378,4259850,2490378,0,0,0.077670746,0.077670716,0.0,0.0,2490378,4325386,2490378,0,0,0.0033802092,0.0033802094,0.0,0.0,1,1,0,0,50,50,0,0,1,1,0,0,50,50,0,0
1276576665,2490378,4259850,2490378,0,0,0.10974105,0.10974098,0.0,0.0,2490378,4325386,2490378,0,0,0.0046767257,0.0046767252,0.0,0.0,1,1,0,0,50,50,0,0,1,1,0,0,50,50,0,0
1276775775,2490378,4259850,2490378,0,0,0.112651534,0.1126515,0.0,0.0,2490378,4325386,2490378,0,0,0.0048783724,0.004878373,0.0,0.0,1,1,0,0,50,50,0,0,1,1,0,0,50,50,0,0
1276974830,2490378,4259850,2490378,0,0,0.1177729,0.1177729,0.0,0.0,2490378,4325386,2490378,0,0,0.0041152732,0.0041152723,0.0,0.0,1,1,0,0,50,50,0,0,1,1,0,0,50,50,0,0
1277173910,2490378,4259850,2490378,0,0,0.10461666,0.10461665,0.0,0.0,2490378,4325386,2490378,0,0,0.003637592,0.0036375923,0.0,0.0,1,1,0,0,50,50,0,0,1,1,0,0,50,50,0,0
1277373015,2490378,4259850,2490378,0,0,0.0990221,0.099022105,0.0,0.0,2490378,4325386,2490378,0,0,0.0037086213,0.0037086213,0.0,0.0,1,1,0,0,50,50,0,0,1,1,0,0,50,50,0,0
1277572147,2490378,4259850,2490378,0,0,0.11440172,0.11440169,0.0,0.0,2490378,4325386,2490378,0,0,0.0036644905,0.0036644908,0.0,0.0,1,1,0,0,50,50,0,0,1,1,0,0,50,50,0,0
1277771161,2490378,4259850,2490378,0,0,0.106105514,0.10610551,0.0,0.0,2490378,4325386,2490378,0,0,0.0033601723,0.003360173,0.0,0.0,1,1,0,0,50,50,0,0,1,1,0,0,50,50,0,0
1277975250,2490378,4259850,2490378,0,0,0.08561636,0.085616335,0.0,0.0,2490378,4325386,2490378,0,0,0.0034805536,0.003480553,0.0,0.0,1,1,0,0,50,50,0,0,1,1,0,0,50,50,0,0
1278174300,2490378,4259850,2490378,0,0,0.07676345,0.07676344,0.0,0.0,2490378,4325386,2490378,0,0,0.004018298,0.004018297,0.0,0.0,1,1,0,0,50,50,0,0,1,1,0,0,50,50,0,0
1278373382,2490378,4259850,2490378,0,0,0.07164967,0.07164965,0.0,0.0,2490378,4325386,2490378,0,0,0.0037838772,0.0037838758,0.0,0.0,1,1,0,0,50,50,0,0,1,1,0,0,50,50,0,0
1278577446,2490378,4259850,2490378,0,0,0.07662341,0.07662339,0.0,0.0,2490378,4325386,2490378,0,0,0.0042583775,0.0042583765,0.0,0.0,1,1,0,0,50,50,0,0,1,1,0,0,50,50,0,0
1278776528,2490378,4259850,2490378,0,0,0.069630146,0.069630146,0.0,0.0,2490378,4325386,2490378,0,0,0.0037044922,0.0037044922,0.0,0.0,1,1,0,0,50,50,0,0,1,1,0,0,50,50,0,0
1278975642,2490378,4259850,2490378,0,0,0.08004893,0.08004893,0.0,0.0,2490378,4325386,2490378,0,0,0.0038431042,0.003843105,0.0,0.0,1,1,0,0,50,50,0,0,1,1,0,0,50,50,0,0
1279174692,2490378,4259850,2490378,0,0,0.08226626,0.08226626,0.0,0.0,2490378,4325386,2490378,0,0,0.0040476075,0.004047606,0.0,0.0,1,1,0,0,50,50,0,0,1,1,0,0,50,50,0,0
1279378754,2490378,4259850,2490378,0,0,0.0777431,0.07774312,0.0,0.0,2490378,4325386,2490378,0,0,0.0045708264,0.0045708274,0.0,0.0,1,1,0,0,50,50,0,0,1,1,0,0,50,50,0,0
1279577854,2490378,4259850,2490378,0,0,0.099144116,0.099144116,0.0,0.0,2490378,4325386,2490378,0,0,0.0036702387,0.003670236,0.0,0.0,1,1,0,0,50,50,0,0,1,1,0,0,50,50,0,0
1279776916,2490378,4259850,2490378,0,0,0.105589956,0.10558997,0.0,0.0,2490378,4325386,2490378,0,0,0.0065580085,0.0065580076,0.0,0.0,1,1,0,0,50,50,0,0,1,1,0,0,50,50,0,0
1279975998,2490378,4259850,2490378,0,0,0.09852375,0.09852374,0.0,0.0,2490378,4325386,2490378,0,0,0.0045665596,0.0045665563,0.0,0.0,1,1,0,0,50,50,0,0,1,1,0,0,50,50,0,0
1280175084,2490378,4259850,2490378,0,0,0.11492887,0.11492886,0.0,0.0,2490378,4325386,2490378,0,0,0.005518978,0.005518974,0.0,0.0,1,1,0,0,50,50,0,0,1,1,0,0,50,50,0,0
1280374167,2490378,4259850,2490378,0,0,0.102611296,0.10261132,0.0,0.0,2490378,4325386,2490378,0,0,0.004455962,0.0044559645,0.0,0.0,1,1,0,0,50,50,0,0,1,1,0,0,50,50,0,0
1280573245,2490378,4259850,2490378,0,0,0.100406796,0.1004068,0.0,0.0,2490378,4325386,2490378,0,0,0.004640028,0.004640024,0.0,0.0,1,1,0,0,50,50,0,0,1,1,0,0,50,50,0,0
1280777307,2490378,4259850,2490378,0,0,0.072276786,0.07227679,0.0,0.0,2490378,4325386,2490378,0,0,0.0021266702,0.0021266711,0.0,0.0,1,1,0,0,50,50,0,0,1,1,0,0,50,50,0,0
1280976419,2490378,4259850,2490378,0,0,0.09031491,0.09031484,0.0,0.0,2490378,4325386,2490378,0,0,0.005051321,0.005051322,0.0,0.0,1,1,0,0,50,50,0,0,1,1,0,0,50,50,0,0
1281175470,2490378,4259850,2490378,0,0,0.10365687,0.10365686,0.0,0.0,2490378,4325386,2490378,0,0,0.003855355,0.0038553549,0.0,0.0,1,1,0,0,50,50,0,0,1,1,0,0,50,50,0,0
1281374590,2490378,4259850,2490378,0,0,0.07650017,0.07650017,0.0,0.0,2490378,4325386,2490378,0,0,0.0042022527,0.0042022513,0.0,0.0,1,1,0,0,50,50,0,0,1,1,0,0,50,50,0,0
1281573660,2490378,4259850,2490378,0,0,0.08494976,0.08494978,0.0,0.0,2490378,4325386,2490378,0,0,0.0035421306,0.0035421315,0.0,0.0,1,1,0,0,50,50,0,0,1,1,0,0,50,50,0,0
1281772728,2490378,4259850,2490378,0,0,0.089021295,0.089021295,0.0,0.0,2490378,4325386,2490378,0,0,0.0040639285,0.0040639276,0.0,0.0,1,1,0,0,50,50,0,0,1,1,0,0,50,50,0,0
1281971803,2490378,4259850,2490378,0,0,0.085392185,0.085392185,0.0,0.0,2490378,4325386,2490378,0,0,0.0034613926,0.0034613935,0.0,0.0,1,1,0,0,50,50,0,0,1,1,0,0,50,50,0,0
1282175864,2490378,4259850,2490378,0,0,0.06094611,0.060946107,0.0,0.0,2490378,4325386,2490378,0,0,0.0033107,0.0033107009,0.0,0.0,1,1,0,0,50,50,0,0,1,1,0,0,50,50,0,0
1282374983,2490378,4259850,2490378,0,0,0.07240047,0.07240052,0.0,0.0,2490378,4325386,2490378,0,0,0.0047355737,0.0047355727,0.0,0.0,1,1,0,0,50,50,0,0,1,1,0,0,50,50,0,0
1282574026,2490378,4259850,2490378,0,0,0.088261776,0.08826177,0.0,0.0,2490378,4325386,2490378,0,0,0.004788427,0.004788426,0.0,0.0,1,1,0,0,50,50,0,0,1,1,0,0,50,50,0,0
1282773111,2490378,4259850,2490378,0,0,0.06638453,0.06638448,0.0,0.0,2490378,4325386,2490378,0,0,0.005217644,0.0052176462,0.0,0.0,1,1,0,0,50,50,0,0,1,1,0,0,50,50,0,0
1282972211,2490378,4259850,2490378,0,0,0.070828006,0.07082802,0.0,0.0,2490378,4325386,2490378,0,0,0.0048887962,0.004888796,0.0,0.0,1,1,0,0,50,50,0,0,1,1,0,0,50,50,0,0
1283176350,2490378,4259850,2490378,0,0,0.078569405,0.07856937,0.0,0.0,2490378,4325386,2490378,0,0,0.0024721867,0.0024721867,0.0,0.0,1,1,0,0,50,50,0,0,1,1,0,0,50,50,0,0
1283375337,2490378,4259850,2490378,0,0,0.06646104,0.06646103,0.0,0.0,2490378,4325386,2490378,0,0,0.0019465496,0.0019465504,0.0,0.0,1,1,0,0,50,50,0,0,1,1,0,0,50,50,0,0
1283574431,2490378,4259850,2490378,0,0,0.094067596,0.0940676,0.0,0.0,2490378,4325386,2490378,0,0,0.0042187804,0.004218779,0.0,0.0,1,1,0,0,50,50,0,0,1,1,0,0,50,50,0,0
1283778484,2490378,4259850,2490378,0,0,0.10183769,0.10183769,0.0,0.0,2490378,4325386,2490378,0,0,0.0043955883,0.0043955916,0.0,0.0,1,1,0,0,50,50,0,0,1,1,0,0,50,50,0,0
1283977674,2490378,4259850,2490378,0,0,0.10284148,0.10284149,0.0,0.0,2490378,4325386,2490378,0,0,0.004001903,0.0040019024,0.0,0.0,1,1,0,0,50,50,0,0,1,1,0,0,50,50,0,0
1284176646,2490378,4259850,2490378,0,0,0.113830455,0.11383044,0.0,0.0,2490378,4325386,2490378,0,0,0.0055714343,0.0055714324,0.0,0.0,1,1,0,0,50,50,0,0,1,1,0,0,50,50,0,0
1284375724,2490378,4259850,2490378,0,0,0.07990627,0.0799063,0.0,0.0,2490378,4325386,2490378,0,0,0.004040864,0.004040861,0.0,0.0,1,1,0,0,50,50,0,0,1,1,0,0,50,50,0,0
1284574836,2490378,4259850,2490378,0,0,0.0889305,0.08893051,0.0,0.0,2490378,4325386,2490378,0,0,0.0037920515,0.003792051,0.0,0.0,1,1,0,0,50,50,0,0,1,1,0,0,50,50,0,0
1284773891,2490378,4259850,2490378,0,0,0.09415197,0.09415199,0.0,0.0,2490378,4325386,2490378,0,0,0.0042853956,0.0042853937,0.0,0.0,1,1,0,0,50,50,0,0,1,1,0,0,50,50,0,0
1284977952,2490378,4259850,2490378,0,0,0.08091786,0.08091785,0.0,0.0,2490378,4325386,2490378,0,0,0.0047814744,0.0047814767,0.0,0.0,1,1,0,0,50,50,0,0,1,1,0,0,50,50,0,0
1285177053,2490378,4259850,2490378,0,0,0.054814637,0.05481464,0.0,0.0,2490378,4325386,2490378,0,0,0.0023849758,0.002384975,0.0,0.0,1,1,0,0,50,50,0,0,1,1,0,0,50,50,0,0
1285376142,2490378,4259850,2490378,0,0,0.09071387,0.090713866,0.0,0.0,2490378,4325386,2490378,0,0,0.0036102994,0.0036102997,0.0,0.0,1,1,0,0,50,50,0,0,1,1,0,0,50,50,0,0
1285575196,2490378,4259850,2490378,0,0,0.080509834,0.08050989,0.0,0.0,2490378,4325386,2490378,0,0,0.003315694,0.0033156935,0.0,0.0,1,1,0,0,50,50,0,0,1,1,0,0,50,50,0,0
1285774280,2490378,4259850,2490378,0,0,0.09503723,0.09503724,0.0,0.0,2490378,4325386,2490378,0,0,0.0030652117,0.0030652115,0.0,0.0,1,1,0,0,50,50,0,0,1,1,0,0,50,50,0,0
1285973366,2490378,4259850,2490378,0,0,0.0989201,0.09892009,0.0,0.0,2490378,4325386,2490378,0,0,0.0038956327,0.0038956325,0.0,0.0,1,1,0,0,50,50,0,0,1,1,0,0,50,50,0,0
1286172448,2490378,4259850,2490378,0,0,0.07439826,0.07439827,0.0,0.0,2490378,4325386,2490378,0,0,0.0032352072,0.0032352053,0.0,0.0,1,1,0,0,50,50,0,0,1,1,0,0,50,50,0,0
1286376521,2490378,4259850,2490378,0,0,0.09940741,0.099407434,0.0,0.0,2490378,4325386,2490378,0,0,0.0036459777,0.0036459765,0.0,0.0,1,1,0,0,50,50,0,0,1,1,0,0,50,50,0,0
1286575589,2490378,4259850,2490378,0,0,0.091701016,0.09170104,0.0,0.0,2490378,4325386,2490378,0,0,0.004196164,0.0041961656,0.0,0.0,1,1,0,0,50,50,0,0,1,1,0,0,50,50,0,0
1286774676,2490378,4259850,2490378,0,0,0.09391454,0.09391455,0.0,0.0,2490378,4325386,2490378,0,0,0.0033787366,0.0033787373,0.0,0.0,1,1,0,0,50,50,0,0,1,1,0,0,50,50,0,0
1286973755,2490378,4259850,2490378,0,0,0.05479156,0.054791592,0.0,0.0,2490378,4325386,2490378,0,0,0.0036771204,0.0036771216,0.0,0.0,1,1,0,0,50,50,0,0,1,1,0,0,50,50,0,0
1287172836,2490378,4259850,2490378,0,0,0.0810289,0.08102895,0.0,0.0,2490378,4325386,2490378,0,0,0.0045752353,0.004575235,0.0,0.0,1,1,0,0,50,50,0,0,1,1,0,0,50,50,0,0
1287371948,2490378,4259850,2490378,0,0,0.15147905,0.15147904,0.0,0.0,2490378,4325386,2490378,0,0,0.0069644987,0.0069644977,0.0,0.0,1,1,0,0,50,50,0,0,1,1,0,0,50,50,0,0
1287575983,2490378,4259850,2490378,0,0,0.095155224,0.095155254,0.0,0.0,2490378,4325386,2490378,0,0,0.0020493816,0.0020493823,0.0,0.0,1,1,0,0,50,50,0,0,1,1,0,0,50,50,0,0
1287775059,2490378,4259850,2490378,0,0,0.08633521,0.08633521,0.0,0.0,2490378,4325386,2490378,0,0,0.005085767,0.0050857654,0.0,0.0,1,1,0,0,50,50,0,0,1,1,0,0,50,50,0,0
1287974171,2490378,4259850,2490378,0,0,0.10167433,0.10167434,0.0,0.0,2490378,4325386,2490378,0,0,0.005137654,0.005137657,0.0,0.0,1,1,0,0,50,50,0,0,1,1,0,0,50,50,0,0
1288173227,2490378,4259850,2490378,0,0,0.05210913,0.052109115,0.0,0.0,2490378,4325386,2490378,0,0,0.002938065,0.0029380664,0.0,0.0,1,1,0,0,50,50,0,0,1,1,0,0,50,50,0,0
1288377315,2490378,4259850,2490378,0,0,0.08093905,0.08093903,0.0,0.0,2490378,4325386,2490378,0,0,0.003802568,0.0038025698,0.0,0.0,1,1,0,0,50,50,0,0,1,1,0,0,50,50,0,0
1288576390,2490378,4259850,2490378,0,0,0.13253206,0.13253218,0.0,0.0,2490378,4325386,2490378,0,0,0.0036644598,0.0036644596,0.0,0.0,1,1,0,0,50,50,0,0,1,1,0,0,50,50,0,0
1288775481,2490378,4259850,2490378,0,0,0.068040095,0.06804003,0.0,0.0,2490378,4325386,2490378,0,0,0.0058741136,0.0058741136,0.0,0.0,1,1,0,0,50,50,0,0,1,1,0,0,50,50,0,0
1288974532,2490378,4259850,2490378,0,0,0.1338626,0.1338626,0.0,0.0,2490378,4325386,2490378,0,0,0.0039045662,0.0039045643,0.0,0.0,1,1,0,0,50,50,0,0,1,1,0,0,50,50,0,0
1289178593,2490378,4259850,2490378,0,0,0.048005063,0.048005067,0.0,0.0,2490378,4325386,2490378,0,0,0.003792377,0.0037923772,0.0,0.0,1,1,0,0,50,50,0,0,1,1,0,0,50,50,0,0
1289377700,2490378,4259850,2490378,0,0,0.076188155,0.076188155,0.0,0.0,2490378,4325386,2490378,0,0,0.0038862077,0.0038862077,0.0,0.0,1,1,0,0,50,50,0,0,1,1,0,0,50,50,0,0
1289576847,2490378,4259850,2490378,0,0,0.07774479,0.0777448,0.0,0.0,2490378,4325386,2490378,0,0,0.0038016678,0.003801667,0.0,0.0,1,1,0,0,50,50,0,0,1,1,0,0,50,50,0,0
1289775842,2490378,4259850,2490378,0,0,0.09660494,0.09660498,0.0,0.0,2490378,4325386,2490378,0,0,0.0026362892,0.002636288,0.0,0.0,1,1,0,0,50,50,0,0,1,1,0,0,50,50,0,0
1289974925,2490378,4259850,2490378,0,0,0.09145326,0.091453224,0.0,0.0,2490378,4325386,2490378,0,0,0.004396677,0.004396677,0.0,0.0,1,1,0,0,50,50,0,0,1,1,0,0,50,50,0,0
1290174035,2490378,4259850,2490378,0,0,0.08195706,0.08195704,0.0,0.0,2490378,4325386,2490378,0,0,0.0051896907,0.0051896907,0.0,0.0,1,1,0,0,50,50,0,0,1,1,0,0,50,50,0,0
1290373091,2490378,4259850,2490378,0,0,0.09645621,0.096456185,0.0,0.0,2490378,4325386,2490378,0,0,0.0041844444,0.0041844444,0.0,0.0,1,1,0,0,50,50,0,0,1,1,0,0,50,50,0,0
1290577152,2490378,4259850,2490378,0,0,0.060559712,0.060559694,0.0,0.0,2490378,4325386,2490378,0,0,0.002149774,0.002149775,0.0,0.0,1,1,0,0,50,50,0,0,1,1,0,0,50,50,0,0
1290776251,2490378,4259850,2490378,0,0,0.050568763,0.05056871,0.0,0.0,2490378,4325386,2490378,0,0,0.0024589843,0.002458985,0.0,0.0,1,1,0,0,50,50,0,0,1,1,0,0,50,50,0,0
1290975329,2490378,4259850,2490378,0,0,0.06543048,0.0654305,0.0,0.0,2490378,4325386,2490378,0,0,0.0022344056,0.002234404,0.0,0.0,1,1,0,0,50,50,0,0,1,1,0,0,50,50,0,0
1291174399,2490378,4259850,2490378,0,0,0.081227094,0.08122711,0.0,0.0,2490378,4325386,2490378,0,0,0.0044047926,0.004404787,0.0,0.0,1,1,0,0,50,50,0,0,1,1,0,0,50,50,0,0
1291373482,2490378,4259850,2490378,0,0,0.084049664,0.08404982,0.0,0.0,2490378,4325386,2490378,0,0,0.0049726586,0.0049726632,0.0,0.0,1,1,0,0,50,50,0,0,1,1,0,0,50,50,0,0
1291572563,2490378,4259850,2490378,0,0,0.065675445,0.06567543,0.0,0.0,2490378,4325386,2490378,0,0,0.0056482116,0.005648209,0.0,0.0,1,1,0,0,50,50,0,0,1,1,0,0,50,50,0,0
1291771646,2490378,4259850,2490378,0,0,0.081463836,0.08146383,0.0,0.0,2490378,4325386,2490378,0,0,0.004530997,0.0045309975,0.0,0.0,1,1,0,0,50,50,0,0,1,1,0,0,50,50,0,0
1291975710,2490378,4259850,2490378,0,0,0.14190917,0.14190917,0.0,0.0,2490378,4325386,2490378,0,0,0.002031541,0.0020315403,0.0,0.0,1,1,0,0,50,50,0,0,1,1,0,0,50,50,0,0
1292174790,2490378,4259850,2490378,0,0,0.087054946,0.087054916,0.0,0.0,2490378,4325386,2490378,0,0,0.0033175754,0.0033175738,0.0,0.0,1,1,0,0,50,50,0,0,1,1,0,0,50,50,0,0
1292373869,2490378,4259850,2490378,0,0,0.08522742,0.085227415,0.0,0.0,2490378,4325386,2490378,0,0,0.002721641,0.0027216407,0.0,0.0,1,1,0,0,50,50,0,0,1,1,0,0,50,50,0,0
1292572983,2490378,4259850,2490378,0,0,0.09380946,0.0938093,0.0,0.0,2490378,4325386,2490378,0,0,0.0046873693,0.0046873656,0.0,0.0,1,1,0,0,50,50,0,0,1,1,0,0,50,50,0,0
1292777015,2490378,4259850,2490378,0,0,0.091769025,0.09176897,0.0,0.0,2490378,4325386,2490378,0,0,0.0056769974,0.0056769955,0.0,0.0,1,1,0,0,50,50,0,0,1,1,0,0,50,50,0,0
1292976122,2490378,4259850,2490378,0,0,0.11999101,0.11999095,0.0,0.0,2490378,4325386,2490378,0,0,0.004048763,0.0040487675,0.0,0.0,1,1,0,0,50,50,0,0,1,1,0,0,50,50,0,0
1293175223,2490378,4259850,2490378,0,0,0.0770518,0.07705183,0.0,0.0,2490378,4325386,2490378,0,0,0.004772524,0.004772525,0.0,0.0,1,1,0,0,50,50,0,0,1,1,0,0,50,50,0,0
1293374271,2490378,4259850,2490378,0,0,0.10024977,0.10024969,0.0,0.0,2490378,4325386,2490378,0,0,0.0041285185,0.0041285176,0.0,0.0,1,1,0,0,50,50,0,0,1,1,0,0,50,50,0,0
1293578346,2490378,4259850,2490378,0,0,0.10911107,0.10911104,0.0,0.0,2490378,4325386,2490378,0,0,0.0031068588,0.0031068583,0.0,0.0,1,1,0,0,50,50,0,0,1,1,0,0,50,50,0,0
1293777401,2490378,4259850,2490378,0,0,0.093049504,0.09304952,0.0,0.0,2490378,4325386,2490378,0,0,0.0044579557,0.0044579566,0.0,0.0,1,1,0,0,50,50,0,0,1,1,0,0,50,50,0,0
1293976486,2490378,4259850,2490378,0,0,0.08637099,0.08637099,0.0,0.0,2490378,4325386,2490378,0,0,0.005479998,0.00548,0.0,0.0,1,1,0,0,50,50,0,0,1,1,0,0,50,50,0,0
1294175568,2490378,4259850,2490378,0,0,0.071910284,0.07191028,0.0,0.0,2490378,4325386,2490378,0,0,0.0044793948,0.0044793887,0.0,0.0,1,1,0,0,50,50,0,0,1,1,0,0,50,50,0,0
1294374652,2490378,4259850,2490378,0,0,0.069391415,0.06939138,0.0,0.0,2490378,4325386,2490378,0,0,0.002822634,0.0028226315,0.0,0.0,1,1,0,0,50,50,0,0,1,1,0,0,50,50,0,0
1294573732,2490378,4259850,2490378,0,0,0.075578794,0.075578846,0.0,0.0,2490378,4325386,2490378,0,0,0.0043919366,0.004391935,0.0,0.0,1,1,0,0,50,50,0,0,1,1,0,0,50,50,0,0
1294777796,2490378,4259850,2490378,0,0,0.061331928,0.061332,0.0,0.0,2490378,4325386,2490378,0,0,0.005555366,0.005555364,0.0,0.0,1,1,0,0,50,50,0,0,1,1,0,0,50,50,0,0
1294976876,2490378,4259850,2490378,0,0,0.09064067,0.09064069,0.0,0.0,2490378,4325386,2490378,0,0,0.0055918586,0.0055918596,0.0,0.0,1,1,0,0,50,50,0,0,1,1,0,0,50,50,0,0
1295176043,2490378,4259850,2490378,0,0,0.09478036,0.094780356,0.0,0.0,2490378,4325386,2490378,0,0,0.005482896,0.005482906,0.0,0.0,1,1,0,0,50,50,0,0,1,1,0,0,50,50,0,0
1295375043,2490378,4259850,2490378,0,0,0.098874554,0.09887457,0.0,0.0,2490378,4325386,2490378,0,0,0.005419338,0.0054193293,0.0,0.0,1,1,0,0,50,50,0,0,1,1,0,0,50,50,0,0
1295574122,2490378,4259850,2490378,0,0,0.10720534,0.10720534,0.0,0.0,2490378,4325386,2490378,0,0,0.004522919,0.0045229183,0.0,0.0,1,1,0,0,50,50,0,0,1,1,0,0,50,50,0,0
1295773234,2490378,4259850,2490378,0,0,0.11198418,0.11198423,0.0,0.0,2490378,4325386,2490378,0,0,0.004959188,0.0049591865,0.0,0.0,1,1,0,0,50,50,0,0,1,1,0,0,50,50,0,0
1295972286,2490378,4259850,2490378,0,0,0.09828707,0.098287076,0.0,0.0,2490378,4325386,2490378,0,0,0.0050261673,0.005026172,0.0,0.0,1,1,0,0,50,50,0,0,1,1,0,0,50,50,0,0
1296176381,2490378,4259850,2490378,0,0,0.1090263,0.10902633,0.0,0.0,2490378,4325386,2490378,0,0,0.0044420594,0.0044420674,0.0,0.0,1,1,0,0,50,50,0,0,1,1,0,0,50,50,0,0
1296375481,2490378,4259850,2490378,0,0,0.0878132,0.08781321,0.0,0.0,2490378,4325386,2490378,0,0,0.005687228,0.005687233,0.0,0.0,1,1,0,0,50,50,0,0,1,1,0,0,50,50,0,0
1296574517,2490378,4259850,2490378,0,0,0.06492733,0.06492733,0.0,0.0,2490378,4325386,2490378,0,0,0.003399276,0.003399279,0.0,0.0,1,1,0,0,50,50,0,0,1,1,0,0,50,50,0,0
1296773626,2490378,4259850,2490378,0,0,0.084518716,0.084518686,0.0,0.0,2490378,4325386,2490378,0,0,0.0027284788,0.0027284801,0.0,0.0,1,1,0,0,50,50,0,0,1,1,0,0,50,50,0,0
1296972680,2490378,4259850,2490378,0,0,0.08500457,0.085004576,0.0,0.0,2490378,4325386,2490378,0,0,0.004022706,0.004022702,0.0,0.0,1,1,0,0,50,50,0,0,1,1,0,0,50,50,0,0
1297171758,2490378,4259850,2490378,0,0,0.09157479,0.09157477,0.0,0.0,2490378,4325386,2490378,0,0,0.003764035,0.003764036,0.0,0.0,1,1,0,0,50,50,0,0,1,1,0,0,50,50,0,0
1297375823,2490378,4259850,2490378,0,0,0.088077135,0.08807715,0.0,0.0,2490378,4325386,2490378,0,0,0.004612489,0.004612492,0.0,0.0,1,1,0,0,50,50,0,0,1,1,0,0,50,50,0,0
1297574917,2490378,4259850,2490378,0,0,0.098457016,0.09845696,0.0,0.0,2490378,4325386,2490378,0,0,0.004567847,0.004567849,0.0,0.0,1,1,0,0,50,50,0,0,1,1,0,0,50,50,0,0
1297773963,2490378,4259850,2490378,0,0,0.08113904,0.081139095,0.0,0.0,2490378,4325386,2490378,0,0,0.003820904,0.003820903,0.0,0.0,1,1,0,0,50,50,0,0,1,1,0,0,50,50,0,0
1297978044,2490378,4259850,2490378,0,0,0.0696687,0.06966871,0.0,0.0,2490378,4325386,2490378,0,0,0.0036408082,0.0036408084,0.0,0.0,1,1,0,0,50,50,0,0,1,1,0,0,50,50,0,0
1298177139,2490378,4259850,2490378,0,0,0.09401069,0.09401069,0.0,0.0,2490378,4325386,2490378,0,0,0.0038322888,0.0038322888,0.0,0.0,1,1,0,0,50,50,0,0,1,1,0,0,50,50,0,0
1298376211,2490378,4259850,2490378,0,0,0.0775866,0.07758666,0.0,0.0,2490378,4325386,2490378,0,0,0.0036516928,0.0036516918,0.0,0.0,1,1,0,0,50,50,0,0,1,1,0,0,50,50,0,0
1298575321,2490378,4259850,2490378,0,0,0.07499989,0.07499989,0.0,0.0,2490378,4325386,2490378,0,0,0.003273729,0.0032737271,0.0,0.0,1,1,0,0,50,50,0,0,1,1,0,0,50,50,0,0
1298774404,2490378,4259850,2490378,0,0,0.074008316,0.0740083,0.0,0.0,2490378,4325386,2490378,0,0,0.002403383,0.0024033822,0.0,0.0,1,1,0,0,50,50,0,0,1,1,0,0,50,50,0,0
1298978437,2490378,4259850,2490378,0,0,0.09562621,0.09562621,0.0,0.0,2490378,4325386,2490378,0,0,0.002972819,0.0029728184,0.0,0.0,1,1,0,0,50,50,0,0,1,1,0,0,50,50,0,0
1299177516,2490378,4259850,2490378,0,0,0.09404642,0.09404634,0.0,0.0,2490378,4325386,2490378,0,0,0.003623156,0.0036231582,0.0,0.0,1,1,0,0,50,50,0,0,1,1,0,0,50,50,0,0
1299376600,2490378,4259850,2490378,0,0,0.07257664,0.07257664,0.0,0.0,2490378,4325386,2490378,0,0,0.003958824,0.0039588246,0.0,0.0,1,1,0,0,50,50,0,0,1,1,0,0,50,50,0,0
1299575688,2490378,4259850,2490378,0,0,0.07163457,0.07163459,0.0,0.0,2490378,4325386,2490378,0,0,0.0040808627,0.0040808627,0.0,0.0,1,1,0,0,50,50,0,0,1,1,0,0,50,50,0,0
1299774765,2490378,4259850,2490378,0,0,0.110232666,0.11023268,0.0,0.0,2490378,4325386,2490378,0,0,0.0045038993,0.004503899,0.0,0.0,1,1,0,0,50,50,0,0,1,1,0,0,50,50,0,0
1299973880,2490378,4259850,2490378,0,0,0.06314441,0.06314445,0.0,0.0,2490378,4325386,2490378,0,0,0.0036911857,0.0036911857,0.0,0.0,1,1,0,0,50,50,0,0,1,1,0,0,50,50,0,0
1300172930,2490378,4259850,2490378,0,0,0.11083342,0.11083338,0.0,0.0,2490378,4325386,2490378,0,0,0.0035591605,0.0035591621,0.0,0.0,1,1,0,0,50,50,0,0,1,1,0,0,50,50,0,0
1300377019,2490378,4259850,2490378,0,0,0.087943174,0.08794318,0.0,0.0,2490378,4325386,2490378,0,0,0.004332088,0.0043320893,0.0,0.0,1,1,0,0,50,50,0,0,1,1,0,0,50,50,0,0
1300576071,2490378,4259850,2490378,0,0,0.066311575,0.066311575,0.0,0.0,2490378,4325386,2490378,0,0,0.0038033703,0.0038033703,0.0,0.0,1,1,0,0,50,50,0,0,1,1,0,0,50,50,0,0
1300775240,2490378,4259850,2490378,0,0,0.08558274,0.08558274,0.0,0.0,2490378,4325386,2490378,0,0,0.0035623887,0.003562388,0.0,0.0,1,1,0,0,50,50,0,0,1,1,0,0,50,50,0,0
1300974240,2490378,4259850,2490378,0,0,0.09279711,0.09279712,0.0,0.0,2490378,4325386,2490378,0,0,0.0019603763,0.0019603758,0.0,0.0,1,1,0,0,50,50,0,0,1,1,0,0,50,50,0,0
1301173319,2490378,4259850,2490378,0,0,0.09808564,0.098085634,0.0,0.0,2490378,4325386,2490378,0,0,0.0047847116,0.004784712,0.0,0.0,1,1,0,0,50,50,0,0,1,1,0,0,50,50,0,0
1301372431,2490378,4259850,2490378,0,0,0.07363288,0.07363287,0.0,0.0,2490378,4325386,2490378,0,0,0.003688046,0.0036880455,0.0,0.0,1,1,0,0,50,50,0,0,1,1,0,0,50,50,0,0
1301571484,2490378,4259850,2490378,0,0,0.08589183,0.08589183,0.0,0.0,2490378,4325386,2490378,0,0,0.003778814,0.0037788125,0.0,0.0,1,1,0,0,50,50,0,0,1,1,0,0,50,50,0,0
1301775630,2490378,4259850,2490378,0,0,0.0923357,0.09233573,0.0,0.0,2490378,4325386,2490378,0,0,0.003863282,0.0038632802,0.0,0.0,1,1,0,0,50,50,0,0,1,1,0,0,50,50,0,0
1301974629,2490378,4259850,2490378,0,0,0.07848099,0.07848099,0.0,0.0,2490378,4325386,2490378,0,0,0.003689364,0.0036893652,0.0,0.0,1,1,0,0,50,50,0,0,1,1,0,0,50,50,0,0
1302173730,2490378,4259850,2490378,0,0,0.09227206,0.09227205,0.0,0.0,2490378,4325386,2490378,0,0,0.0043327706,0.0043327687,0.0,0.0,1,1,0,0,50,50,0,0,1,1,0,0,50,50,0,0
1302372791,2490378,4259850,2490378,0,0,0.067096755,0.06709681,0.0,0.0,2490378,4325386,2490378,0,0,0.0036796015,0.0036796024,0.0,0.0,1,1,0,0,50,50,0,0,1,1,0,0,50,50,0,0
1302576858,2490378,4259850,2490378,0,0,0.085156225,0.085156135,0.0,0.0,2490378,4325386,2490378,0,0,0.003935218,0.0039352183,0.0,0.0,1,1,0,0,50,50,0,0,1,1,0,0,50,50,0,0
1302775936,2490378,4259850,2490378,0,0,0.10373409,0.10373411,0.0,0.0,2490378,4325386,2490378,0,0,0.003518245,0.0035182436,0.0,0.0,1,1,0,0,50,50,0,0,1,1,0,0,50,50,0,0
1302975019,2490378,4259850,2490378,0,0,0.08084983,0.080849774,0.0,0.0,2490378,4325386,2490378,0,0,0.0034048827,0.0034048837,0.0,0.0,1,1,0,0,50,50,0,0,1,1,0,0,50,50,0,0
1303174131,2490378,4259850,2490378,0,0,0.049576763,0.049576726,0.0,0.0,2490378,4325386,2490378,0,0,0.003430868,0.0034308687,0.0,0.0,1,1,0,0,50,50,0,0,1,1,0,0,50,50,0,0
1303378181,2490378,4259850,2490378,0,0,0.0705078,0.07050777,0.0,0.0,2490378,4325386,2490378,0,0,0.0037769873,0.0037769855,0.0,0.0,1,1,0,0,50,50,0,0,1,1,0,0,50,50,0,0
1303577243,2490378,4259850,2490378,0,0,0.08115737,0.08115734,0.0,0.0,2490378,4325386,2490378,0,0,0.0032686053,0.003268605,0.0,0.0,1,1,0,0,50,50,0,0,1,1,0,0,50,50,0,0
1303776324,2490378,4259850,2490378,0,0,0.09131406,0.09131408,0.0,0.0,2490378,4325386,2490378,0,0,0.003333364,0.0033333632,0.0,0.0,1,1,0,0,50,50,0,0,1,1,0,0,50,50,0,0
1303975407,2490378,4259850,2490378,0,0,0.074357815,0.07435782,0.0,0.0,2490378,4325386,2490378,0,0,0.0036866406,0.003686639,0.0,0.0,1,1,0,0,50,50,0,0,1,1,0,0,50,50,0,0
1304174520,2490378,4259850,2490378,0,0,0.06823565,0.06823568,0.0,0.0,2490378,4325386,2490378,0,0,0.0027754775,0.002775477,0.0,0.0,1,1,0,0,50,50,0,0,1,1,0,0,50,50,0,0
1304373608,2490378,4259850,2490378,0,0,0.07692043,0.07692042,0.0,0.0,2490378,4325386,2490378,0,0,0.0033130946,0.0033130937,0.0,0.0,1,1,0,0,50,50,0,0,1,1,0,0,50,50,0,0
1304577632,2490378,4259850,2490378,0,0,0.068644874,0.06864483,0.0,0.0,2490378,4325386,2490378,0,0,0.003528864,0.0035288646,0.0,0.0,1,1,0,0,50,50,0,0,1,1,0,0,50,50,0,0
1304776713,2490378,4259850,2490378,0,0,0.074883945,0.074883886,0.0,0.0,2490378,4325386,2490378,0,0,0.004389287,0.004389286,0.0,0.0,1,1,0,0,50,50,0,0,1,1,0,0,50,50,0,0
1304975794,2490378,4259850,2490378,0,0,0.097884715,0.09788474,0.0,0.0,2490378,4325386,2490378,0,0,0.0040881867,0.004088185,0.0,0.0,1,1,0,0,50,50,0,0,1,1,0,0,50,50,0,0
1305174879,2490378,4259850,2490378,0,0,0.10880871,0.10880871,0.0,0.0,2490378,4325386,2490378,0,0,0.0037927835,0.003792787,0.0,0.0,1,1,0,0,50,50,0,0,1,1,0,0,50,50,0,0
1305373961,2490378,4259850,2490378,0,0,0.10035915,0.1003591,0.0,0.0,2490378,4325386,2490378,0,0,0.0031320225,0.0031320238,0.0,0.0,1,1,0,0,50,50,0,0,1,1,0,0,50,50,0,0
1305573043,2490378,4259850,2490378,0,0,0.09845874,0.09845875,0.0,0.0,2490378,4325386,2490378,0,0,0.005043033,0.0050430303,0.0,0.0,1,1,0,0,50,50,0,0,1,1,0,0,50,50,0,0
1305772155,2490378,4259850,2490378,0,0,0.090887,0.090887055,0.0,0.0,2490378,4325386,2490378,0,0,0.0037500707,0.0037500686,0.0,0.0,1,1,0,0,50,50,0,0,1,1,0,0,50,50,0,0
1305976187,2490378,4259850,2490378,0,0,0.103303045,0.103302985,0.0,0.0,2490378,4325386,2490378,0,0,0.002662231,0.0026622307,0.0,0.0,1,1,0,0,50,50,0,0,1,1,0,0,50,50,0,0
1306175270,2490378,4259850,2490378,0,0,0.07191474,0.07191475,0.0,0.0,2490378,4325386,2490378,0,0,0.0030423102,0.003042308,0.0,0.0,1,1,0,0,50,50,0,0,1,1,0,0,50,50,0,0
1306374456,2490378,4259850,2490378,0,0,0.06303558,0.0630356,0.0,0.0,2490378,4325386,2490378,0,0,0.0034403952,0.0034403962,0.0,0.0,1,1,0,0,50,50,0,0,1,1,0,0,50,50,0,0
1306573431,2490378,4259850,2490378,0,0,0.0842466,0.084246606,0.0,0.0,2490378,4325386,2490378,0,0,0.0042740228,0.0042740228,0.0,0.0,1,1,0,0,50,50,0,0,1,1,0,0,50,50,0,0
1306772514,2490378,4259850,2490378,0,0,0.09574509,0.09574509,0.0,0.0,2490378,4325386,2490378,0,0,0.004604086,0.0046040867,0.0,0.0,1,1,0,0,50,50,0,0,1,1,0,0,50,50,0,0
1306971628,2490378,4259850,2490378,0,0,0.09625096,0.09625095,0.0,0.0,2490378,4325386,2490378,0,0,0.0043415623,0.0043415604,0.0,0.0,1,1,0,0,50,50,0,0,1,1,0,0,50,50,0,0
1307175661,2490378,4259850,2490378,0,0,0.08406337,0.08406338,0.0,0.0,2490378,4325386,2490378,0,0,0.0040174653,0.004017465,0.0,0.0,1,1,0,0,50,50,0,0,1,1,0,0,50,50,0,0
1307374741,2490378,4259850,2490378,0,0,0.08706287,0.087062895,0.0,0.0,2490378,4325386,2490378,0,0,0.004129605,0.0041296054,0.0,0.0,1,1,0,0,50,50,0,0,1,1,0,0,50,50,0,0
1307573822,2490378,4259850,2490378,0,0,0.07867468,0.07867466,0.0,0.0,2490378,4325386,2490378,0,0,0.003545445,0.003545448,0.0,0.0,1,1,0,0,50,50,0,0,1,1,0,0,50,50,0,0
1307777882,2490378,4259850,2490378,0,0,0.07451142,0.0745114,0.0,0.0,2490378,4325386,2490378,0,0,0.0041641756,0.0041641756,0.0,0.0,1,1,0,0,50,50,0,0,1,1,0,0,50,50,0,0
1307977010,2490378,4259850,2490378,0,0,0.08757446,0.08757446,0.0,0.0,2490378,4325386,2490378,0,0,0.0051927087,0.0051927096,0.0,0.0,1,1,0,0,50,50,0,0,1,1,0,0,50,50,0,0
1308176051,2490378,4259850,2490378,0,0,0.10891977,0.10891974,0.0,0.0,2490378,4325386,2490378,0,0,0.0054855766,0.00548558,0.0,0.0,1,1,0,0,50,50,0,0,1,1,0,0,50,50,0,0
1308375160,2490378,4259850,2490378,0,0,0.08060213,0.08060214,0.0,0.0,2490378,4325386,2490378,0,0,0.0034096567,0.003409655,0.0,0.0,1,1,0,0,50,50,0,0,1,1,0,0,50,50,0,0
1308574247,2490378,4259850,2490378,0,0,0.08245268,0.082452685,0.0,0.0,2490378,4325386,2490378,0,0,0.0039288695,0.003928869,0.0,0.0,1,1,0,0,50,50,0,0,1,1,0,0,50,50,0,0
1308778269,2490378,4259850,2490378,0,0,0.093978696,0.093978666,0.0,0.0,2490378,4325386,2490378,0,0,0.0060506994,0.0060507,0.0,0.0,1,1,0,0,50,50,0,0,1,1,0,0,50,50,0,0
1308977364,2490378,4259850,2490378,0,0,0.1088186,0.10881856,0.0,0.0,2490378,4325386,2490378,0,0,0.0044178027,0.004417802,0.0,0.0,1,1,0,0,50,50,0,0,1,1,0,0,50,50,0,0
1309176435,2490378,4259850,2490378,0,0,0.07446432,0.07446433,0.0,0.0,2490378,4325386,2490378,0,0,0.0037959712,0.0037959702,0.0,0.0,1,1,0,0,50,50,0,0,1,1,0,0,50,50,0,0
1309375519,2490378,4259850,2490378,0,0,0.06148843,0.06148841,0.0,0.0,2490378,4325386,2490378,0,0,0.0035560313,0.003556029,0.0,0.0,1,1,0,0,50,50,0,0,1,1,0,0,50,50,0,0
1309574624,2490378,4259850,2490378,0,0,0.077168144,0.07716813,0.0,0.0,2490378,4325386,2490378,0,0,0.0036714226,0.0036714205,0.0,0.0,1,1,0,0,50,50,0,0,1,1,0,0,50,50,0,0
1309773718,2490378,4259850,2490378,0,0,0.054215748,0.054215778,0.0,0.0,2490378,4325386,2490378,0,0,0.0031118873,0.003111886,0.0,0.0,1,1,0,0,50,50,0,0,1,1,0,0,50,50,0,0
1309972770,2490378,4259850,2490378,0,0,0.077677086,0.07767706,0.0,0.0,2490378,4325386,2490378,0,0,0.0037328654,0.003732866,0.0,0.0,1,1,0,0,50,50,0,0,1,1,0,0,50,50,0,0
1310176827,2490378,4259850,2490378,0,0,0.09639523,0.09639523,0.0,0.0,2490378,4325386,2490378,0,0,0.00360002,0.0036000193,0.0,0.0,1,1,0,0,50,50,0,0,1,1,0,0,50,50,0,0
1310375908,2490378,4259850,2490378,0,0,0.088903286,0.08890324,0.0,0.0,2490378,4325386,2490378,0,0,0.004037712,0.0040377104,0.0,0.0,1,1,0,0,50,50,0,0,1,1,0,0,50,50,0,0
1310574992,2490378,4259850,2490378,0,0,0.10277019,0.10277017,0.0,0.0,2490378,4325386,2490378,0,0,0.0045171375,0.0045171324,0.0,0.0,1,1,0,0,50,50,0,0,1,1,0,0,50,50,0,0
1310774093,2490378,4259850,2490378,0,0,0.10836748,0.10836749,0.0,0.0,2490378,4325386,2490378,0,0,0.004418917,0.0044189156,0.0,0.0,1,1,0,0,50,50,0,0,1,1,0,0,50,50,0,0
1310973155,2490378,4259850,2490378,0,0,0.11970212,0.11970209,0.0,0.0,2490378,4325386,2490378,0,0,0.0038401107,0.003840111,0.0,0.0,1,1,0,0,50,50,0,0,1,1,0,0,50,50,0,0
1311172238,2490378,4259850,2490378,0,0,0.11657244,0.116572484,0.0,0.0,2490378,4325386,2490378,0,0,0.0037091223,0.0037091216,0.0,0.0,1,1,0,0,50,50,0,0,1,1,0,0,50,50,0,0
1311371319,2490378,4259850,2490378,0,0,0.11361361,0.113613605,0.0,0.0,2490378,4325386,2490378,0,0,0.005978121,0.0059781214,0.0,0.0,1,1,0,0,50,50,0,0,1,1,0,0,50,50,0,0
1311575424,2490378,4259850,2490378,0,0,0.095056854,0.09505685,0.0,0.0,2490378,4325386,2490378,0,0,0.0050149835,0.0050149807,0.0,0.0,1,1,0,0,50,50,0,0,1,1,0,0,50,50,0,0
1311774461,2490378,4259850,2490378,0,0,0.09456851,0.09456851,0.0,0.0,2490378,4325386,2490378,0,0,0.004081994,0.0040819882,0.0,0.0,1,1,0,0,50,50,0,0,1,1,0,0,50,50,0,0
1311973725,2490378,4259850,2490378,0,0,0.07986565,0.07986564,0.0,0.0,2490378,4325386,2490378,0,0,0.0037185766,0.0037185755,0.0,0.0,1,1,0,0,50,50,0,0,1,1,0,0,50,50,0,0
1312172630,2490378,4259850,2490378,0,0,0.08365169,0.08365167,0.0,0.0,2490378,4325386,2490378,0,0,0.0034165448,0.0034165455,0.0,0.0,1,1,0,0,50,50,0,0,1,1,0,0,50,50,0,0
1312376690,2490378,4259850,2490378,0,0,0.08107762,0.08107763,0.0,0.0,2490378,4325386,2490378,0,0,0.0033485466,0.0033485447,0.0,0.0,1,1,0,0,50,50,0,0,1,1,0,0,50,50,0,0
1312575795,2490378,4259850,2490378,0,0,0.086011246,0.086011246,0.0,0.0,2490378,4325386,2490378,0,0,0.003792351,0.0037923534,0.0,0.0,1,1,0,0,50,50,0,0,1,1,0,0,50,50,0,0
1312774856,2490378,4259850,2490378,0,0,0.06847943,0.06847941,0.0,0.0,2490378,4325386,2490378,0,0,0.0035297547,0.0035297584,0.0,0.0,1,1,0,0,50,50,0,0,1,1,0,0,50,50,0,0
1312978909,2490378,4259850,2490378,0,0,0.0732342,0.073234186,0.0,0.0,2490378,4325386,2490378,0,0,0.0035134498,0.0035134507,0.0,0.0,1,1,0,0,50,50,0,0,1,1,0,0,50,50,0,0
1313177993,2490378,4259850,2490378,0,0,0.07758039,0.07758039,0.0,0.0,2490378,4325386,2490378,0,0,0.0045667677,0.004566768,0.0,0.0,1,1,0,0,50,50,0,0,1,1,0,0,50,50,0,0
1313377097,2490378,4259850,2490378,0,0,0.05532944,0.055329416,0.0,0.0,2490378,4325386,2490378,0,0,0.003515094,0.0035150957,0.0,0.0,1,1,0,0,50,50,0,0,1,1,0,0,50,50,0,0
1313576157,2490378,4259850,2490378,0,0,0.09111441,0.09111443,0.0,0.0,2490378,4325386,2490378,0,0,0.0059956834,0.0059956852,0.0,0.0,1,1,0,0,50,50,0,0,1,1,0,0,50,50,0,0
1313775250,2490378,4259850,2490378,0,0,0.06985209,0.06985212,0.0,0.0,2490378,4325386,2490378,0,0,0.0054949764,0.0054949764,0.0,0.0,1,1,0,0,50,50,0,0,1,1,0,0,50,50,0,0
1313974328,2490378,4259850,2490378,0,0,0.10463379,0.1046338,0.0,0.0,2490378,4325386,2490378,0,0,0.00617395,0.006173956,0.0,0.0,1,1,0,0,50,50,0,0,1,1,0,0,50,50,0,0
1314173411,2490378,4259850,2490378,0,0,0.08431827,0.08431827,0.0,0.0,2490378,4325386,2490378,0,0,0.0052896244,0.005289625,0.0,0.0,1,1,0,0,50,50,0,0,1,1,0,0,50,50,0,0
1314377465,2490378,4259850,2490378,0,0,0.08873052,0.08873052,0.0,0.0,2490378,4325386,2490378,0,0,0.0067080944,0.0067080944,0.0,0.0,1,1,0,0,50,50,0,0,1,1,0,0,50,50,0,0
1314576546,2490378,4259850,2490378,0,0,0.08704512,0.08704514,0.0,0.0,2490378,4325386,2490378,0,0,0.0032676517,0.0032676496,0.0,0.0,1,1,0,0,50,50,0,0,1,1,0,0,50,50,0,0
1314775633,2490378,4259850,2490378,0,0,0.065341465,0.065341495,0.0,0.0,2490378,4325386,2490378,0,0,0.0033207692,0.0033207692,0.0,0.0,1,1,0,0,50,50,0,0,1,1,0,0,50,50,0,0
1314974716,2490378,4259850,2490378,0,0,0.100856304,0.10085629,0.0,0.0,2490378,4325386,2490378,0,0,0.0040643816,0.004064377,0.0,0.0,1,1,0,0,50,50,0,0,1,1,0,0,50,50,0,0
1315173798,2490378,4259850,2490378,0,0,0.08158585,0.081585824,0.0,0.0,2490378,4325386,2490378,0,0,0.00438794,0.0043879375,0.0,0.0,1,1,0,0,50,50,0,0,1,1,0,0,50,50,0,0
1315372905,2490378,4259850,2490378,0,0,0.08505072,0.085050724,0.0,0.0,2490378,4325386,2490378,0,0,0.0079966085,0.007996606,0.0,0.0,1,1,0,0,50,50,0,0,1,1,0,0,50,50,0,0
1315571959,2490378,4259850,2490378,0,0,0.083724506,0.08372447,0.0,0.0,2490378,4325386,2490378,0,0,0.0058087423,0.005808745,0.0,0.0,1,1,0,0,50,50,0,0,1,1,0,0,50,50,0,0
1315776056,2490378,4259850,2490378,0,0,0.116529875,0.1165299,0.0,0.0,2490378,4325386,2490378,0,0,0.005810287,0.0058102896,0.0,0.0,1,1,0,0,50,50,0,0,1,1,0,0,50,50,0,0
1315975112,2490378,4259850,2490378,0,0,0.076110944,0.07611098,0.0,0.0,2490378,4325386,2490378,0,0,0.0048581944,0.00485819,0.0,0.0,1,1,0,0,50,50,0,0,1,1,0,0,50,50,0,0
1316174200,2490378,4259850,2490378,0,0,0.08987752,0.08987751,0.0,0.0,2490378,4325386,2490378,0,0,0.004877965,0.0048779636,0.0,0.0,1,1,0,0,50,50,0,0,1,1,0,0,50,50,0,0
1316373267,2490378,4259850,2490378,0,0,0.06966573,0.06966574,0.0,0.0,2490378,4325386,2490378,0,0,0.0039505726,0.0039505716,0.0,0.0,1,1,0,0,50,50,0,0,1,1,0,0,50,50,0,0
1316572377,2490378,4259850,2490378,0,0,0.07668867,0.076688714,0.0,0.0,2490378,4325386,2490378,0,0,0.0039931843,0.003993184,0.0,0.0,1,1,0,0,50,50,0,0,1,1,0,0,50,50,0,0
1316776406,2490378,4259850,2490378,0,0,0.09902258,0.09902255,0.0,0.0,2490378,4325386,2490378,0,0,0.004768184,0.0047681844,0.0,0.0,1,1,0,0,50,50,0,0,1,1,0,0,50,50,0,0
1316975490,2490378,4259850,2490378,0,0,0.092943996,0.09294399,0.0,0.0,2490378,4325386,2490378,0,0,0.0030115477,0.003011551,0.0,0.0,1,1,0,0,50,50,0,0,1,1,0,0,50,50,0,0
1317174572,2490378,4259850,2490378,0,0,0.063796945,0.0637969,0.0,0.0,2490378,4325386,2490378,0,0,0.0044801496,0.0044801505,0.0,0.0,1,1,0,0,50,50,0,0,1,1,0,0,50,50,0,0
1317373661,2490378,4259850,2490378,0,0,0.08471244,0.08471243,0.0,0.0,2490378,4325386,2490378,0,0,0.0044691977,0.0044691972,0.0,0.0,1,1,0,0,50,50,0,0,1,1,0,0,50,50,0,0
1317577739,2490378,4259850,2490378,0,0,0.08336271,0.08336274,0.0,0.0,2490378,4325386,2490378,0,0,0.0042292965,0.0042292993,0.0,0.0,1,1,0,0,50,50,0,0,1,1,0,0,50,50,0,0
1317776799,2490378,4259850,2490378,0,0,0.058744308,0.058744382,0.0,0.0,2490378,4325386,2490378,0,0,0.004651668,0.004651663,0.0,0.0,1,1,0,0,50,50,0,0,1,1,0,0,50,50,0,0
1317975886,2490378,4259850,2490378,0,0,0.0808525,0.080852516,0.0,0.0,2490378,4325386,2490378,0,0,0.0073698414,0.007369844,0.0,0.0,1,1,0,0,50,50,0,0,1,1,0,0,50,50,0,0
1318174993,2490378,4259850,2490378,0,0,0.099298954,0.099298954,0.0,0.0,2490378,4325386,2490378,0,0,0.005731557,0.005731563,0.0,0.0,1,1,0,0,50,50,0,0,1,1,0,0,50,50,0,0
1318374047,2490378,4259850,2490378,0,0,0.06919359,0.069193654,0.0,0.0,2490378,4325386,2490378,0,0,0.005270857,0.005270855,0.0,0.0,1,1,0,0,50,50,0,0,1,1,0,0,50,50,0,0
1318578104,2490378,4259850,2490378,0,0,0.083976105,0.083976105,0.0,0.0,2490378,4325386,2490378,0,0,0.004482105,0.0044821016,0.0,0.0,1,1,0,0,50,50,0,0,1,1,0,0,50,50,0,0
1318777220,2490378,4259850,2490378,0,0,0.080114394,0.08011445,0.0,0.0,2490378,4325386,2490378,0,0,0.0035479532,0.003547947,0.0,0.0,1,1,0,0,50,50,0,0,1,1,0,0,50,50,0,0
1318976268,2490378,4259850,2490378,0,0,0.09195748,0.0919575,0.0,0.0,2490378,4325386,2490378,0,0,0.0071549695,0.0071549686,0.0,0.0,1,1,0,0,50,50,0,0,1,1,0,0,50,50,0,0
1319175370,2490378,4259850,2490378,0,0,0.05799368,0.057993677,0.0,0.0,2490378,4325386,2490378,0,0,0.0038836556,0.0038836545,0.0,0.0,1,1,0,0,50,50,0,0,1,1,0,0,50,50,0,0
1319374489,2490378,4259850,2490378,0,0,0.0792183,0.0792183,0.0,0.0,2490378,4325386,2490378,0,0,0.0038726232,0.003872626,0.0,0.0,1,1,0,0,50,50,0,0,1,1,0,0,50,50,0,0
1319573520,2490378,4259850,2490378,0,0,0.0835037,0.083503716,0.0,0.0,2490378,4325386,2490378,0,0,0.0046091448,0.0046091443,0.0,0.0,1,1,0,0,50,50,0,0,1,1,0,0,50,50,0,0
1319772605,2490378,4259850,2490378,0,0,0.06207303,0.06207303,0.0,0.0,2490378,4325386,2490378,0,0,0.004546481,0.00454648,0.0,0.0,1,1,0,0,50,50,0,0,1,1,0,0,50,50,0,0
1319976660,2490378,4259850,2490378,0,0,0.08313452,0.083134495,0.0,0.0,2490378,4325386,2490378,0,0,0.0038924334,0.0038924336,0.0,0.0,1,1,0,0,50,50,0,0,1,1,0,0,50,50,0,0
1320175739,2490378,4259850,2490378,0,0,0.10398278,0.103982866,0.0,0.0,2490378,4325386,2490378,0,0,0.004795324,0.0047953227,0.0,0.0,1,1,0,0,50,50,0,0,1,1,0,0,50,50,0,0
1320374914,2490378,4259850,2490378,0,0,0.093209095,0.09320913,0.0,0.0,2490378,4325386,2490378,0,0,0.0044435463,0.0044435486,0.0,0.0,1,1,0,0,50,50,0,0,1,1,0,0,50,50,0,0
1320573909,2490378,4259850,2490378,0,0,0.057310123,0.057310145,0.0,0.0,2490378,4325386,2490378,0,0,0.0052798237,0.0052798246,0.0,0.0,1,1,0,0,50,50,0,0,1,1,0,0,50,50,0,0
1320772989,2490378,4259850,2490378,0,0,0.07644991,0.076449916,0.0,0.0,2490378,4325386,2490378,0,0,0.004659491,0.004659491,0.0,0.0,1,1,0,0,50,50,0,0,1,1,0,0,50,50,0,0
1320972101,2490378,4259850,2490378,0,0,0.09021552,0.09021552,0.0,0.0,2490378,4325386,2490378,0,0,0.002835016,0.0028350211,0.0,0.0,1,1,0,0,50,50,0,0,1,1,0,0,50,50,0,0
1321171154,2490378,4259850,2490378,0,0,0.123366356,0.12336632,0.0,0.0,2490378,4325386,2490378,0,0,0.0062042694,0.0062042642,0.0,0.0,1,1,0,0,50,50,0,0,1,1,0,0,50,50,0,0
1321375210,2490378,4259850,2490378,0,0,0.078646645,0.07864659,0.0,0.0,2490378,4325386,2490378,0,0,0.0058783717,0.0058783707,0.0,0.0,1,1,0,0,50,50,0,0,1,1,0,0,50,50,0,0
1321574295,2490378,4259850,2490378,0,0,0.079687804,0.07968781,0.0,0.0,2490378,4325386,2490378,0,0,0.0032183058,0.0032183055,0.0,0.0,1,1,0,0,50,50,0,0,1,1,0,0,50,50,0,0
1321773379,2490378,4259850,2490378,0,0,0.0692182,0.069218196,0.0,0.0,2490378,4325386,2490378,0,0,0.0034716898,0.00347169,0.0,0.0,1,1,0,0,50,50,0,0,1,1,0,0,50,50,0,0
1321977435,2490378,4259850,2490378,0,0,0.054075737,0.054075707,0.0,0.0,2490378,4325386,2490378,0,0,0.003911127,0.0039111287,0.0,0.0,1,1,0,0,50,50,0,0,1,1,0,0,50,50,0,0
1322176538,2490378,4259850,2490378,0,0,0.05352453,0.05352449,0.0,0.0,2490378,4325386,2490378,0,0,0.006716031,0.0067160306,0.0,0.0,1,1,0,0,50,50,0,0,1,1,0,0,50,50,0,0
1322375643,2490378,4259850,2490378,0,0,0.071896024,0.071896024,0.0,0.0,2490378,4325386,2490378,0,0,0.005274116,0.0052741175,0.0,0.0,1,1,0,0,50,50,0,0,1,1,0,0,50,50,0,0
1322574705,2490378,4259850,2490378,0,0,0.064315416,0.06431543,0.0,0.0,2490378,4325386,2490378,0,0,0.0055844462,0.005584446,0.0,0.0,1,1,0,0,50,50,0,0,1,1,0,0,50,50,0,0
1322778781,2490378,4259850,2490378,0,0,0.072791904,0.07279188,0.0,0.0,2490378,4325386,2490378,0,0,0.003067179,0.0030671763,0.0,0.0,1,1,0,0,50,50,0,0,1,1,0,0,50,50,0,0
1322977823,2490378,4259850,2490378,0,0,0.09041167,0.09041166,0.0,0.0,2490378,4325386,2490378,0,0,0.0034317153,0.003431714,0.0,0.0,1,1,0,0,50,50,0,0,1,1,0,0,50,50,0,0
1323176938,2490378,4259850,2490378,0,0,0.072808586,0.07280857,0.0,0.0,2490378,4325386,2490378,0,0,0.003145505,0.0031455045,0.0,0.0,1,1,0,0,50,50,0,0,1,1,0,0,50,50,0,0
1323376013,2490378,4259850,2490378,0,0,0.08280146,0.08280147,0.0,0.0,2490378,4325386,2490378,0,0,0.0068281926,0.006828193,0.0,0.0,1,1,0,0,50,50,0,0,1,1,0,0,50,50,0,0
1323575068,2490378,4259850,2490378,0,0,0.096724965,0.096724965,0.0,0.0,2490378,4325386,2490378,0,0,0.003622873,0.003622871,0.0,0.0,1,1,0,0,50,50,0,0,1,1,0,0,50,50,0,0
1323774183,2490378,4259850,2490378,0,0,0.093374744,0.09337475,0.0,0.0,2490378,4325386,2490378,0,0,0.00497587,0.004975872,0.0,0.0,1,1,0,0,50,50,0,0,1,1,0,0,50,50,0,0
1323973239,2490378,4259850,2490378,0,0,0.0777315,0.07773152,0.0,0.0,2490378,4325386,2490378,0,0,0.003377079,0.00337708,0.0,0.0,1,1,0,0,50,50,0,0,1,1,0,0,50,50,0,0
1324177296,2490378,4259850,2490378,0,0,0.07285958,0.07285956,0.0,0.0,2490378,4325386,2490378,0,0,0.0034728998,0.0034729003,0.0,0.0,1,1,0,0,50,50,0,0,1,1,0,0,50,50,0,0
1324376385,2490378,4259850,2490378,0,0,0.098754175,0.09875419,0.0,0.0,2490378,4325386,2490378,0,0,0.0039092135,0.003909214,0.0,0.0,1,1,0,0,50,50,0,0,1,1,0,0,50,50,0,0
1324575463,2490378,4259850,2490378,0,0,0.08774212,0.08774213,0.0,0.0,2490378,4325386,2490378,0,0,0.0044516777,0.0044516767,0.0,0.0,1,1,0,0,50,50,0,0,1,1,0,0,50,50,0,0
1324774545,2490378,4259850,2490378,0,0,0.0842748,0.084274806,0.0,0.0,2490378,4325386,2490378,0,0,0.004547547,0.0045475475,0.0,0.0,1,1,0,0,50,50,0,0,1,1,0,0,50,50,0,0
1324973630,2490378,4259850,2490378,0,0,0.07813705,0.07813706,0.0,0.0,2490378,4325386,2490378,0,0,0.0051658093,0.0051658116,0.0,0.0,1,1,0,0,50,50,0,0,1,1,0,0,50,50,0,0
1325172714,2490378,4259850,2490378,0,0,0.06683291,0.066832885,0.0,0.0,2490378,4325386,2490378,0,0,0.0053499346,0.0053499374,0.0,0.0,1,1,0,0,50,50,0,0,1,1,0,0,50,50,0,0
1325371795,2490378,4259850,2490378,0,0,0.080519535,0.08051951,0.0,0.0,2490378,4325386,2490378,0,0,0.0047179046,0.0047179065,0.0,0.0,1,1,0,0,50,50,0,0,1,1,0,0,50,50,0,0
1325575883,2490378,4259850,2490378,0,0,0.1102094,0.11020938,0.0,0.0,2490378,4325386,2490378,0,0,0.0027005707,0.0027005712,0.0,0.0,1,1,0,0,50,50,0,0,1,1,0,0,50,50,0,0
1325774933,2490378,4259850,2490378,0,0,0.067378625,0.06737868,0.0,0.0,2490378,4325386,2490378,0,0,0.004663915,0.0046639154,0.0,0.0,1,1,0,0,50,50,0,0,1,1,0,0,50,50,0,0
1325974068,2490378,4259850,2490378,0,0,0.08256331,0.0825633,0.0,0.0,2490378,4325386,2490378,0,0,0.002307608,0.0023076076,0.0,0.0,1,1,0,0,50,50,0,0,1,1,0,0,50,50,0,0
1326173144,2490378,4259850,2490378,0,0,0.0923647,0.0923647,0.0,0.0,2490378,4325386,2490378,0,0,0.0034024888,0.0034024888,0.0,0.0,1,1,0,0,50,50,0,0,1,1,0,0,50,50,0,0
1326372181,2490378,4259850,2490378,0,0,0.06565395,0.06565396,0.0,0.0,2490378,4325386,2490378,0,0,0.003601212,0.0036012128,0.0,0.0,1,1,0,0,50,50,0,0,1,1,0,0,50,50,0,0
1326576270,2490378,4259850,2490378,0,0,0.073007755,0.07300774,0.0,0.0,2490378,4325386,2490378,0,0,0.0013959971,0.0013959991,0.0,0.0,1,1,0,0,50,50,0,0,1,1,0,0,50,50,0,0
1326775324,2490378,4259850,2490378,0,0,0.086300865,0.08630087,0.0,0.0,2490378,4325386,2490378,0,0,0.0054075164,0.0054075164,0.0,0.0,1,1,0,0,50,50,0,0,1,1,0,0,50,50,0,0
1326974410,2490378,4259850,2490378,0,0,0.04790879,0.047908776,0.0,0.0,2490378,4325386,2490378,0,0,0.002848104,0.0028481039,0.0,0.0,1,1,0,0,50,50,0,0,1,1,0,0,50,50,0,0
1327178486,2490378,4259850,2490378,0,0,0.077164225,0.07716422,0.0,0.0,2490378,4325386,2490378,0,0,0.0028679192,0.0028679192,0.0,0.0,1,1,0,0,50,50,0,0,1,1,0,0,50,50,0,0
1327377547,2490378,4259850,2490378,0,0,0.057061113,0.05706113,0.0,0.0,2490378,4325386,2490378,0,0,0.003969701,0.0039697005,0.0,0.0,1,1,0,0,50,50,0,0,1,1,0,0,50,50,0,0
1327576633,2490378,4259850,2490378,0,0,0.072310746,0.07231078,0.0,0.0,2490378,4325386,2490378,0,0,0.003379406,0.0033794057,0.0,0.0,1,1,0,0,50,50,0,0,1,1,0,0,50,50,0,0
1327775724,2490378,4259850,2490378,0,0,0.080776155,0.08077621,0.0,0.0,2490378,4325386,2490378,0,0,0.0051559396,0.0051559405,0.0,0.0,1,1,0,0,50,50,0,0,1,1,0,0,50,50,0,0
1327974794,2490378,4259850,2490378,0,0,0.0967602,0.09676017,0.0,0.0,2490378,4325386,2490378,0,0,0.0025456166,0.0025456168,0.0,0.0,1,1,0,0,50,50,0,0,1,1,0,0,50,50,0,0
1328173882,2490378,4259850,2490378,0,0,0.09291564,0.09291561,0.0,0.0,2490378,4325386,2490378,0,0,0.004292858,0.0042928583,0.0,0.0,1,1,0,0,50,50,0,0,1,1,0,0,50,50,0,0
1328377940,2490378,4259850,2490378,0,0,0.07314052,0.0731405,0.0,0.0,2490378,4325386,2490378,0,0,0.0034169755,0.0034169764,0.0,0.0,1,1,0,0,50,50,0,0,1,1,0,0,50,50,0,0
1328577022,2490378,4259850,2490378,0,0,0.06379409,0.0637941,0.0,0.0,2490378,4325386,2490378,0,0,0.0032467959,0.003246796,0.0,0.0,1,1,0,0,50,50,0,0,1,1,0,0,50,50,0,0
1328776166,2490378,4259850,2490378,0,0,0.084360495,0.084360495,0.0,0.0,2490378,4325386,2490378,0,0,0.002955528,0.0029555273,0.0,0.0,1,1,0,0,50,50,0,0,1,1,0,0,50,50,0,0
1328975219,2490378,4259850,2490378,0,0,0.055782117,0.055782113,0.0,0.0,2490378,4325386,2490378,0,0,0.003500604,0.0035006038,0.0,0.0,1,1,0,0,50,50,0,0,1,1,0,0,50,50,0,0
1329174265,2490378,4259850,2490378,0,0,0.101392195,0.10139228,0.0,0.0,2490378,4325386,2490378,0,0,0.002278915,0.0022789144,0.0,0.0,1,1,0,0,50,50,0,0,1,1,0,0,50,50,0,0
1329373377,2490378,4259850,2490378,0,0,0.071929835,0.07192985,0.0,0.0,2490378,4325386,2490378,0,0,0.0042752535,0.004275252,0.0,0.0,1,1,0,0,50,50,0,0,1,1,0,0,50,50,0,0
1329572434,2490378,4259850,2490378,0,0,0.07033058,0.07033056,0.0,0.0,2490378,4325386,2490378,0,0,0.0022693055,0.002269305,0.0,0.0,1,1,0,0,50,50,0,0,1,1,0,0,50,50,0,0
1329776490,2490378,4259850,2490378,0,0,0.094074175,0.09407417,0.0,0.0,2490378,4325386,2490378,0,0,0.0033118268,0.003311827,0.0,0.0,1,1,0,0,50,50,0,0,1,1,0,0,50,50,0,0
1329975574,2490378,4259850,2490378,0,0,0.08969635,0.08969641,0.0,0.0,2490378,4325386,2490378,0,0,0.0037208234,0.0037208234,0.0,0.0,1,1,0,0,50,50,0,0,1,1,0,0,50,50,0,0
1330174660,2490378,4259850,2490378,0,0,0.106594674,0.106594615,0.0,0.0,2490378,4325386,2490378,0,0,0.003024278,0.0030242784,0.0,0.0,1,1,0,0,50,50,0,0,1,1,0,0,50,50,0,0
1330373739,2490378,4259850,2490378,0,0,0.08986762,0.08986763,0.0,0.0,2490378,4325386,2490378,0,0,0.00466187,0.0046618697,0.0,0.0,1,1,0,0,50,50,0,0,1,1,0,0,50,50,0,0
1330572821,2490378,4259850,2490378,0,0,0.050919577,0.05091966,0.0,0.0,2490378,4325386,2490378,0,0,0.004182116,0.0041821175,0.0,0.0,1,1,0,0,50,50,0,0,1,1,0,0,50,50,0,0
1330771904,2490378,4259850,2490378,0,0,0.058540985,0.058540992,0.0,0.0,2490378,4325386,2490378,0,0,0.0035036663,0.003503667,0.0,0.0,1,1,0,0,50,50,0,0,1,1,0,0,50,50,0,0
1330975965,2490378,4259850,2490378,0,0,0.07355775,0.07355775,0.0,0.0,2490378,4325386,2490378,0,0,0.0031518668,0.003151868,0.0,0.0,1,1,0,0,50,50,0,0,1,1,0,0,50,50,0,0
1331175061,2490378,4259850,2490378,0,0,0.065654464,0.06565446,0.0,0.0,2490378,4325386,2490378,0,0,0.0046858415,0.0046858424,0.0,0.0,1,1,0,0,50,50,0,0,1,1,0,0,50,50,0,0
1331374131,2490378,4259850,2490378,0,0,0.07327773,0.07327773,0.0,0.0,2490378,4325386,2490378,0,0,0.0034049086,0.003404908,0.0,0.0,1,1,0,0,50,50,0,0,1,1,0,0,50,50,0,0
1331573262,2490378,4259850,2490378,0,0,0.10205713,0.1020571,0.0,0.0,2490378,4325386,2490378,0,0,0.003016021,0.00301602,0.0,0.0,1,1,0,0,50,50,0,0,1,1,0,0,50,50,0,0
1331777304,2490378,4259850,2490378,0,0,0.06989874,0.06989875,0.0,0.0,2490378,4325386,2490378,0,0,0.0029498637,0.0029498641,0.0,0.0,1,1,0,0,50,50,0,0,1,1,0,0,50,50,0,0
1331976351,2490378,4259850,2490378,0,0,0.07782701,0.07782699,0.0,0.0,2490378,4325386,2490378,0,0,0.0030787115,0.0030787122,0.0,0.0,1,1,0,0,50,50,0,0,1,1,0,0,50,50,0,0
1332175476,2490378,4259850,2490378,0,0,0.089298755,0.08929889,0.0,0.0,2490378,4325386,2490378,0,0,0.0033586381,0.0033586386,0.0,0.0,1,1,0,0,50,50,0,0,1,1,0,0,50,50,0,0
1332374516,2490378,4259850,2490378,0,0,0.09587261,0.09587258,0.0,0.0,2490378,4325386,2490378,0,0,0.0021217957,0.0021217954,0.0,0.0,1,1,0,0,50,50,0,0,1,1,0,0,50,50,0,0
1332578578,2490378,4259850,2490378,0,0,0.09732972,0.09732978,0.0,0.0,2490378,4325386,2490378,0,0,0.0032254972,0.0032254972,0.0,0.0,1,1,0,0,50,50,0,0,1,1,0,0,50,50,0,0
1332777660,2490378,4259850,2490378,0,0,0.10377079,0.1037708,0.0,0.0,2490378,4325386,2490378,0,0,0.0032324207,0.0032324216,0.0,0.0,1,1,0,0,50,50,0,0,1,1,0,0,50,50,0,0
1332976739,2490378,4259850,2490378,0,0,0.07834042,0.07834048,0.0,0.0,2490378,4325386,2490378,0,0,0.0037946554,0.003794654,0.0,0.0,1,1,0,0,50,50,0,0,1,1,0,0,50,50,0,0
1333175827,2490378,4259850,2490378,0,0,0.059873987,0.05987397,0.0,0.0,2490378,4325386,2490378,0,0,0.0037009185,0.0037009194,0.0,0.0,1,1,0,0,50,50,0,0,1,1,0,0,50,50,0,0
1333374927,2490378,4259850,2490378,0,0,0.104982264,0.10498227,0.0,0.0,2490378,4325386,2490378,0,0,0.0044562398,0.004456241,0.0,0.0,1,1,0,0,50,50,0,0,1,1,0,0,50,50,0,0
1333573992,2490378,4259850,2490378,0,0,0.05238163,0.052381635,0.0,0.0,2490378,4325386,2490378,0,0,0.006601941,0.00660194,0.0,0.0,1,1,0,0,50,50,0,0,1,1,0,0,50,50,0,0
1333773072,2490378,4259850,2490378,0,0,0.049924858,0.049924873,0.0,0.0,2490378,4325386,2490378,0,0,0.0037031756,0.003703175,0.0,0.0,1,1,0,0,50,50,0,0,1,1,0,0,50,50,0,0
1333977158,2490378,4259850,2490378,0,0,0.05599509,0.05599522,0.0,0.0,2490378,4325386,2490378,0,0,0.004638842,0.0046388423,0.0,0.0,1,1,0,0,50,50,0,0,1,1,0,0,50,50,0,0
1334176215,2490378,4259850,2490378,0,0,0.11639496,0.11639495,0.0,0.0,2490378,4325386,2490378,0,0,0.0041383966,0.0041383975,0.0,0.0,1,1,0,0,50,50,0,0,1,1,0,0,50,50,0,0
1334375364,2490378,4259850,2490378,0,0,0.09628182,0.09628182,0.0,0.0,2490378,4325386,2490378,0,0,0.0035030902,0.003503089,0.0,0.0,1,1,0,0,50,50,0,0,1,1,0,0,50,50,0,0
1334574381,2490378,4259850,2490378,0,0,0.08254636,0.08254622,0.0,0.0,2490378,4325386,2490378,0,0,0.0032510234,0.0032510234,0.0,0.0,1,1,0,0,50,50,0,0,1,1,0,0,50,50,0,0
1334773462,2490378,4259850,2490378,0,0,0.07863477,0.07863478,0.0,0.0,2490378,4325386,2490378,0,0,0.003668626,0.003668624,0.0,0.0,1,1,0,0,50,50,0,0,1,1,0,0,50,50,0,0
1334972575,2490378,4259850,2490378,0,0,0.10548513,0.10548513,0.0,0.0,2490378,4325386,2490378,0,0,0.004554601,0.0045546023,0.0,0.0,1,1,0,0,50,50,0,0,1,1,0,0,50,50,0,0
1335171631,2490378,4259850,2490378,0,0,0.06724694,0.06724693,0.0,0.0,2490378,4325386,2490378,0,0,0.0039974935,0.003997494,0.0,0.0,1,1,0,0,50,50,0,0,1,1,0,0,50,50,0,0
1335375693,2490378,4259850,2490378,0,0,0.078309394,0.07830936,0.0,0.0,2490378,4325386,2490378,0,0,0.0038193024,0.0038193034,0.0,0.0,1,1,0,0,50,50,0,0,1,1,0,0,50,50,0,0
1335574770,2490378,4259850,2490378,0,0,0.06879713,0.06879713,0.0,0.0,2490378,4325386,2490378,0,0,0.0038149434,0.0038149424,0.0,0.0,1,1,0,0,50,50,0,0,1,1,0,0,50,50,0,0
1335773888,2490378,4259850,2490378,0,0,0.084001884,0.08400194,0.0,0.0,2490378,4325386,2490378,0,0,0.0051987176,0.005198716,0.0,0.0,1,1,0,0,50,50,0,0,1,1,0,0,50,50,0,0
1335972932,2490378,4259850,2490378,0,0,0.10872976,0.1087298,0.0,0.0,2490378,4325386,2490378,0,0,0.002245888,0.0022458876,0.0,0.0,1,1,0,0,50,50,0,0,1,1,0,0,50,50,0,0
1336176996,2490378,4259850,2490378,0,0,0.095447786,0.09544777,0.0,0.0,2490378,4325386,2490378,0,0,0.0030096653,0.003009665,0.0,0.0,1,1,0,0,50,50,0,0,1,1,0,0,50,50,0,0
1336376074,2490378,4259850,2490378,0,0,0.060836796,0.0608368,0.0,0.0,2490378,4325386,2490378,0,0,0.003225435,0.0032254353,0.0,0.0,1,1,0,0,50,50,0,0,1,1,0,0,50,50,0,0
1336575159,2490378,4259850,2490378,0,0,0.04082855,0.040828537,0.0,0.0,2490378,4325386,2490378,0,0,0.0022671511,0.0022671528,0.0,0.0,1,1,0,0,50,50,0,0,1,1,0,0,50,50,0,0
1336774242,2490378,4259850,2490378,0,0,0.030148903,0.030149003,0.0,0.0,2490378,4325386,2490378,0,0,0.0032555924,0.0032555927,0.0,0.0,1,1,0,0,50,50,0,0,1,1,0,0,50,50,0,0
1336978301,2490378,4259850,2490378,0,0,0.08363118,0.08363115,0.0,0.0,2490378,4325386,2490378,0,0,0.0025676128,0.0025676133,0.0,0.0,1,1,0,0,50,50,0,0,1,1,0,0,50,50,0,0
1337177420,2490378,4259850,2490378,0,0,0.059558578,0.05955856,0.0,0.0,2490378,4325386,2490378,0,0,0.0039249226,0.0039249226,0.0,0.0,1,1,0,0,50,50,0,0,1,1,0,0,50,50,0,0
1337376476,2490378,4259850,2490378,0,0,0.09971974,0.09971974,0.0,0.0,2490378,4325386,2490378,0,0,0.0043871263,0.0043871296,0.0,0.0,1,1,0,0,50,50,0,0,1,1,0,0,50,50,0,0
1337575546,2490378,4259850,2490378,0,0,0.08246632,0.082466304,0.0,0.0,2490378,4325386,2490378,0,0,0.0030389202,0.0030389207,0.0,0.0,1,1,0,0,50,50,0,0,1,1,0,0,50,50,0,0
1337774664,2490378,4259850,2490378,0,0,0.09217575,0.09217558,0.0,0.0,2490378,4325386,2490378,0,0,0.0027782547,0.0027782551,0.0,0.0,1,1,0,0,50,50,0,0,1,1,0,0,50,50,0,0
1337973717,2490378,4259850,2490378,0,0,0.11703624,0.11703621,0.0,0.0,2490378,4325386,2490378,0,0,0.0064101387,0.006410139,0.0,0.0,1,1,0,0,50,50,0,0,1,1,0,0,50,50,0,0
1338177775,2490378,4259850,2490378,0,0,0.06977466,0.06977465,0.0,0.0,2490378,4325386,2490378,0,0,0.0022403453,0.0022403449,0.0,0.0,1,1,0,0,50,50,0,0,1,1,0,0,50,50,0,0
1338376862,2490378,4259850,2490378,0,0,0.05265016,0.052650128,0.0,0.0,2490378,4325386,2490378,0,0,0.0045408234,0.004540824,0.0,0.0,1,1,0,0,50,50,0,0,1,1,0,0,50,50,0,0
1338575967,2490378,4259850,2490378,0,0,0.07361942,0.073619395,0.0,0.0,2490378,4325386,2490378,0,0,0.0032682598,0.0032682589,0.0,0.0,1,1,0,0,50,50,0,0,1,1,0,0,50,50,0,0
1338775019,2490378,4259850,2490378,0,0,0.07164443,0.071644455,0.0,0.0,2490378,4325386,2490378,0,0,0.003683345,0.0036833459,0.0,0.0,1,1,0,0,50,50,0,0,1,1,0,0,50,50,0,0
1338974212,2490378,4259850,2490378,0,0,0.09886273,0.09886264,0.0,0.0,2490378,4325386,2490378,0,0,0.006869452,0.0068694493,0.0,0.0,1,1,0,0,50,50,0,0,1,1,0,0,50,50,0,0
1339173215,2490378,4259850,2490378,0,0,0.11432822,0.11432821,0.0,0.0,2490378,4325386,2490378,0,0,0.0067712967,0.0067713032,0.0,0.0,1,1,0,0,50,50,0,0,1,1,0,0,50,50,0,0
1339372258,2490378,4259850,2490378,0,0,0.07676904,0.07676898,0.0,0.0,2490378,4325386,2490378,0,0,0.0048622657,0.004862265,0.0,0.0,1,1,0,0,50,50,0,0,1,1,0,0,50,50,0,0
1339576350,2490378,4259850,2490378,0,0,0.08780653,0.087806545,0.0,0.0,2490378,4325386,2490378,0,0,0.004092965,0.004092961,0.0,0.0,1,1,0,0,50,50,0,0,1,1,0,0,50,50,0,0
1339775413,2490378,4259850,2490378,0,0,0.0654863,0.06548624,0.0,0.0,2490378,4325386,2490378,0,0,0.0038160372,0.0038160367,0.0,0.0,1,1,0,0,50,50,0,0,1,1,0,0,50,50,0,0
1339974506,2490378,4259850,2490378,0,0,0.124113895,0.12411388,0.0,0.0,2490378,4325386,2490378,0,0,0.00066352956,0.00066353317,0.0,0.0,1,1,0,0,50,50,0,0,1,1,0,0,50,50,0,0
1340173576,2490378,4259850,2490378,0,0,0.06799121,0.06799126,0.0,0.0,2490378,4325386,2490378,0,0,0.0049834764,0.004983476,0.0,0.0,1,1,0,0,50,50,0,0,1,1,0,0,50,50,0,0
1340372659,2490378,4259850,2490378,0,0,0.0734299,0.07342987,0.0,0.0,2490378,4325386,2490378,0,0,0.0044495766,0.00444958,0.0,0.0,1,1,0,0,50,50,0,0,1,1,0,0,50,50,0,0
1340571769,2490378,4259850,2490378,0,0,0.07331714,0.07331712,0.0,0.0,2490378,4325386,2490378,0,0,0.0038425324,0.0038425345,0.0,0.0,1,1,0,0,50,50,0,0,1,1,0,0,50,50,0,0
1340775799,2490378,4259850,2490378,0,0,0.08328833,0.08328833,0.0,0.0,2490378,4325386,2490378,0,0,0.003325552,0.0033255522,0.0,0.0,1,1,0,0,50,50,0,0,1,1,0,0,50,50,0,0
1340974880,2490378,4259850,2490378,0,0,0.06575715,0.06575716,0.0,0.0,2490378,4325386,2490378,0,0,0.003683877,0.0036838762,0.0,0.0,1,1,0,0,50,50,0,0,1,1,0,0,50,50,0,0
1341173965,2490378,4259850,2490378,0,0,0.06376351,0.063763544,0.0,0.0,2490378,4325386,2490378,0,0,0.004136017,0.0041360175,0.0,0.0,1,1,0,0,50,50,0,0,1,1,0,0,50,50,0,0
1341378029,2490378,4259850,2490378,0,0,0.07324568,0.07324564,0.0,0.0,2490378,4325386,2490378,0,0,0.0028398149,0.0028398158,0.0,0.0,1,1,0,0,50,50,0,0,1,1,0,0,50,50,0,0
1341577105,2490378,4259850,2490378,0,0,0.06645494,0.06645491,0.0,0.0,2490378,4325386,2490378,0,0,0.002745116,0.0027451161,0.0,0.0,1,1,0,0,50,50,0,0,1,1,0,0,50,50,0,0
1341776190,2490378,4259850,2490378,0,0,0.093867145,0.093867116,0.0,0.0,2490378,4325386,2490378,0,0,0.0037879397,0.0037879397,0.0,0.0,1,1,0,0,50,50,0,0,1,1,0,0,50,50,0,0
1341975273,2490378,4259850,2490378,0,0,0.084519245,0.08451922,0.0,0.0,2490378,4325386,2490378,0,0,0.0038771676,0.0038771671,0.0,0.0,1,1,0,0,50,50,0,0,1,1,0,0,50,50,0,0
1342174382,2490378,4259850,2490378,0,0,0.067816325,0.06781633,0.0,0.0,2490378,4325386,2490378,0,0,0.0036138832,0.0036138843,0.0,0.0,1,1,0,0,50,50,0,0,1,1,0,0,50,50,0,0
1342378416,2490378,4259850,2490378,0,0,0.10948066,0.109480664,0.0,0.0,2490378,4325386,2490378,0,0,0.002772421,0.0027724225,0.0,0.0,1,1,0,0,50,50,0,0,1,1,0,0,50,50,0,0
1342577528,2490378,4259850,2490378,0,0,0.10016536,0.100165375,0.0,0.0,2490378,4325386,2490378,0,0,0.0040401756,0.0040401747,0.0,0.0,1,1,0,0,50,50,0,0,1,1,0,0,50,50,0,0
1342776606,2490378,4259850,2490378,0,0,0.08745837,0.087458424,0.0,0.0,2490378,4325386,2490378,0,0,0.004505385,0.004505385,0.0,0.0,1,1,0,0,50,50,0,0,1,1,0,0,50,50,0,0
1342975663,2490378,4259850,2490378,0,0,0.081305176,0.08130517,0.0,0.0,2490378,4325386,2490378,0,0,0.0032420952,0.0032420952,0.0,0.0,1,1,0,0,50,50,0,0,1,1,0,0,50,50,0,0
1343174744,2490378,4259850,2490378,0,0,0.08467877,0.08467879,0.0,0.0,2490378,4325386,2490378,0,0,0.002547355,0.0025473582,0.0,0.0,1,1,0,0,50,50,0,0,1,1,0,0,50,50,0,0
1343373878,2490378,4259850,2490378,0,0,0.08040582,0.08040582,0.0,0.0,2490378,4325386,2490378,0,0,0.0043920637,0.0043920646,0.0,0.0,1,1,0,0,50,50,0,0,1,1,0,0,50,50,0,0
1343572912,2490378,4259850,2490378,0,0,0.103962414,0.10396242,0.0,0.0,2490378,4325386,2490378,0,0,0.0063822498,0.0063822526,0.0,0.0,1,1,0,0,50,50,0,0,1,1,0,0,50,50,0,0
1343776970,2490378,4259850,2490378,0,0,0.07694723,0.07694724,0.0,0.0,2490378,4325386,2490378,0,0,0.004946663,0.0049466635,0.0,0.0,1,1,0,0,50,50,0,0,1,1,0,0,50,50,0,0
1343976054,2490378,4259850,2490378,0,0,0.08136743,0.08136743,0.0,0.0,2490378,4325386,2490378,0,0,0.004896692,0.004896695,0.0,0.0,1,1,0,0,50,50,0,0,1,1,0,0,50,50,0,0
1344175135,2490378,4259850,2490378,0,0,0.06353371,0.0635337,0.0,0.0,2490378,4325386,2490378,0,0,0.0042185457,0.004218547,0.0,0.0,1,1,0,0,50,50,0,0,1,1,0,0,50,50,0,0
1344374218,2490378,4259850,2490378,0,0,0.06530666,0.065306656,0.0,0.0,2490378,4325386,2490378,0,0,0.0038608953,0.0038608962,0.0,0.0,1,1,0,0,50,50,0,0,1,1,0,0,50,50,0,0
1344573300,2490378,4259850,2490378,0,0,0.079780124,0.07978011,0.0,0.0,2490378,4325386,2490378,0,0,0.0049981023,0.004998102,0.0,0.0,1,1,0,0,50,50,0,0,1,1,0,0,50,50,0,0
1344772381,2490378,4259850,2490378,0,0,0.10015302,0.10015302,0.0,0.0,2490378,4325386,2490378,0,0,0.006761309,0.0067613088,0.0,0.0,1,1,0,0,50,50,0,0,1,1,0,0,50,50,0,0
1344971465,2490378,4259850,2490378,0,0,0.10193031,0.10193032,0.0,0.0,2490378,4325386,2490378,0,0,0.005775596,0.005775593,0.0,0.0,1,1,0,0,50,50,0,0,1,1,0,0,50,50,0,0
1345175532,2490378,4259850,2490378,0,0,0.08634107,0.08634105,0.0,0.0,2490378,4325386,2490378,0,0,0.004314857,0.004314856,0.0,0.0,1,1,0,0,50,50,0,0,1,1,0,0,50,50,0,0
1345374608,2490378,4259850,2490378,0,0,0.08453759,0.08453761,0.0,0.0,2490378,4325386,2490378,0,0,0.0028743977,0.0028743967,0.0,0.0,1,1,0,0,50,50,0,0,1,1,0,0,50,50,0,0
1345573706,2490378,4259850,2490378,0,0,0.10960222,0.10960222,0.0,0.0,2490378,4325386,2490378,0,0,0.0030788335,0.0030788307,0.0,0.0,1,1,0,0,50,50,0,0,1,1,0,0,50,50,0,0
1345772772,2490378,4259850,2490378,0,0,0.10639396,0.10639399,0.0,0.0,2490378,4325386,2490378,0,0,0.0030118253,0.0030118257,0.0,0.0,1,1,0,0,50,50,0,0,1,1,0,0,50,50,0,0
1345976835,2490378,4259850,2490378,0,0,0.114277475,0.11427742,0.0,0.0,2490378,4325386,2490378,0,0,0.004206647,0.004206648,0.0,0.0,1,1,0,0,50,50,0,0,1,1,0,0,50,50,0,0
1346175938,2490378,4259850,2490378,0,0,0.10416037,0.10416036,0.0,0.0,2490378,4325386,2490378,0,0,0.004591925,0.0045919274,0.0,0.0,1,1,0,0,50,50,0,0,1,1,0,0,50,50,0,0
1346375019,2490378,4259850,2490378,0,0,0.08826624,0.08826622,0.0,0.0,2490378,4325386,2490378,0,0,0.0035859619,0.0035859623,0.0,0.0,1,1,0,0,50,50,0,0,1,1,0,0,50,50,0,0
1346574109,2490378,4259850,2490378,0,0,0.0964697,0.0964697,0.0,0.0,2490378,4325386,2490378,0,0,0.0035875523,0.0035875528,0.0,0.0,1,1,0,0,50,50,0,0,1,1,0,0,50,50,0,0
1346778151,2490378,4259850,2490378,0,0,0.11229178,0.112291776,0.0,0.0,2490378,4325386,2490378,0,0,0.0043972204,0.00439722,0.0,0.0,1,1,0,0,50,50,0,0,1,1,0,0,50,50,0,0
1346977223,2490378,4259850,2490378,0,0,0.098433524,0.09843351,0.0,0.0,2490378,4325386,2490378,0,0,0.004617702,0.004617702,0.0,0.0,1,1,0,0,50,50,0,0,1,1,0,0,50,50,0,0
1347176319,2490378,4259850,2490378,0,0,0.078507446,0.078507446,0.0,0.0,2490378,4325386,2490378,0,0,0.003707463,0.0037074613,0.0,0.0,1,1,0,0,50,50,0,0,1,1,0,0,50,50,0,0
1347375398,2490378,4259850,2490378,0,0,0.075213544,0.07521355,0.0,0.0,2490378,4325386,2490378,0,0,0.0039441087,0.0039441083,0.0,0.0,1,1,0,0,50,50,0,0,1,1,0,0,50,50,0,0
1347574472,2490378,4259850,2490378,0,0,0.08298478,0.08298477,0.0,0.0,2490378,4325386,2490378,0,0,0.003770951,0.0037709496,0.0,0.0,1,1,0,0,50,50,0,0,1,1,0,0,50,50,0,0
1347773570,2490378,4259850,2490378,0,0,0.07556179,0.07556179,0.0,0.0,2490378,4325386,2490378,0,0,0.0045114397,0.0045114392,0.0,0.0,1,1,0,0,50,50,0,0,1,1,0,0,50,50,0,0
1347977615,2490378,4259850,2490378,0,0,0.07856815,0.07856813,0.0,0.0,2490378,4325386,2490378,0,0,0.0029584211,0.00295842,0.0,0.0,1,1,0,0,50,50,0,0,1,1,0,0,50,50,0,0
1348176699,2490378,4259850,2490378,0,0,0.09706067,0.09706067,0.0,0.0,2490378,4325386,2490378,0,0,0.003931898,0.003931897,0.0,0.0,1,1,0,0,50,50,0,0,1,1,0,0,50,50,0,0
1348375812,2490378,4259850,2490378,0,0,0.09577355,0.09577353,0.0,0.0,2490378,4325386,2490378,0,0,0.004807072,0.004807072,0.0,0.0,1,1,0,0,50,50,0,0,1,1,0,0,50,50,0,0
1348574885,2490378,4259850,2490378,0,0,0.08799869,0.08799868,0.0,0.0,2490378,4325386,2490378,0,0,0.0041977437,0.0041977437,0.0,0.0,1,1,0,0,50,50,0,0,1,1,0,0,50,50,0,0
1348773947,2490378,4259850,2490378,0,0,0.07908806,0.07908804,0.0,0.0,2490378,4325386,2490378,0,0,0.0035731632,0.0035731634,0.0,0.0,1,1,0,0,50,50,0,0,1,1,0,0,50,50,0,0
1348973067,2490378,4259850,2490378,0,0,0.08635437,0.086354375,0.0,0.0,2490378,4325386,2490378,0,0,0.0038341964,0.0038341961,0.0,0.0,1,1,0,0,50,50,0,0,1,1,0,0,50,50,0,0
1349172114,2490378,4259850,2490378,0,0,0.13128172,0.13128169,0.0,0.0,2490378,4325386,2490378,0,0,0.0034280363,0.003428034,0.0,0.0,1,1,0,0,50,50,0,0,1,1,0,0,50,50,0,0
1349376172,2490378,4259850,2490378,0,0,0.10491117,0.10491114,0.0,0.0,2490378,4325386,2490378,0,0,0.0043761693,0.0043761684,0.0,0.0,1,1,0,0,50,50,0,0,1,1,0,0,50,50,0,0
1349575256,2490378,4259850,2490378,0,0,0.10130198,0.101302035,0.0,0.0,2490378,4325386,2490378,0,0,0.0040837163,0.004083716,0.0,0.0,1,1,0,0,50,50,0,0,1,1,0,0,50,50,0,0
1349774377,2490378,4259850,2490378,0,0,0.09871955,0.09871956,0.0,0.0,2490378,4325386,2490378,0,0,0.00368457,0.0036845685,0.0,0.0,1,1,0,0,50,50,0,0,1,1,0,0,50,50,0,0
1349973418,2490378,4259850,2490378,0,0,0.097273216,0.097273245,0.0,0.0,2490378,4325386,2490378,0,0,0.003597385,0.0035973866,0.0,0.0,1,1,0,0,50,50,0,0,1,1,0,0,50,50,0,0
1350172502,2490378,4259850,2490378,0,0,0.1085735,0.10857357,0.0,0.0,2490378,4325386,2490378,0,0,0.0025254588,0.0025254562,0.0,0.0,1,1,0,0,50,50,0,0,1,1,0,0,50,50,0,0
1350376574,2490378,4259850,2490378,0,0,0.1326751,0.13267507,0.0,0.0,2490378,4325386,2490378,0,0,0.002940635,0.002940635,0.0,0.0,1,1,0,0,50,50,0,0,1,1,0,0,50,50,0,0
1350575648,2490378,4259850,2490378,0,0,0.10516352,0.10516345,0.0,0.0,2490378,4325386,2490378,0,0,0.003309825,0.0033098247,0.0,0.0,1,1,0,0,50,50,0,0,1,1,0,0,50,50,0,0
1350774727,2490378,4259850,2490378,0,0,0.08687331,0.08687331,0.0,0.0,2490378,4325386,2490378,0,0,0.0032582134,0.0032582171,0.0,0.0,1,1,0,0,50,50,0,0,1,1,0,0,50,50,0,0
1350973812,2490378,4259850,2490378,0,0,0.1047556,0.10475554,0.0,0.0,2490378,4325386,2490378,0,0,0.0035269493,0.0035269503,0.0,0.0,1,1,0,0,50,50,0,0,1,1,0,0,50,50,0,0
1351177902,2490378,4259850,2490378,0,0,0.10997431,0.109974295,0.0,0.0,2490378,4325386,2490378,0,0,0.003073283,0.0030732825,0.0,0.0,1,1,0,0,50,50,0,0,1,1,0,0,50,50,0,0
1351376956,2490378,4259850,2490378,0,0,0.09229629,0.09229625,0.0,0.0,2490378,4325386,2490378,0,0,0.0038738686,0.0038738681,0.0,0.0,1,1,0,0,50,50,0,0,1,1,0,0,50,50,0,0
1351576036,2490378,4259850,2490378,0,0,0.09283613,0.09283612,0.0,0.0,2490378,4325386,2490378,0,0,0.004147052,0.0041470523,0.0,0.0,1,1,0,0,50,50,0,0,1,1,0,0,50,50,0,0
1351775139,2490378,4259850,2490378,0,0,0.09625791,0.096257955,0.0,0.0,2490378,4325386,2490378,0,0,0.0046301484,0.004630149,0.0,0.0,1,1,0,0,50,50,0,0,1,1,0,0,50,50,0,0
1351974205,2490378,4259850,2490378,0,0,0.088059485,0.08805948,0.0,0.0,2490378,4325386,2490378,0,0,0.0041971984,0.0041971984,0.0,0.0,1,1,0,0,50,50,0,0,1,1,0,0,50,50,0,0
1352178266,2490378,4259850,2490378,0,0,0.08085434,0.080854364,0.0,0.0,2490378,4325386,2490378,0,0,0.0035247353,0.003524739,0.0,0.0,1,1,0,0,50,50,0,0,1,1,0,0,50,50,0,0
1352377367,2490378,4259850,2490378,0,0,0.0816066,0.08160659,0.0,0.0,2490378,4325386,2490378,0,0,0.0047796816,0.0047796816,0.0,0.0,1,1,0,0,50,50,0,0,1,1,0,0,50,50,0,0
1352576465,2490378,4259850,2490378,0,0,0.054960858,0.054960817,0.0,0.0,2490378,4325386,2490378,0,0,0.0052298103,0.005229814,0.0,0.0,1,1,0,0,50,50,0,0,1,1,0,0,50,50,0,0
1352775509,2490378,4259850,2490378,0,0,0.06742571,0.067425705,0.0,0.0,2490378,4325386,2490378,0,0,0.005803989,0.005803992,0.0,0.0,1,1,0,0,50,50,0,0,1,1,0,0,50,50,0,0
1352974646,2490378,4259850,2490378,0,0,0.06552282,0.065522745,0.0,0.0,2490378,4325386,2490378,0,0,0.00527673,0.0052767294,0.0,0.0,1,1,0,0,50,50,0,0,1,1,0,0,50,50,0,0
1353173683,2490378,4259850,2490378,0,0,0.071960576,0.07196052,0.0,0.0,2490378,4325386,2490378,0,0,0.005332979,0.005332974,0.0,0.0,1,1,0,0,50,50,0,0,1,1,0,0,50,50,0,0
1353372789,2490378,4259850,2490378,0,0,0.07284811,0.07284812,0.0,0.0,2490378,4325386,2490378,0,0,0.0048856903,0.004885693,0.0,0.0,1,1,0,0,50,50,0,0,1,1,0,0,50,50,0,0
1353576839,2490378,4259850,2490378,0,0,0.06868972,0.06868973,0.0,0.0,2490378,4325386,2490378,0,0,0.0047995336,0.0047995346,0.0,0.0,1,1,0,0,50,50,0,0,1,1,0,0,50,50,0,0
1353775907,2490378,4259850,2490378,0,0,0.063150525,0.063150525,0.0,0.0,2490378,4325386,2490378,0,0,0.0034390842,0.0034390872,0.0,0.0,1,1,0,0,50,50,0,0,1,1,0,0,50,50,0,0
1353975013,2490378,4259850,2490378,0,0,0.073326215,0.073326215,0.0,0.0,2490378,4325386,2490378,0,0,0.0046035354,0.0046035345,0.0,0.0,1,1,0,0,50,50,0,0,1,1,0,0,50,50,0,0
1354174069,2490378,4259850,2490378,0,0,0.07908285,0.07908284,0.0,0.0,2490378,4325386,2490378,0,0,0.0047256523,0.004725651,0.0,0.0,1,1,0,0,50,50,0,0,1,1,0,0,50,50,0,0
1354373154,2490378,4259850,2490378,0,0,0.10382893,0.10382895,0.0,0.0,2490378,4325386,2490378,0,0,0.0055756364,0.0055756406,0.0,0.0,1,1,0,0,50,50,0,0,1,1,0,0,50,50,0,0
1354572236,2490378,4259850,2490378,0,0,0.08943337,0.08943338,0.0,0.0,2490378,4325386,2490378,0,0,0.0050558853,0.0050558853,0.0,0.0,1,1,0,0,50,50,0,0,1,1,0,0,50,50,0,0
1354771320,2490378,4259850,2490378,0,0,0.13820304,0.13820304,0.0,0.0,2490378,4325386,2490378,0,0,0.0065705003,0.0065705013,0.0,0.0,1,1,0,0,50,50,0,0,1,1,0,0,50,50,0,0
1354975375,2490378,4259850,2490378,0,0,0.11461924,0.11461924,0.0,0.0,2490378,4325386,2490378,0,0,0.00694794,0.006947935,0.0,0.0,1,1,0,0,50,50,0,0,1,1,0,0,50,50,0,0
1355174506,2490378,4259850,2490378,0,0,0.107294604,0.10729463,0.0,0.0,2490378,4325386,2490378,0,0,0.005195345,0.0051953425,0.0,0.0,1,1,0,0,50,50,0,0,1,1,0,0,50,50,0,0
1355373547,2490378,4259850,2490378,0,0,0.100241095,0.10024111,0.0,0.0,2490378,4325386,2490378,0,0,0.004797702,0.004797703,0.0,0.0,1,1,0,0,50,50,0,0,1,1,0,0,50,50,0,0
1355572648,2490378,4259850,2490378,0,0,0.088969685,0.08896968,0.0,0.0,2490378,4325386,2490378,0,0,0.004699535,0.004699534,0.0,0.0,1,1,0,0,50,50,0,0,1,1,0,0,50,50,0,0
1355776741,2490378,4259850,2490378,0,0,0.059947703,0.059947666,0.0,0.0,2490378,4325386,2490378,0,0,0.0039335145,0.0039335126,0.0,0.0,1,1,0,0,50,50,0,0,1,1,0,0,50,50,0,0
1355975770,2490378,4259850,2490378,0,0,0.045998234,0.045998324,0.0,0.0,2490378,4325386,2490378,0,0,0.0019104574,0.0019104602,0.0,0.0,1,1,0,0,50,50,0,0,1,1,0,0,50,50,0,0
1356174852,2490378,4259850,2490378,0,0,0.094308116,0.09430809,0.0,0.0,2490378,4325386,2490378,0,0,0.004182032,0.004182032,0.0,0.0,1,1,0,0,50,50,0,0,1,1,0,0,50,50,0,0
1356378911,2490378,4259850,2490378,0,0,0.07843023,0.078430235,0.0,0.0,2490378,4325386,2490378,0,0,0.004056126,0.004056125,0.0,0.0,1,1,0,0,50,50,0,0,1,1,0,0,50,50,0,0
1356577993,2490378,4259850,2490378,0,0,0.04815514,0.04815507,0.0,0.0,2490378,4325386,2490378,0,0,0.0052502197,0.00525022,0.0,0.0,1,1,0,0,50,50,0,0,1,1,0,0,50,50,0,0
1356777108,2490378,4259850,2490378,0,0,0.06607637,0.06607644,0.0,0.0,2490378,4325386,2490378,0,0,0.005590539,0.005590537,0.0,0.0,1,1,0,0,50,50,0,0,1,1,0,0,50,50,0,0
1356976161,2490378,4259850,2490378,0,0,0.077353664,0.07735368,0.0,0.0,2490378,4325386,2490378,0,0,0.0048627225,0.0048627187,0.0,0.0,1,1,0,0,50,50,0,0,1,1,0,0,50,50,0,0
1357175241,2490378,4259850,2490378,0,0,0.09134695,0.09134696,0.0,0.0,2490378,4325386,2490378,0,0,0.005767581,0.005767578,0.0,0.0,1,1,0,0,50,50,0,0,1,1,0,0,50,50,0,0
1357374347,2490378,4259850,2490378,0,0,0.09944519,0.099445194,0.0,0.0,2490378,4325386,2490378,0,0,0.0028562783,0.0028562767,0.0,0.0,1,1,0,0,50,50,0,0,1,1,0,0,50,50,0,0
1357573492,2490378,4259850,2490378,0,0,0.099433176,0.09943318,0.0,0.0,2490378,4325386,2490378,0,0,0.003486363,0.003486363,0.0,0.0,1,1,0,0,50,50,0,0,1,1,0,0,50,50,0,0
1357777470,2490378,4259850,2490378,0,0,0.09811355,0.09811355,0.0,0.0,2490378,4325386,2490378,0,0,0.0046374304,0.0046374295,0.0,0.0,1,1,0,0,50,50,0,0,1,1,0,0,50,50,0,0
1357976557,2490378,4259850,2490378,0,0,0.09513107,0.095131055,0.0,0.0,2490378,4325386,2490378,0,0,0.004820593,0.00482059,0.0,0.0,1,1,0,0,50,50,0,0,1,1,0,0,50,50,0,0
1358175659,2490378,4259850,2490378,0,0,0.094655804,0.09465574,0.0,0.0,2490378,4325386,2490378,0,0,0.0064355964,0.0064355996,0.0,0.0,1,1,0,0,50,50,0,0,1,1,0,0,50,50,0,0
1358374750,2490378,4259850,2490378,0,0,0.074493974,0.07449398,0.0,0.0,2490378,4325386,2490378,0,0,0.0067819525,0.006781954,0.0,0.0,1,1,0,0,50,50,0,0,1,1,0,0,50,50,0,0
1358573811,2490378,4259850,2490378,0,0,0.068319194,0.06831922,0.0,0.0,2490378,4325386,2490378,0,0,0.00534379,0.005343794,0.0,0.0,1,1,0,0,50,50,0,0,1,1,0,0,50,50,0,0
1358772911,2490378,4259850,2490378,0,0,0.07279044,0.07279045,0.0,0.0,2490378,4325386,2490378,0,0,0.004677936,0.004677936,0.0,0.0,1,1,0,0,50,50,0,0,1,1,0,0,50,50,0,0
1358971974,2490378,4259850,2490378,0,0,0.07836616,0.07836615,0.0,0.0,2490378,4325386,2490378,0,0,0.004738119,0.00473812,0.0,0.0,1,1,0,0,50,50,0,0,1,1,0,0,50,50,0,0
1359176029,2490378,4259850,2490378,0,0,0.082341045,0.082341045,0.0,0.0,2490378,4325386,2490378,0,0,0.0048851697,0.00488517,0.0,0.0,1,1,0,0,50,50,0,0,1,1,0,0,50,50,0,0
1359375110,2490378,4259850,2490378,0,0,0.09130147,0.09130146,0.0,0.0,2490378,4325386,2490378,0,0,0.0062614637,0.0062614647,0.0,0.0,1,1,0,0,50,50,0,0,1,1,0,0,50,50,0,0
1359574236,2490378,4259850,2490378,0,0,0.06967362,0.06967361,0.0,0.0,2490378,4325386,2490378,0,0,0.0056504207,0.0056504193,0.0,0.0,1,1,0,0,50,50,0,0,1,1,0,0,50,50,0,0
1359773275,2490378,4259850,2490378,0,0,0.06850463,0.06850466,0.0,0.0,2490378,4325386,2490378,0,0,0.0029364466,0.0029364463,0.0,0.0,1,1,0,0,50,50,0,0,1,1,0,0,50,50,0,0
1359972360,2490378,4259850,2490378,0,0,0.078257136,0.078257166,0.0,0.0,2490378,4325386,2490378,0,0,0.0032671962,0.0032671948,0.0,0.0,1,1,0,0,50,50,0,0,1,1,0,0,50,50,0,0
1360176417,2490378,4259850,2490378,0,0,0.06666323,0.066663176,0.0,0.0,2490378,4325386,2490378,0,0,0.0040475517,0.004047551,0.0,0.0,1,1,0,0,50,50,0,0,1,1,0,0,50,50,0,0
1360375500,2490378,4259850,2490378,0,0,0.07798702,0.07798702,0.0,0.0,2490378,4325386,2490378,0,0,0.004160898,0.0041608964,0.0,0.0,1,1,0,0,50,50,0,0,1,1,0,0,50,50,0,0
1360574584,2490378,4259850,2490378,0,0,0.09059135,0.09059135,0.0,0.0,2490378,4325386,2490378,0,0,0.003544264,0.0035442638,0.0,0.0,1,1,0,0,50,50,0,0,1,1,0,0,50,50,0,0
1360773675,2490378,4259850,2490378,0,0,0.09779432,0.09779427,0.0,0.0,2490378,4325386,2490378,0,0,0.003663271,0.0036632707,0.0,0.0,1,1,0,0,50,50,0,0,1,1,0,0,50,50,0,0
1360977730,2490378,4259850,2490378,0,0,0.08851532,0.08851531,0.0,0.0,2490378,4325386,2490378,0,0,0.0033806313,0.0033806327,0.0,0.0,1,1,0,0,50,50,0,0,1,1,0,0,50,50,0,0
1361176814,2490378,4259850,2490378,0,0,0.085590586,0.085590586,0.0,0.0,2490378,4325386,2490378,0,0,0.0036977148,0.0036977157,0.0,0.0,1,1,0,0,50,50,0,0,1,1,0,0,50,50,0,0
1361375894,2490378,4259850,2490378,0,0,0.11068914,0.11068918,0.0,0.0,2490378,4325386,2490378,0,0,0.004016103,0.0040161014,0.0,0.0,1,1,0,0,50,50,0,0,1,1,0,0,50,50,0,0
1361575004,2490378,4259850,2490378,0,0,0.118498266,0.11849827,0.0,0.0,2490378,4325386,2490378,0,0,0.0045719314,0.0045719296,0.0,0.0,1,1,0,0,50,50,0,0,1,1,0,0,50,50,0,0
1361774077,2490378,4259850,2490378,0,0,0.12537046,0.12537044,0.0,0.0,2490378,4325386,2490378,0,0,0.003455575,0.0034555781,0.0,0.0,1,1,0,0,50,50,0,0,1,1,0,0,50,50,0,0
1361978117,2490378,4259850,2490378,0,0,0.12715963,0.12715961,0.0,0.0,2490378,4325386,2490378,0,0,0.0041226326,0.0041226353,0.0,0.0,1,1,0,0,50,50,0,0,1,1,0,0,50,50,0,0
1362177202,2490378,4259850,2490378,0,0,0.12644374,0.12644374,0.0,0.0,2490378,4325386,2490378,0,0,0.00411695,0.0041169478,0.0,0.0,1,1,0,0,50,50,0,0,1,1,0,0,50,50,0,0
1362376311,2490378,4259850,2490378,0,0,0.122894414,0.12289441,0.0,0.0,2490378,4325386,2490378,0,0,0.0028989757,0.002898976,0.0,0.0,1,1,0,0,50,50,0,0,1,1,0,0,50,50,0,0
1362575370,2490378,4259850,2490378,0,0,0.12310403,0.12310403,0.0,0.0,2490378,4325386,2490378,0,0,0.0034161573,0.0034161576,0.0,0.0,1,1,0,0,50,50,0,0,1,1,0,0,50,50,0,0
1362774451,2490378,4259850,2490378,0,0,0.11204248,0.11204248,0.0,0.0,2490378,4325386,2490378,0,0,0.0031237684,0.003123767,0.0,0.0,1,1,0,0,50,50,0,0,1,1,0,0,50,50,0,0
1362973557,2490378,4259850,2490378,0,0,0.12470077,0.12470076,0.0,0.0,2490378,4325386,2490378,0,0,0.0038655258,0.0038655272,0.0,0.0,1,1,0,0,50,50,0,0,1,1,0,0,50,50,0,0
1363172621,2490378,4259850,2490378,0,0,0.11435494,0.114354946,0.0,0.0,2490378,4325386,2490378,0,0,0.0032796366,0.0032796364,0.0,0.0,1,1,0,0,50,50,0,0,1,1,0,0,50,50,0,0
1363376681,2490378,4259850,2490378,0,0,0.122122094,0.1221221,0.0,0.0,2490378,4325386,2490378,0,0,0.0028845696,0.0028845703,0.0,0.0,1,1,0,0,50,50,0,0,1,1,0,0,50,50,0,0
1363575783,2490378,4259850,2490378,0,0,0.1287637,0.1287637,0.0,0.0,2490378,4325386,2490378,0,0,0.004287904,0.0042879046,0.0,0.0,1,1,0,0,50,50,0,0,1,1,0,0,50,50,0,0
1363774844,2490378,4259850,2490378,0,0,0.113694824,0.11369482,0.0,0.0,2490378,4325386,2490378,0,0,0.0032322877,0.0032322875,0.0,0.0,1,1,0,0,50,50,0,0,1,1,0,0,50,50,0,0
1363973931,2490378,4259850,2490378,0,0,0.12872553,0.12872554,0.0,0.0,2490378,4325386,2490378,0,0,0.0034248629,0.0034248645,0.0,0.0,1,1,0,0,50,50,0,0,1,1,0,0,50,50,0,0
1364173011,2490378,4259850,2490378,0,0,0.13127731,0.13127731,0.0,0.0,2490378,4325386,2490378,0,0,0.0049052113,0.004905211,0.0,0.0,1,1,0,0,50,50,0,0,1,1,0,0,50,50,0,0
1364372094,2490378,4259850,2490378,0,0,0.13968427,0.13968429,0.0,0.0,2490378,4325386,2490378,0,0,0.004512431,0.00451243,0.0,0.0,1,1,0,0,50,50,0,0,1,1,0,0,50,50,0,0
1364576297,2490378,4259850,2490378,0,0,0.13832842,0.13832843,0.0,0.0,2490378,4325386,2490378,0,0,0.004778496,0.004778495,0.0,0.0,1,1,0,0,50,50,0,0,1,1,0,0,50,50,0,0
1364775238,2490378,4259850,2490378,0,0,0.13195808,0.13195807,0.0,0.0,2490378,4325386,2490378,0,0,0.002551507,0.0025515077,0.0,0.0,1,1,0,0,50,50,0,0,1,1,0,0,50,50,0,0
1364974339,2490378,4259850,2490378,0,0,0.12819043,0.12819043,0.0,0.0,2490378,4325386,2490378,0,0,0.0017349889,0.0017349893,0.0,0.0,1,1,0,0,50,50,0,0,1,1,0,0,50,50,0,0
1365173468,2490378,4259850,2490378,0,0,0.11237481,0.112374835,0.0,0.0,2490378,4325386,2490378,0,0,0.002875912,0.0028759125,0.0,0.0,1,1,0,0,50,50,0,0,1,1,0,0,50,50,0,0
1365377486,2490378,4259850,2490378,0,0,0.124929026,0.12492902,0.0,0.0,2490378,4325386,2490378,0,0,0.0037792053,0.003779206,0.0,0.0,1,1,0,0,50,50,0,0,1,1,0,0,50,50,0,0
1365576546,2490378,4259850,2490378,0,0,0.12614955,0.12614956,0.0,0.0,2490378,4325386,2490378,0,0,0.0035648644,0.003564865,0.0,0.0,1,1,0,0,50,50,0,0,1,1,0,0,50,50,0,0
1365775630,2490378,4259850,2490378,0,0,0.13035522,0.13035522,0.0,0.0,2490378,4325386,2490378,0,0,0.0034075826,0.0034075824,0.0,0.0,1,1,0,0,50,50,0,0,1,1,0,0,50,50,0,0
1365974757,2490378,4259850,2490378,0,0,0.0996971,0.09969709,0.0,0.0,2490378,4325386,2490378,0,0,0.0037460863,0.003746086,0.0,0.0,1,1,0,0,50,50,0,0,1,1,0,0,50,50,0,0
1366178770,2490378,4259850,2490378,0,0,0.11355437,0.11355436,0.0,0.0,2490378,4325386,2490378,0,0,0.0042395466,0.0042395466,0.0,0.0,1,1,0,0,50,50,0,0,1,1,0,0,50,50,0,0
1366377854,2490378,4259850,2490378,0,0,0.10334362,0.10334363,0.0,0.0,2490378,4325386,2490378,0,0,0.003532385,0.003532386,0.0,0.0,1,1,0,0,50,50,0,0,1,1,0,0,50,50,0,0
1366576969,2490378,4259850,2490378,0,0,0.0951555,0.095155455,0.0,0.0,2490378,4325386,2490378,0,0,0.0038685973,0.0038685983,0.0,0.0,1,1,0,0,50,50,0,0,1,1,0,0,50,50,0,0
1366776037,2490378,4259850,2490378,0,0,0.08596634,0.08596635,0.0,0.0,2490378,4325386,2490378,0,0,0.0037137812,0.0037137817,0.0,0.0,1,1,0,0,50,50,0,0,1,1,0,0,50,50,0,0
1366975102,2490378,4259850,2490378,0,0,0.10405764,0.10405763,0.0,0.0,2490378,4325386,2490378,0,0,0.004415307,0.004415307,0.0,0.0,1,1,0,0,50,50,0,0,1,1,0,0,50,50,0,0
1367174189,2490378,4259850,2490378,0,0,0.120108396,0.12010838,0.0,0.0,2490378,4325386,2490378,0,0,0.0046105017,0.0046105017,0.0,0.0,1,1,0,0,50,50,0,0,1,1,0,0,50,50,0,0
1367373267,2490378,4259850,2490378,0,0,0.10736131,0.10736132,0.0,0.0,2490378,4325386,2490378,0,0,0.0021686396,0.0021686396,0.0,0.0,1,1,0,0,50,50,0,0,1,1,0,0,50,50,0,0
1367572353,2490378,4259850,2490378,0,0,0.10941405,0.10941405,0.0,0.0,2490378,4325386,2490378,0,0,0.0034034578,0.003403457,0.0,0.0,1,1,0,0,50,50,0,0,1,1,0,0,50,50,0,0
1367776414,2490378,4259850,2490378,0,0,0.11139239,0.111392386,0.0,0.0,2490378,4325386,2490378,0,0,0.0032817882,0.0032817882,0.0,0.0,1,1,0,0,50,50,0,0,1,1,0,0,50,50,0,0
1367975540,2490378,4259850,2490378,0,0,0.11266817,0.1126682,0.0,0.0,2490378,4325386,2490378,0,0,0.0042955084,0.004295509,0.0,0.0,1,1,0,0,50,50,0,0,1,1,0,0,50,50,0,0
1368174582,2490378,4259850,2490378,0,0,0.10488463,0.10488463,0.0,0.0,2490378,4325386,2490378,0,0,0.005009676,0.005009674,0.0,0.0,1,1,0,0,50,50,0,0,1,1,0,0,50,50,0,0
1368373668,2490378,4259850,2490378,0,0,0.11310381,0.1131038,0.0,0.0,2490378,4325386,2490378,0,0,0.0041114776,0.004111479,0.0,0.0,1,1,0,0,50,50,0,0,1,1,0,0,50,50,0,0
1368572748,2490378,4259850,2490378,0,0,0.11328395,0.11328393,0.0,0.0,2490378,4325386,2490378,0,0,0.004050613,0.004050614,0.0,0.0,1,1,0,0,50,50,0,0,1,1,0,0,50,50,0,0
1368771867,2490378,4259850,2490378,0,0,0.1173089,0.1173089,0.0,0.0,2490378,4325386,2490378,0,0,0.0031513204,0.0031513204,0.0,0.0,1,1,0,0,50,50,0,0,1,1,0,0,50,50,0,0
1368975911,2490378,4259850,2490378,0,0,0.107391424,0.10739145,0.0,0.0,2490378,4325386,2490378,0,0,0.003158592,0.0031585929,0.0,0.0,1,1,0,0,50,50,0,0,1,1,0,0,50,50,0,0
1369174974,2490378,4259850,2490378,0,0,0.11641582,0.11641581,0.0,0.0,2490378,4325386,2490378,0,0,0.004929981,0.004929981,0.0,0.0,1,1,0,0,50,50,0,0,1,1,0,0,50,50,0,0
1369374056,2490378,4259850,2490378,0,0,0.10206215,0.10206214,0.0,0.0,2490378,4325386,2490378,0,0,0.0034328452,0.0034328448,0.0,0.0,1,1,0,0,50,50,0,0,1,1,0,0,50,50,0,0
1369573139,2490378,4259850,2490378,0,0,0.10021962,0.10021962,0.0,0.0,2490378,4325386,2490378,0,0,0.00295111,0.0029511095,0.0,0.0,1,1,0,0,50,50,0,0,1,1,0,0,50,50,0,0
1369772220,2490378,4259850,2490378,0,0,0.07927287,0.07927287,0.0,0.0,2490378,4325386,2490378,0,0,0.003372792,0.003372792,0.0,0.0,1,1,0,0,50,50,0,0,1,1,0,0,50,50,0,0
1369976282,2490378,4259850,2490378,0,0,0.0744666,0.07446661,0.0,0.0,2490378,4325386,2490378,0,0,0.00394248,0.0039424803,0.0,0.0,1,1,0,0,50,50,0,0,1,1,0,0,50,50,0,0
1370175543,2490378,4259850,2490378,0,0,0.0910637,0.09106372,0.0,0.0,2490378,4325386,2490378,0,0,0.003755691,0.0037556922,0.0,0.0,1,1,0,0,50,50,0,0,1,1,0,0,50,50,0,0
1370374448,2490378,4259850,2490378,0,0,0.09751676,0.097516745,0.0,0.0,2490378,4325386,2490378,0,0,0.0034761794,0.0034761804,0.0,0.0,1,1,0,0,50,50,0,0,1,1,0,0,50,50,0,0
1370578511,2490378,4259850,2490378,0,0,0.09296905,0.09296905,0.0,0.0,2490378,4325386,2490378,0,0,0.003449952,0.003449952,0.0,0.0,1,1,0,0,50,50,0,0,1,1,0,0,50,50,0,0
1370777640,2490378,4259850,2490378,0,0,0.061289493,0.061289497,0.0,0.0,2490378,4325386,2490378,0,0,0.0047984933,0.0047984943,0.0,0.0,1,1,0,0,50,50,0,0,1,1,0,0,50,50,0,0
1370976678,2490378,4259850,2490378,0,0,0.07794152,0.077941515,0.0,0.0,2490378,4325386,2490378,0,0,0.0035606974,0.0035606967,0.0,0.0,1,1,0,0,50,50,0,0,1,1,0,0,50,50,0,0
1371175760,2490378,4259850,2490378,0,0,0.0628587,0.062858626,0.0,0.0,2490378,4325386,2490378,0,0,0.003010076,0.0030100765,0.0,0.0,1,1,0,0,50,50,0,0,1,1,0,0,50,50,0,0
1371374846,2490378,4259850,2490378,0,0,0.0707188,0.07071884,0.0,0.0,2490378,4325386,2490378,0,0,0.0025340358,0.0025340375,0.0,0.0,1,1,0,0,50,50,0,0,1,1,0,0,50,50,0,0
1371573960,2490378,4259850,2490378,0,0,0.0740656,0.0740656,0.0,0.0,2490378,4325386,2490378,0,0,0.0031376742,0.0031376726,0.0,0.0,1,1,0,0,50,50,0,0,1,1,0,0,50,50,0,0
1371777986,2490378,4259850,2490378,0,0,0.0807498,0.080749795,0.0,0.0,2490378,4325386,2490378,0,0,0.0036935708,0.0036935708,0.0,0.0,1,1,0,0,50,50,0,0,1,1,0,0,50,50,0,0
1371977099,2490378,4259850,2490378,0,0,0.057417873,0.05741788,0.0,0.0,2490378,4325386,2490378,0,0,0.0027177476,0.0027177474,0.0,0.0,1,1,0,0,50,50,0,0,1,1,0,0,50,50,0,0
1372176149,2490378,4259850,2490378,0,0,0.09015155,0.09015153,0.0,0.0,2490378,4325386,2490378,0,0,0.003085873,0.003085873,0.0,0.0,1,1,0,0,50,50,0,0,1,1,0,0,50,50,0,0
1372375237,2490378,4259850,2490378,0,0,0.10490538,0.1049054,0.0,0.0,2490378,4325386,2490378,0,0,0.0037845494,0.0037845506,0.0,0.0,1,1,0,0,50,50,0,0,1,1,0,0,50,50,0,0
1372574326,2490378,4259850,2490378,0,0,0.111469954,0.111469984,0.0,0.0,2490378,4325386,2490378,0,0,0.0052942317,0.0052942326,0.0,0.0,1,1,0,0,50,50,0,0,1,1,0,0,50,50,0,0
1372773402,2490378,4259850,2490378,0,0,0.11801718,0.11801718,0.0,0.0,2490378,4325386,2490378,0,0,0.005015503,0.0050155013,0.0,0.0,1,1,0,0,50,50,0,0,1,1,0,0,50,50,0,0
1372972488,2490378,4259850,2490378,0,0,0.11533539,0.1153354,0.0,0.0,2490378,4325386,2490378,0,0,0.0045348927,0.004534894,0.0,0.0,1,1,0,0,50,50,0,0,1,1,0,0,50,50,0,0
1373176544,2490378,4259850,2490378,0,0,0.11995304,0.11995303,0.0,0.0,2490378,4325386,2490378,0,0,0.0045277337,0.0045277355,0.0,0.0,1,1,0,0,50,50,0,0,1,1,0,0,50,50,0,0
1373375634,2490378,4259850,2490378,0,0,0.1198256,0.11982559,0.0,0.0,2490378,4325386,2490378,0,0,0.0036697786,0.0036697777,0.0,0.0,1,1,0,0,50,50,0,0,1,1,0,0,50,50,0,0
1373574780,2490378,4259850,2490378,0,0,0.12168826,0.12168829,0.0,0.0,2490378,4325386,2490378,0,0,0.0042219493,0.0042219493,0.0,0.0,1,1,0,0,50,50,0,0,1,1,0,0,50,50,0,0
1373773795,2490378,4259850,2490378,0,0,0.10911131,0.10911125,0.0,0.0,2490378,4325386,2490378,0,0,0.003246456,0.0032464548,0.0,0.0,1,1,0,0,50,50,0,0,1,1,0,0,50,50,0,0
1373972877,2490378,4259850,2490378,0,0,0.11899841,0.118998416,0.0,0.0,2490378,4325386,2490378,0,0,0.004060996,0.004060996,0.0,0.0,1,1,0,0,50,50,0,0,1,1,0,0,50,50,0,0
1374171974,2490378,4259850,2490378,0,0,0.11360268,0.11360268,0.0,0.0,2490378,4325386,2490378,0,0,0.0026826526,0.0026826533,0.0,0.0,1,1,0,0,50,50,0,0,1,1,0,0,50,50,0,0
1374376037,2490378,4259850,2490378,0,0,0.12076972,0.12076972,0.0,0.0,2490378,4325386,2490378,0,0,0.0034206647,0.0034206652,0.0,0.0,1,1,0,0,50,50,0,0,1,1,0,0,50,50,0,0
1374575107,2490378,4259850,2490378,0,0,0.103862874,0.103862874,0.0,0.0,2490378,4325386,2490378,0,0,0.0032095483,0.003209548,0.0,0.0,1,1,0,0,50,50,0,0,1,1,0,0,50,50,0,0
1374774229,2490378,4259850,2490378,0,0,0.114651546,0.11465153,0.0,0.0,2490378,4325386,2490378,0,0,0.0017364115,0.0017364123,0.0,0.0,1,1,0,0,50,50,0,0,1,1,0,0,50,50,0,0
1374973271,2490378,4259850,2490378,0,0,0.09019879,0.090198785,0.0,0.0,2490378,4325386,2490378,0,0,0.0041867658,0.004186765,0.0,0.0,1,1,0,0,50,50,0,0,1,1,0,0,50,50,0,0
1375177343,2490378,4259850,2490378,0,0,0.0908556,0.090855666,0.0,0.0,2490378,4325386,2490378,0,0,0.004523993,0.004523992,0.0,0.0,1,1,0,0,50,50,0,0,1,1,0,0,50,50,0,0
1375376418,2490378,4259850,2490378,0,0,0.07120976,0.07120976,0.0,0.0,2490378,4325386,2490378,0,0,0.0032055033,0.0032055026,0.0,0.0,1,1,0,0,50,50,0,0,1,1,0,0,50,50,0,0
1375575499,2490378,4259850,2490378,0,0,0.06886756,0.06886756,0.0,0.0,2490378,4325386,2490378,0,0,0.004934929,0.0049349293,0.0,0.0,1,1,0,0,50,50,0,0,1,1,0,0,50,50,0,0
1375774712,2490378,4259850,2490378,0,0,0.065279074,0.06527909,0.0,0.0,2490378,4325386,2490378,0,0,0.00451367,0.0045136693,0.0,0.0,1,1,0,0,50,50,0,0,1,1,0,0,50,50,0,0
1375978646,2490378,4259850,2490378,0,0,0.08962878,0.08962881,0.0,0.0,2490378,4325386,2490378,0,0,0.001015064,0.0010150642,0.0,0.0,1,1,0,0,50,50,0,0,1,1,0,0,50,50,0,0
1376177728,2490378,4259850,2490378,0,0,0.06442911,0.06442911,0.0,0.0,2490378,4325386,2490378,0,0,0.002875514,0.0028755148,0.0,0.0,1,1,0,0,50,50,0,0,1,1,0,0,50,50,0,0
1376376853,2490378,4259850,2490378,0,0,0.063464046,0.063464016,0.0,0.0,2490378,4325386,2490378,0,0,0.0050813593,0.00508136,0.0,0.0,1,1,0,0,50,50,0,0,1,1,0,0,50,50,0,0
1376575894,2490378,4259850,2490378,0,0,0.06807013,0.06807008,0.0,0.0,2490378,4325386,2490378,0,0,0.00419312,0.0041931197,0.0,0.0,1,1,0,0,50,50,0,0,1,1,0,0,50,50,0,0
1376774978,2490378,4259850,2490378,0,0,0.085051194,0.08505118,0.0,0.0,2490378,4325386,2490378,0,0,0.0038530526,0.0038530522,0.0,0.0,1,1,0,0,50,50,0,0,1,1,0,0,50,50,0,0
1376974061,2490378,4259850,2490378,0,0,0.09475247,0.09475245,0.0,0.0,2490378,4325386,2490378,0,0,0.004036293,0.0040362948,0.0,0.0,1,1,0,0,50,50,0,0,1,1,0,0,50,50,0,0
1377173144,2490378,4259850,2490378,0,0,0.07705362,0.07705364,0.0,0.0,2490378,4325386,2490378,0,0,0.0046556476,0.004655648,0.0,0.0,1,1,0,0,50,50,0,0,1,1,0,0,50,50,0,0
1377377251,2490378,4259850,2490378,0,0,0.07484169,0.074841686,0.0,0.0,2490378,4325386,2490378,0,0,0.0033555923,0.0033555927,0.0,0.0,1,1,0,0,50,50,0,0,1,1,0,0,50,50,0,0
1377576289,2490378,4259850,2490378,0,0,0.07117546,0.07117549,0.0,0.0,2490378,4325386,2490378,0,0,0.003320474,0.0033204737,0.0,0.0,1,1,0,0,50,50,0,0,1,1,0,0,50,50,0,0
1377775377,2490378,4259850,2490378,0,0,0.06851918,0.06851918,0.0,0.0,2490378,4325386,2490378,0,0,0.0034690436,0.0034690427,0.0,0.0,1,1,0,0,50,50,0,0,1,1,0,0,50,50,0,0
1377974457,2490378,4259850,2490378,0,0,0.064423814,0.06442379,0.0,0.0,2490378,4325386,2490378,0,0,0.003823169,0.0038231688,0.0,0.0,1,1,0,0,50,50,0,0,1,1,0,0,50,50,0,0
1378173569,2490378,4259850,2490378,0,0,0.081151895,0.0811519,0.0,0.0,2490378,4325386,2490378,0,0,0.0053571314,0.0053571304,0.0,0.0,1,1,0,0,50,50,0,0,1,1,0,0,50,50,0,0
1378372657,2490378,4259850,2490378,0,0,0.9205369,0.92053676,0.0,0.0,2490378,4325386,2490378,0,0,0.0723675,0.072367474,0.0,0.0,1,1,0,0,50,50,0,0,1,1,0,0,50,50,0,0
1378571705,2490378,4259850,2490378,0,0,0.15926181,0.15926187,0.0,0.0,2490378,4325386,2490378,0,0,0.007315011,0.007315015,0.0,0.0,1,1,0,0,50,50,0,0,1,1,0,0,50,50,0,0
1378775795,2490378,4259850,2490378,0,0,0.08453996,0.084539935,0.0,0.0,2490378,4325386,2490378,0,0,0.0020909125,0.0020909128,0.0,0.0,1,1,0,0,50,50,0,0,1,1,0,0,50,50,0,0
1378974859,2490378,4259850,2490378,0,0,0.082311705,0.08231168,0.0,0.0,2490378,4325386,2490378,0,0,0.0028111052,0.0028111057,0.0,0.0,1,1,0,0,50,50,0,0,1,1,0,0,50,50,0,0
1379173965,2490378,4259850,2490378,0,0,0.19263135,0.19263141,0.0,0.0,2490378,4325386,2490378,0,0,0.042704407,0.042704403,0.0,0.0,1,1,0,0,50,50,0,0,1,1,0,0,50,50,0,0
1379373015,2490378,4259850,2490378,0,0,0.13574699,0.13574697,0.0,0.0,2490378,4325386,2490378,0,0,0.0053418395,0.0053418367,0.0,0.0,1,1,0,0,50,50,0,0,1,1,0,0,50,50,0,0
1379572127,2490378,4259850,2490378,0,0,0.12850332,0.12850335,0.0,0.0,2490378,4325386,2490378,0,0,0.0012926359,0.0012926315,0.0,0.0,1,1,0,0,50,50,0,0,1,1,0,0,50,50,0,0
1379776167,2490378,4259850,2490378,0,0,0.15166138,0.15166137,0.0,0.0,2490378,4325386,2490378,0,0,0.005531971,0.0055319713,0.0,0.0,1,1,0,0,50,50,0,0,1,1,0,0,50,50,0,0
1379975243,2490378,4259850,2490378,0,0,0.07217503,0.07217501,0.0,0.0,2490378,4325386,2490378,0,0,0.0034519746,0.0034519753,0.0,0.0,1,1,0,0,50,50,0,0,1,1,0,0,50,50,0,0
1380174345,2490378,4259850,2490378,0,0,0.07226887,0.07226888,0.0,0.0,2490378,4325386,2490378,0,0,0.003467634,0.0034676348,0.0,0.0,1,1,0,0,50,50,0,0,1,1,0,0,50,50,0,0
1380378389,2490378,4259850,2490378,0,0,0.10944481,0.10944481,0.0,0.0,2490378,4325386,2490378,0,0,0.005060352,0.005060352,0.0,0.0,1,1,0,0,50,50,0,0,1,1,0,0,50,50,0,0
1380577470,2490378,4259850,2490378,0,0,0.07920108,0.07920109,0.0,0.0,2490378,4325386,2490378,0,0,0.0036335161,0.0036335166,0.0,0.0,1,1,0,0,50,50,0,0,1,1,0,0,50,50,0,0
1380776560,2490378,4259850,2490378,0,0,0.06851865,0.0685186,0.0,0.0,2490378,4325386,2490378,0,0,0.0017192301,0.0017192297,0.0,0.0,1,1,0,0,50,50,0,0,1,1,0,0,50,50,0,0
1380975645,2490378,4259850,2490378,0,0,0.035586998,0.035586927,0.0,0.0,2490378,4325386,2490378,0,0,0.0050540064,0.005054008,0.0,0.0,1,1,0,0,50,50,0,0,1,1,0,0,50,50,0,0
1381174724,2490378,4259850,2490378,0,0,0.0454003,0.04540026,0.0,0.0,2490378,4325386,2490378,0,0,0.0031611908,0.0031611912,0.0,0.0,1,1,0,0,50,50,0,0,1,1,0,0,50,50,0,0
1381374041,2490378,4259850,2490378,0,0,0.06334742,0.06334748,0.0,0.0,2490378,4325386,2490378,0,0,0.0034642732,0.0034642739,0.0,0.0,1,1,0,0,50,50,0,0,1,1,0,0,50,50,0,0
1381577902,2490378,4259850,2490378,0,0,0.021808555,0.02180847,0.0,0.0,2490378,4325386,2490378,0,0,0.0064514205,0.006451422,0.0,0.0,1,1,0,0,50,50,0,0,1,1,0,0,50,50,0,0
1381776949,2490378,4259850,2490378,0,0,0.035841677,0.035841722,0.0,0.0,2490378,4325386,2490378,0,0,0.0033817207,0.0033817212,0.0,0.0,1,1,0,0,50,50,0,0,1,1,0,0,50,50,0,0
1381976061,2490378,4259850,2490378,0,0,0.04974069,0.04974083,0.0,0.0,2490378,4325386,2490378,0,0,0.010149085,0.010149088,0.0,0.0,1,1,0,0,50,50,0,0,1,1,0,0,50,50,0,0
1382175117,2490378,4259850,2490378,0,0,0.088918954,0.08891902,0.0,0.0,2490378,4325386,2490378,0,0,0.0044208462,0.0044208416,0.0,0.0,1,1,0,0,50,50,0,0,1,1,0,0,50,50,0,0
1382374202,2490378,4259850,2490378,0,0,0.044514034,0.044513986,0.0,0.0,2490378,4325386,2490378,0,0,0.0035776156,0.0035776175,0.0,0.0,1,1,0,0,50,50,0,0,1,1,0,0,50,50,0,0
1382573296,2490378,4259850,2490378,0,0,0.13348314,0.13348302,0.0,0.0,2490378,4325386,2490378,0,0,0.0017109276,0.0017109319,0.0,0.0,1,1,0,0,50,50,0,0,1,1,0,0,50,50,0,0
1382772368,2490378,4259850,2490378,0,0,0.044459224,0.04445922,0.0,0.0,2490378,4325386,2490378,0,0,0.0040668757,0.004066876,0.0,0.0,1,1,0,0,50,50,0,0,1,1,0,0,50,50,0,0
1382976427,2490378,4259850,2490378,0,0,0.06729998,0.067299984,0.0,0.0,2490378,4325386,2490378,0,0,0.002585347,0.0025853473,0.0,0.0,1,1,0,0,50,50,0,0,1,1,0,0,50,50,0,0
1383175513,2490378,4259850,2490378,0,0,0.05642791,0.056427877,0.0,0.0,2490378,4325386,2490378,0,0,0.0028443646,0.0028443635,0.0,0.0,1,1,0,0,50,50,0,0,1,1,0,0,50,50,0,0
1383374599,2490378,4259850,2490378,0,0,0.03493244,0.034932397,0.0,0.0,2490378,4325386,2490378,0,0,0.0040670447,0.0040670442,0.0,0.0,1,1,0,0,50,50,0,0,1,1,0,0,50,50,0,0
1383573710,2490378,4259850,2490378,0,0,0.016642112,0.016642123,0.0,0.0,2490378,4325386,2490378,0,0,0.0044473177,0.004447316,0.0,0.0,1,1,0,0,50,50,0,0,1,1,0,0,50,50,0,0
1383772763,2490378,4259850,2490378,0,0,0.031496752,0.031496763,0.0,0.0,2490378,4325386,2490378,0,0,0.0032968048,0.0032968048,0.0,0.0,1,1,0,0,50,50,0,0,1,1,0,0,50,50,0,0
1383971850,2490378,4259850,2490378,0,0,0.040849045,0.040849067,0.0,0.0,2490378,4325386,2490378,0,0,0.0016232452,0.0016232453,0.0,0.0,1,1,0,0,50,50,0,0,1,1,0,0,50,50,0,0
1384175928,2490378,4259850,2490378,0,0,0.047404118,0.04740416,0.0,0.0,2490378,4325386,2490378,0,0,0.003383526,0.0033835284,0.0,0.0,1,1,0,0,50,50,0,0,1,1,0,0,50,50,0,0
1384375047,2490378,4259850,2490378,0,0,0.028372968,0.028372947,0.0,0.0,2490378,4325386,2490378,0,0,0.0040903413,0.0040903417,0.0,0.0,1,1,0,0,50,50,0,0,1,1,0,0,50,50,0,0
1384574076,2490378,4259850,2490378,0,0,0.03379798,0.033797972,0.0,0.0,2490378,4325386,2490378,0,0,0.0035143313,0.0035143308,0.0,0.0,1,1,0,0,50,50,0,0,1,1,0,0,50,50,0,0
1384773202,2490378,4259850,2490378,0,0,0.047921903,0.04792206,0.0,0.0,2490378,4325386,2490378,0,0,0.0038307165,0.003830716,0.0,0.0,1,1,0,0,50,50,0,0,1,1,0,0,50,50,0,0
1384977213,2490378,4259850,2490378,0,0,0.037344348,0.03734443,0.0,0.0,2490378,4325386,2490378,0,0,0.004667743,0.0046677417,0.0,0.0,1,1,0,0,50,50,0,0,1,1,0,0,50,50,0,0
1385176315,2490378,4259850,2490378,0,0,0.032096654,0.03209665,0.0,0.0,2490378,4325386,2490378,0,0,0.002592197,0.0025921965,0.0,0.0,1,1,0,0,50,50,0,0,1,1,0,0,50,50,0,0
1385375394,2490378,4259850,2490378,0,0,0.062471412,0.06247142,0.0,0.0,2490378,4325386,2490378,0,0,0.001953165,0.001953165,0.0,0.0,1,1,0,0,50,50,0,0,1,1,0,0,50,50,0,0
1385574473,2490378,4259850,2490378,0,0,0.049496483,0.04949647,0.0,0.0,2490378,4325386,2490378,0,0,0.0042687138,0.004268715,0.0,0.0,1,1,0,0,50,50,0,0,1,1,0,0,50,50,0,0
1385778529,2490378,4259850,2490378,0,0,0.043852028,0.04385204,0.0,0.0,2490378,4325386,2490378,0,0,0.0043466305,0.004346631,0.0,0.0,1,1,0,0,50,50,0,0,1,1,0,0,50,50,0,0
1385977615,2490378,4259850,2490378,0,0,0.034245506,0.034245495,0.0,0.0,2490378,4325386,2490378,0,0,0.0024714374,0.0024714374,0.0,0.0,1,1,0,0,50,50,0,0,1,1,0,0,50,50,0,0
1386176713,2490378,4259850,2490378,0,0,0.07999304,0.07999303,0.0,0.0,2490378,4325386,2490378,0,0,0.0024422174,0.0024422167,0.0,0.0,1,1,0,0,50,50,0,0,1,1,0,0,50,50,0,0
1386375782,2490378,4259850,2490378,0,0,0.038037077,0.038037043,0.0,0.0,2490378,4325386,2490378,0,0,0.0039019277,0.003901928,0.0,0.0,1,1,0,0,50,50,0,0,1,1,0,0,50,50,0,0
1386574870,2490378,4259850,2490378,0,0,0.028402671,0.028402673,0.0,0.0,2490378,4325386,2490378,0,0,0.0042425767,0.004242578,0.0,0.0,1,1,0,0,50,50,0,0,1,1,0,0,50,50,0,0
1386773954,2490378,4259850,2490378,0,0,0.042096794,0.042096782,0.0,0.0,2490378,4325386,2490378,0,0,0.0035759902,0.0035759904,0.0,0.0,1,1,0,0,50,50,0,0,1,1,0,0,50,50,0,0
1386973285,2490378,4259850,2490378,0,0,0.03575904,0.035759035,0.0,0.0,2490378,4325386,2490378,0,0,0.0037427074,0.0037427074,0.0,0.0,1,1,0,0,50,50,0,0,1,1,0,0,50,50,0,0
1387177098,2490378,4259850,2490378,0,0,0.06859611,0.06859611,0.0,0.0,2490378,4325386,2490378,0,0,0.0036293098,0.0036293094,0.0,0.0,1,1,0,0,50,50,0,0,1,1,0,0,50,50,0,0
1387376179,2490378,4259850,2490378,0,0,0.07755471,0.07755471,0.0,0.0,2490378,4325386,2490378,0,0,0.0040997947,0.004099794,0.0,0.0,1,1,0,0,50,50,0,0,1,1,0,0,50,50,0,0
1387575292,2490378,4259850,2490378,0,0,0.034475256,0.034475256,0.0,0.0,2490378,4325386,2490378,0,0,0.0035266737,0.0035266737,0.0,0.0,1,1,0,0,50,50,0,0,1,1,0,0,50,50,0,0
1387774348,2490378,4259850,2490378,0,0,0.03504594,0.035046026,0.0,0.0,2490378,4325386,2490378,0,0,0.003253265,0.0032532648,0.0,0.0,1,1,0,0,50,50,0,0,1,1,0,0,50,50,0,0
1387973464,2490378,4259850,2490378,0,0,0.046616808,0.04661681,0.0,0.0,2490378,4325386,2490378,0,0,0.0035344579,0.003534458,0.0,0.0,1,1,0,0,50,50,0,0,1,1,0,0,50,50,0,0
1388172516,2490378,4259850,2490378,0,0,0.1057714,0.10577146,0.0,0.0,2490378,4325386,2490378,0,0,0.0038814358,0.0038814368,0.0,0.0,1,1,0,0,50,50,0,0,1,1,0,0,50,50,0,0
1388371646,2490378,4259850,2490378,0,0,0.06398309,0.063983105,0.0,0.0,2490378,4325386,2490378,0,0,0.0038800586,0.0038800586,0.0,0.0,1,1,0,0,50,50,0,0,1,1,0,0,50,50,0,0
1388575667,2490378,4259850,2490378,0,0,0.038011692,0.03801165,0.0,0.0,2490378,4325386,2490378,0,0,0.0026613302,0.0026613297,0.0,0.0,1,1,0,0,50,50,0,0,1,1,0,0,50,50,0,0
1388774766,2490378,4259850,2490378,0,0,0.039650943,0.039650876,0.0,0.0,2490378,4325386,2490378,0,0,0.0034798058,0.0034798058,0.0,0.0,1,1,0,0,50,50,0,0,1,1,0,0,50,50,0,0
1388973827,2490378,4259850,2490378,0,0,0.08735604,0.08735607,0.0,0.0,2490378,4325386,2490378,0,0,0.0033022552,0.0033022552,0.0,0.0,1,1,0,0,50,50,0,0,1,1,0,0,50,50,0,0
1389172914,2490378,4259850,2490378,0,0,0.046163816,0.046163786,0.0,0.0,2490378,4325386,2490378,0,0,0.0032068267,0.0032068267,0.0,0.0,1,1,0,0,50,50,0,0,1,1,0,0,50,50,0,0
1389376974,2490378,4259850,2490378,0,0,0.05891145,0.058911517,0.0,0.0,2490378,4325386,2490378,0,0,0.004047479,0.0040474785,0.0,0.0,1,1,0,0,50,50,0,0,1,1,0,0,50,50,0,0
1389576056,2490378,4259850,2490378,0,0,0.036784727,0.036784746,0.0,0.0,2490378,4325386,2490378,0,0,0.004096033,0.0040960335,0.0,0.0,1,1,0,0,50,50,0,0,1,1,0,0,50,50,0,0
1389775167,2490378,4259850,2490378,0,0,0.03373882,0.033738833,0.0,0.0,2490378,4325386,2490378,0,0,0.003258578,0.0032585785,0.0,0.0,1,1,0,0,50,50,0,0,1,1,0,0,50,50,0,0
1389974226,2490378,4259850,2490378,0,0,0.05128328,0.05128331,0.0,0.0,2490378,4325386,2490378,0,0,0.0030010662,0.0030010662,0.0,0.0,1,1,0,0,50,50,0,0,1,1,0,0,50,50,0,0
1390178285,2490378,4259850,2490378,0,0,0.021042045,0.021042086,0.0,0.0,2490378,4325386,2490378,0,0,0.004268063,0.0042680656,0.0,0.0,1,1,0,0,50,50,0,0,1,1,0,0,50,50,0,0
1390377402,2490378,4259850,2490378,0,0,0.024573589,0.02457358,0.0,0.0,2490378,4325386,2490378,0,0,0.003816886,0.0038168856,0.0,0.0,1,1,0,0,50,50,0,0,1,1,0,0,50,50,0,0
1390576451,2490378,4259850,2490378,0,0,0.03426797,0.034267917,0.0,0.0,2490378,4325386,2490378,0,0,0.0040228423,0.0040228427,0.0,0.0,1,1,0,0,50,50,0,0,1,1,0,0,50,50,0,0
1390775536,2490378,4259850,2490378,0,0,0.040845275,0.040845238,0.0,0.0,2490378,4325386,2490378,0,0,0.0024854091,0.0024854094,0.0,0.0,1,1,0,0,50,50,0,0,1,1,0,0,50,50,0,0
1390974625,2490378,4259850,2490378,0,0,0.04642865,0.046428576,0.0,0.0,2490378,4325386,2490378,0,0,0.0024576138,0.0024576143,0.0,0.0,1,1,0,0,50,50,0,0,1,1,0,0,50,50,0,0
1391173738,2490378,4259850,2490378,0,0,0.03414808,0.03414806,0.0,0.0,2490378,4325386,2490378,0,0,0.003613856,0.0036138569,0.0,0.0,1,1,0,0,50,50,0,0,1,1,0,0,50,50,0,0
1391377765,2490378,4259850,2490378,0,0,0.034531396,0.034531444,0.0,0.0,2490378,4325386,2490378,0,0,0.0036243598,0.003624361,0.0,0.0,1,1,0,0,50,50,0,0,1,1,0,0,50,50,0,0
1391576851,2490378,4259850,2490378,0,0,0.035367176,0.03536718,0.0,0.0,2490378,4325386,2490378,0,0,0.0029859333,0.0029859326,0.0,0.0,1,1,0,0,50,50,0,0,1,1,0,0,50,50,0,0
1391775933,2490378,4259850,2490378,0,0,0.037097316,0.037097294,0.0,0.0,2490378,4325386,2490378,0,0,0.002807292,0.0028072926,0.0,0.0,1,1,0,0,50,50,0,0,1,1,0,0,50,50,0,0
1391975017,2490378,4259850,2490378,0,0,0.10876008,0.10876011,0.0,0.0,2490378,4325386,2490378,0,0,0.0030274277,0.003027427,0.0,0.0,1,1,0,0,50,50,0,0,1,1,0,0,50,50,0,0
1392174104,2490378,4259850,2490378,0,0,0.10115076,0.10115077,0.0,0.0,2490378,4325386,2490378,0,0,0.0035642253,0.0035642243,0.0,0.0,1,1,0,0,50,50,0,0,1,1,0,0,50,50,0,0
1392373193,2490378,4259850,2490378,0,0,0.035601195,0.035601195,0.0,0.0,2490378,4325386,2490378,0,0,0.0042023216,0.0042023235,0.0,0.0,1,1,0,0,50,50,0,0,1,1,0,0,50,50,0,0
1392572517,2490378,4259850,2490378,0,0,0.036475975,0.036475997,0.0,0.0,2490378,4325386,2490378,0,0,0.0038023377,0.0038023356,0.0,0.0,1,1,0,0,50,50,0,0,1,1,0,0,50,50,0,0
1392776333,2490378,4259850,2490378,0,0,0.044565834,0.044565815,0.0,0.0,2490378,4325386,2490378,0,0,0.0020867516,0.0020867519,0.0,0.0,1,1,0,0,50,50,0,0,1,1,0,0,50,50,0,0
1392975414,2490378,4259850,2490378,0,0,0.11714085,0.11714082,0.0,0.0,2490378,4325386,2490378,0,0,0.001984564,0.0019845618,0.0,0.0,1,1,0,0,50,50,0,0,1,1,0,0,50,50,0,0
1393174529,2490378,4259850,2490378,0,0,0.049657866,0.049657814,0.0,0.0,2490378,4325386,2490378,0,0,0.0037487925,0.003748793,0.0,0.0,1,1,0,0,50,50,0,0,1,1,0,0,50,50,0,0
1393373584,2490378,4259850,2490378,0,0,0.028528236,0.028528215,0.0,0.0,2490378,4325386,2490378,0,0,0.004230806,0.004230807,0.0,0.0,1,1,0,0,50,50,0,0,1,1,0,0,50,50,0,0
1393572691,2490378,4259850,2490378,0,0,0.04116871,0.041168697,0.0,0.0,2490378,4325386,2490378,0,0,0.003652165,0.0036521647,0.0,0.0,1,1,0,0,50,50,0,0,1,1,0,0,50,50,0,0
1393771768,2490378,4259850,2490378,0,0,0.09517453,0.09517453,0.0,0.0,2490378,4325386,2490378,0,0,0.0019808903,0.001980891,0.0,0.0,1,1,0,0,50,50,0,0,1,1,0,0,50,50,0,0
1393975810,2490378,4259850,2490378,0,0,0.043821074,0.043820985,0.0,0.0,2490378,4325386,2490378,0,0,0.0017903806,0.0017903831,0.0,0.0,1,1,0,0,50,50,0,0,1,1,0,0,50,50,0,0
1394174897,2490378,4259850,2490378,0,0,0.04021945,0.040219422,0.0,0.0,2490378,4325386,2490378,0,0,0.0038255893,0.0038255882,0.0,0.0,1,1,0,0,50,50,0,0,1,1,0,0,50,50,0,0
1394374011,2490378,4259850,2490378,0,0,0.030011144,0.030011151,0.0,0.0,2490378,4325386,2490378,0,0,0.004444079,0.0044440785,0.0,0.0,1,1,0,0,50,50,0,0,1,1,0,0,50,50,0,0
1394578043,2490378,4259850,2490378,0,0,0.0334603,0.03346029,0.0,0.0,2490378,4325386,2490378,0,0,0.0038574077,0.0038574082,0.0,0.0,1,1,0,0,50,50,0,0,1,1,0,0,50,50,0,0
1394777123,2490378,4259850,2490378,0,0,0.03851952,0.038519528,0.0,0.0,2490378,4325386,2490378,0,0,0.0035540555,0.0035540555,0.0,0.0,1,1,0,0,50,50,0,0,1,1,0,0,50,50,0,0
1394976209,2490378,4259850,2490378,0,0,0.041715305,0.04171537,0.0,0.0,2490378,4325386,2490378,0,0,0.0023974422,0.002397442,0.0,0.0,1,1,0,0,50,50,0,0,1,1,0,0,50,50,0,0
1395175299,2490378,4259850,2490378,0,0,0.041999444,0.041999407,0.0,0.0,2490378,4325386,2490378,0,0,0.002905805,0.0029058051,0.0,0.0,1,1,0,0,50,50,0,0,1,1,0,0,50,50,0,0
1395374416,2490378,4259850,2490378,0,0,0.035489436,0.035489466,0.0,0.0,2490378,4325386,2490378,0,0,0.0042535905,0.00425359,0.0,0.0,1,1,0,0,50,50,0,0,1,1,0,0,50,50,0,0
1395578442,2490378,4259850,2490378,0,0,0.030639676,0.030639661,0.0,0.0,2490378,4325386,2490378,0,0,0.004073899,0.0040739006,0.0,0.0,1,1,0,0,50,50,0,0,1,1,0,0,50,50,0,0
1395777604,2490378,4259850,2490378,0,0,0.036292933,0.036292896,0.0,0.0,2490378,4325386,2490378,0,0,0.0037034657,0.0037034675,0.0,0.0,1,1,0,0,50,50,0,0,1,1,0,0,50,50,0,0
1395976642,2490378,4259850,2490378,0,0,0.041504927,0.041504912,0.0,0.0,2490378,4325386,2490378,0,0,0.0031713303,0.0031713308,0.0,0.0,1,1,0,0,50,50,0,0,1,1,0,0,50,50,0,0
1396175695,2490378,4259850,2490378,0,0,0.038759213,0.03875927,0.0,0.0,2490378,4325386,2490378,0,0,0.0026638063,0.0026638065,0.0,0.0,1,1,0,0,50,50,0,0,1,1,0,0,50,50,0,0
1396374775,2490378,4259850,2490378,0,0,0.03902193,0.039021943,0.0,0.0,2490378,4325386,2490378,0,0,0.0032809624,0.00328096,0.0,0.0,1,1,0,0,50,50,0,0,1,1,0,0,50,50,0,0
1396573863,2490378,4259850,2490378,0,0,0.032889795,0.032889813,0.0,0.0,2490378,4325386,2490378,0,0,0.0043903887,0.0043903897,0.0,0.0,1,1,0,0,50,50,0,0,1,1,0,0,50,50,0,0
1396772946,2490378,4259850,2490378,0,0,0.029569354,0.029569376,0.0,0.0,2490378,4325386,2490378,0,0,0.004151725,0.0041517275,0.0,0.0,1,1,0,0,50,50,0,0,1,1,0,0,50,50,0,0
1396977037,2490378,4259850,2490378,0,0,0.036650103,0.0366501,0.0,0.0,2490378,4325386,2490378,0,0,0.004000469,0.0040004686,0.0,0.0,1,1,0,0,50,50,0,0,1,1,0,0,50,50,0,0
1397176092,2490378,4259850,2490378,0,0,0.04663629,0.04663629,0.0,0.0,2490378,4325386,2490378,0,0,0.002046015,0.0020460163,0.0,0.0,1,1,0,0,50,50,0,0,1,1,0,0,50,50,0,0
1397375173,2490378,4259850,2490378,0,0,0.098724306,0.098724306,0.0,0.0,2490378,4325386,2490378,0,0,0.0021183856,0.002118386,0.0,0.0,1,1,0,0,50,50,0,0,1,1,0,0,50,50,0,0
1397574276,2490378,4259850,2490378,0,0,0.08180532,0.08180533,0.0,0.0,2490378,4325386,2490378,0,0,0.0041774465,0.004177446,0.0,0.0,1,1,0,0,50,50,0,0,1,1,0,0,50,50,0,0
1397773374,2490378,4259850,2490378,0,0,0.02990445,0.029904515,0.0,0.0,2490378,4325386,2490378,0,0,0.0041232924,0.004123293,0.0,0.0,1,1,0,0,50,50,0,0,1,1,0,0,50,50,0,0
1397972426,2490378,4259850,2490378,0,0,0.03747802,0.037477974,0.0,0.0,2490378,4325386,2490378,0,0,0.0038949554,0.0038949554,0.0,0.0,1,1,0,0,50,50,0,0,1,1,0,0,50,50,0,0
1398171678,2490378,4259850,2490378,0,0,0.038591377,0.03859136,0.0,0.0,2490378,4325386,2490378,0,0,0.0038488966,0.0038488954,0.0,0.0,1,1,0,0,50,50,0,0,1,1,0,0,50,50,0,0
1398375590,2490378,4259850,2490378,0,0,0.03356103,0.033561043,0.0,0.0,2490378,4325386,2490378,0,0,0.0042456863,0.004245687,0.0,0.0,1,1,0,0,50,50,0,0,1,1,0,0,50,50,0,0
1398574663,2490378,4259850,2490378,0,0,0.03282941,0.032829393,0.0,0.0,2490378,4325386,2490378,0,0,0.0035428805,0.0035428805,0.0,0.0,1,1,0,0,50,50,0,0,1,1,0,0,50,50,0,0
1398773771,2490378,4259850,2490378,0,0,0.03891718,0.038917106,0.0,0.0,2490378,4325386,2490378,0,0,0.0034843432,0.003484343,0.0,0.0,1,1,0,0,50,50,0,0,1,1,0,0,50,50,0,0
1398972825,2490378,4259850,2490378,0,0,0.035987012,0.035987053,0.0,0.0,2490378,4325386,2490378,0,0,0.0036736196,0.0036736198,0.0,0.0,1,1,0,0,50,50,0,0,1,1,0,0,50,50,0,0
1399176885,2490378,4259850,2490378,0,0,0.031273108,0.031273104,0.0,0.0,2490378,4325386,2490378,0,0,0.0035356628,0.0035356628,0.0,0.0,1,1,0,0,50,50,0,0,1,1,0,0,50,50,0,0
1399375987,2490378,4259850,2490378,0,0,0.03650757,0.03650754,0.0,0.0,2490378,4325386,2490378,0,0,0.0033755607,0.00337556,0.0,0.0,1,1,0,0,50,50,0,0,1,1,0,0,50,50,0,0
1399575056,2490378,4259850,2490378,0,0,0.040849864,0.04084986,0.0,0.0,2490378,4325386,2490378,0,0,0.0027144786,0.0027144786,0.0,0.0,1,1,0,0,50,50,0,0,1,1,0,0,50,50,0,0
1399774160,2490378,4259850,2490378,0,0,0.044001445,0.044001468,0.0,0.0,2490378,4325386,2490378,0,0,0.0035560583,0.0035560583,0.0,0.0,1,1,0,0,50,50,0,0,1,1,0,0,50,50,0,0
1399978200,2490378,4259850,2490378,0,0,0.035288237,0.035288267,0.0,0.0,2490378,4325386,2490378,0,0,0.003758064,0.003758064,0.0,0.0,1,1,0,0,50,50,0,0,1,1,0,0,50,50,0,0
1400177277,2490378,4259850,2490378,0,0,0.03312592,0.03312592,0.0,0.0,2490378,4325386,2490378,0,0,0.0036573508,0.003657351,0.0,0.0,1,1,0,0,50,50,0,0,1,1,0,0,50,50,0,0
1400376368,2490378,4259850,2490378,0,0,0.03946039,0.03946035,0.0,0.0,2490378,4325386,2490378,0,0,0.003518252,0.0035182522,0.0,0.0,1,1,0,0,50,50,0,0,1,1,0,0,50,50,0,0
1400575486,2490378,4259850,2490378,0,0,0.03706823,0.037068248,0.0,0.0,2490378,4325386,2490378,0,0,0.0035088242,0.0035088249,0.0,0.0,1,1,0,0,50,50,0,0,1,1,0,0,50,50,0,0
1400774538,2490378,4259850,2490378,0,0,0.035247497,0.035247505,0.0,0.0,2490378,4325386,2490378,0,0,0.0034440132,0.0034440134,0.0,0.0,1,1,0,0,50,50,0,0,1,1,0,0,50,50,0,0
1400973664,2490378,4259850,2490378,0,0,0.03394896,0.033948988,0.0,0.0,2490378,4325386,2490378,0,0,0.004063172,0.004063172,0.0,0.0,1,1,0,0,50,50,0,0,1,1,0,0,50,50,0,0
1401177687,2490378,4259850,2490378,0,0,0.038365446,0.03836553,0.0,0.0,2490378,4325386,2490378,0,0,0.0032569016,0.0032569019,0.0,0.0,1,1,0,0,50,50,0,0,1,1,0,0,50,50,0,0
1401376766,2490378,4259850,2490378,0,0,0.04582194,0.045822024,0.0,0.0,2490378,4325386,2490378,0,0,0.0037916836,0.0037916836,0.0,0.0,1,1,0,0,50,50,0,0,1,1,0,0,50,50,0,0
1401575889,2490378,4259850,2490378,0,0,0.0402229,0.040222973,0.0,0.0,2490378,4325386,2490378,0,0,0.0037897625,0.0037897623,0.0,0.0,1,1,0,0,50,50,0,0,1,1,0,0,50,50,0,0
1401774940,2490378,4259850,2490378,0,0,0.03515789,0.035157867,0.0,0.0,2490378,4325386,2490378,0,0,0.0049687536,0.0049687536,0.0,0.0,1,1,0,0,50,50,0,0,1,1,0,0,50,50,0,0
1401974024,2490378,4259850,2490378,0,0,0.031607706,0.0316077,0.0,0.0,2490378,4325386,2490378,0,0,0.0040882044,0.004088203,0.0,0.0,1,1,0,0,50,50,0,0,1,1,0,0,50,50,0,0
1402173107,2490378,4259850,2490378,0,0,0.037705243,0.037705205,0.0,0.0,2490378,4325386,2490378,0,0,0.0029130755,0.0029130755,0.0,0.0,1,1,0,0,50,50,0,0,1,1,0,0,50,50,0,0
1402372193,2490378,4259850,2490378,0,0,0.045128208,0.045128267,0.0,0.0,2490378,4325386,2490378,0,0,0.003453076,0.0034530766,0.0,0.0,1,1,0,0,50,50,0,0,1,1,0,0,50,50,0,0
1402576251,2490378,4259850,2490378,0,0,0.040601436,0.040601484,0.0,0.0,2490378,4325386,2490378,0,0,0.0034105608,0.0034105603,0.0,0.0,1,1,0,0,50,50,0,0,1,1,0,0,50,50,0,0
1402775342,2490378,4259850,2490378,0,0,0.040593233,0.040593255,0.0,0.0,2490378,4325386,2490378,0,0,0.005773911,0.0057739113,0.0,0.0,1,1,0,0,50,50,0,0,1,1,0,0,50,50,0,0
1402974423,2490378,4259850,2490378,0,0,0.06873259,0.06873259,0.0,0.0,2490378,4325386,2490378,0,0,0.0044488916,0.004448892,0.0,0.0,1,1,0,0,50,50,0,0,1,1,0,0,50,50,0,0
1403173509,2490378,4259850,2490378,0,0,0.038488578,0.03848858,0.0,0.0,2490378,4325386,2490378,0,0,0.002531891,0.0025318912,0.0,0.0,1,1,0,0,50,50,0,0,1,1,0,0,50,50,0,0
1403372594,2490378,4259850,2490378,0,0,0.046213392,0.046213362,0.0,0.0,2490378,4325386,2490378,0,0,0.002673472,0.0026734718,0.0,0.0,1,1,0,0,50,50,0,0,1,1,0,0,50,50,0,0
1403571698,2490378,4259850,2490378,0,0,0.022145046,0.02214502,0.0,0.0,2490378,4325386,2490378,0,0,0.003718012,0.003718012,0.0,0.0,1,1,0,0,50,50,0,0,1,1,0,0,50,50,0,0
1403775840,2490378,4259850,2490378,0,0,0.044520702,0.044520695,0.0,0.0,2490378,4325386,2490378,0,0,0.003607803,0.0036078035,0.0,0.0,1,1,0,0,50,50,0,0,1,1,0,0,50,50,0,0
1403974865,2490378,4259850,2490378,0,0,0.06602755,0.06602754,0.0,0.0,2490378,4325386,2490378,0,0,0.004124314,0.004124314,0.0,0.0,1,1,0,0,50,50,0,0,1,1,0,0,50,50,0,0
1404173905,2490378,4259850,2490378,0,0,0.07094851,0.07094854,0.0,0.0,2490378,4325386,2490378,0,0,0.003025857,0.003025857,0.0,0.0,1,1,0,0,50,50,0,0,1,1,0,0,50,50,0,0
1404378000,2490378,4259850,2490378,0,0,0.044752575,0.0447525,0.0,0.0,2490378,4325386,2490378,0,0,0.003072029,0.0030720292,0.0,0.0,1,1,0,0,50,50,0,0,1,1,0,0,50,50,0,0
1404577051,2490378,4259850,2490378,0,0,0.029087221,0.029087262,0.0,0.0,2490378,4325386,2490378,0,0,0.0033129905,0.003312992,0.0,0.0,1,1,0,0,50,50,0,0,1,1,0,0,50,50,0,0
1404776149,2490378,4259850,2490378,0,0,0.03731846,0.037318464,0.0,0.0,2490378,4325386,2490378,0,0,0.003607936,0.0036079364,0.0,0.0,1,1,0,0,50,50,0,0,1,1,0,0,50,50,0,0
1404975221,2490378,4259850,2490378,0,0,0.053810116,0.053810127,0.0,0.0,2490378,4325386,2490378,0,0,0.0033964405,0.003396441,0.0,0.0,1,1,0,0,50,50,0,0,1,1,0,0,50,50,0,0
1405174305,2490378,4259850,2490378,0,0,0.04041916,0.04041925,0.0,0.0,2490378,4325386,2490378,0,0,0.0028830408,0.0028830408,0.0,0.0,1,1,0,0,50,50,0,0,1,1,0,0,50,50,0,0
1405378365,2490378,4259850,2490378,0,0,0.038179085,0.03817909,0.0,0.0,2490378,4325386,2490378,0,0,0.0033614233,0.0033614235,0.0,0.0,1,1,0,0,50,50,0,0,1,1,0,0,50,50,0,0
1405577454,2490378,4259850,2490378,0,0,0.033774834,0.033774845,0.0,0.0,2490378,4325386,2490378,0,0,0.004007244,0.0040072436,0.0,0.0,1,1,0,0,50,50,0,0,1,1,0,0,50,50,0,0
1405776535,2490378,4259850,2490378,0,0,0.032875706,0.032875754,0.0,0.0,2490378,4325386,2490378,0,0,0.0034437852,0.0034437852,0.0,0.0,1,1,0,0,50,50,0,0,1,1,0,0,50,50,0,0
1405975625,2490378,4259850,2490378,0,0,0.045510847,0.045510843,0.0,0.0,2490378,4325386,2490378,0,0,0.0033406916,0.0033406906,0.0,0.0,1,1,0,0,50,50,0,0,1,1,0,0,50,50,0,0
1406174711,2490378,4259850,2490378,0,0,0.051899713,0.051899794,0.0,0.0,2490378,4325386,2490378,0,0,0.00369869,0.0036986903,0.0,0.0,1,1,0,0,50,50,0,0,1,1,0,0,50,50,0,0
1406373820,2490378,4259850,2490378,0,0,0.047775153,0.04777516,0.0,0.0,2490378,4325386,2490378,0,0,0.0050714593,0.0050714603,0.0,0.0,1,1,0,0,50,50,0,0,1,1,0,0,50,50,0,0
1406572934,2490378,4259850,2490378,0,0,0.0464143,0.046414293,0.0,0.0,2490378,4325386,2490378,0,0,0.0045358273,0.0045358245,0.0,0.0,1,1,0,0,50,50,0,0,1,1,0,0,50,50,0,0
1406776935,2490378,4259850,2490378,0,0,0.05649843,0.05649842,0.0,0.0,2490378,4325386,2490378,0,0,0.0037138187,0.003713818,0.0,0.0,1,1,0,0,50,50,0,0,1,1,0,0,50,50,0,0
1406976019,2490378,4259850,2490378,0,0,0.06419261,0.06419263,0.0,0.0,2490378,4325386,2490378,0,0,0.0032267,0.0032266998,0.0,0.0,1,1,0,0,50,50,0,0,1,1,0,0,50,50,0,0
1407175147,2490378,4259850,2490378,0,0,0.065229535,0.06522947,0.0,0.0,2490378,4325386,2490378,0,0,0.0033523114,0.0033523124,0.0,0.0,1,1,0,0,50,50,0,0,1,1,0,0,50,50,0,0
1407374192,2490378,4259850,2490378,0,0,0.054087117,0.054087058,0.0,0.0,2490378,4325386,2490378,0,0,0.006032376,0.0060323766,0.0,0.0,1,1,0,0,50,50,0,0,1,1,0,0,50,50,0,0
1407573274,2490378,4259850,2490378,0,0,0.068833336,0.06883334,0.0,0.0,2490378,4325386,2490378,0,0,0.0045030294,0.004503031,0.0,0.0,1,1,0,0,50,50,0,0,1,1,0,0,50,50,0,0
1407772358,2490378,4259850,2490378,0,0,0.0605161,0.06051611,0.0,0.0,2490378,4325386,2490378,0,0,0.0031576222,0.0031576212,0.0,0.0,1,1,0,0,50,50,0,0,1,1,0,0,50,50,0,0
1407971446,2490378,4259850,2490378,0,0,0.052815802,0.052815843,0.0,0.0,2490378,4325386,2490378,0,0,0.0026779107,0.0026779098,0.0,0.0,1,1,0,0,50,50,0,0,1,1,0,0,50,50,0,0
1408175511,2490378,4259850,2490378,0,0,0.054339178,0.05433909,0.0,0.0,2490378,4325386,2490378,0,0,0.0035255444,0.003525545,0.0,0.0,1,1,0,0,50,50,0,0,1,1,0,0,50,50,0,0
1408374593,2490378,4259850,2490378,0,0,0.06544309,0.065443076,0.0,0.0,2490378,4325386,2490378,0,0,0.005091568,0.005091568,0.0,0.0,1,1,0,0,50,50,0,0,1,1,0,0,50,50,0,0
1408573686,2490378,4259850,2490378,0,0,0.066064164,0.06606417,0.0,0.0,2490378,4325386,2490378,0,0,0.0045444844,0.004544485,0.0,0.0,1,1,0,0,50,50,0,0,1,1,0,0,50,50,0,0
1408772765,2490378,4259850,2490378,0,0,0.046055395,0.0460554,0.0,0.0,2490378,4325386,2490378,0,0,0.0028124906,0.0028124906,0.0,0.0,1,1,0,0,50,50,0,0,1,1,0,0,50,50,0,0
1408976855,2490378,4259850,2490378,0,0,0.05255567,0.05255576,0.0,0.0,2490378,4325386,2490378,0,0,0.0023277618,0.00232776,0.0,0.0,1,1,0,0,50,50,0,0,1,1,0,0,50,50,0,0
1409175908,2490378,4259850,2490378,0,0,0.093095705,0.09309566,0.0,0.0,2490378,4325386,2490378,0,0,0.0037514989,0.0037514984,0.0,0.0,1,1,0,0,50,50,0,0,1,1,0,0,50,50,0,0
1409375052,2490378,4259850,2490378,0,0,0.09627005,0.09627,0.0,0.0,2490378,4325386,2490378,0,0,0.0045480514,0.004548051,0.0,0.0,1,1,0,0,50,50,0,0,1,1,0,0,50,50,0,0
1409579054,2490378,4259850,2490378,0,0,0.07227077,0.07227076,0.0,0.0,2490378,4325386,2490378,0,0,0.0030525413,0.0030525408,0.0,0.0,1,1,0,0,50,50,0,0,1,1,0,0,50,50,0,0
1409778167,2490378,4259850,2490378,0,0,0.0846157,0.084615685,0.0,0.0,2490378,4325386,2490378,0,0,0.0015526722,0.0015526753,0.0,0.0,1,1,0,0,50,50,0,0,1,1,0,0,50,50,0,0
1409977252,2490378,4259850,2490378,0,0,0.10531251,0.105312504,0.0,0.0,2490378,4325386,2490378,0,0,0.003782038,0.0037820388,0.0,0.0,1,1,0,0,50,50,0,0,1,1,0,0,50,50,0,0
1410176314,2490378,4259850,2490378,0,0,0.08963686,0.08963686,0.0,0.0,2490378,4325386,2490378,0,0,0.0046468936,0.0046468936,0.0,0.0,1,1,0,0,50,50,0,0,1,1,0,0,50,50,0,0
1410375392,2490378,4259850,2490378,0,0,0.07040826,0.07040826,0.0,0.0,2490378,4325386,2490378,0,0,0.0032471318,0.0032471318,0.0,0.0,1,1,0,0,50,50,0,0,1,1,0,0,50,50,0,0
1410574477,2490378,4259850,2490378,0,0,0.090680815,0.090680875,0.0,0.0,2490378,4325386,2490378,0,0,0.0021813256,0.002181326,0.0,0.0,1,1,0,0,50,50,0,0,1,1,0,0,50,50,0,0
1410773571,2490378,4259850,2490378,0,0,0.058571264,0.058571264,0.0,0.0,2490378,4325386,2490378,0,0,0.005234428,0.0052344287,0.0,0.0,1,1,0,0,50,50,0,0,1,1,0,0,50,50,0,0
1410977627,2490378,4259850,2490378,0,0,0.08435373,0.084353715,0.0,0.0,2490378,4325386,2490378,0,0,0.0041679326,0.0041679335,0.0,0.0,1,1,0,0,50,50,0,0,1,1,0,0,50,50,0,0
1411176712,2490378,4259850,2490378,0,0,0.101080865,0.10108085,0.0,0.0,2490378,4325386,2490378,0,0,0.0031983922,0.0031983927,0.0,0.0,1,1,0,0,50,50,0,0,1,1,0,0,50,50,0,0
1411375789,2490378,4259850,2490378,0,0,0.08787302,0.08787297,0.0,0.0,2490378,4325386,2490378,0,0,0.0032934535,0.003293453,0.0,0.0,1,1,0,0,50,50,0,0,1,1,0,0,50,50,0,0
1411574879,2490378,4259850,2490378,0,0,0.08469162,0.08469162,0.0,0.0,2490378,4325386,2490378,0,0,0.0031312273,0.0031312278,0.0,0.0,1,1,0,0,50,50,0,0,1,1,0,0,50,50,0,0
1411773965,2490378,4259850,2490378,0,0,0.09747776,0.0974778,0.0,0.0,2490378,4325386,2490378,0,0,0.003882442,0.0038824414,0.0,0.0,1,1,0,0,50,50,0,0,1,1,0,0,50,50,0,0
1411973047,2490378,4259850,2490378,0,0,0.09104008,0.09104008,0.0,0.0,2490378,4325386,2490378,0,0,0.0042991275,0.004299128,0.0,0.0,1,1,0,0,50,50,0,0,1,1,0,0,50,50,0,0
1412172188,2490378,4259850,2490378,0,0,0.068462,0.06846198,0.0,0.0,2490378,4325386,2490378,0,0,0.003685667,0.0036856662,0.0,0.0,1,1,0,0,50,50,0,0,1,1,0,0,50,50,0,0
1412376223,2490378,4259850,2490378,0,0,0.09467306,0.094673075,0.0,0.0,2490378,4325386,2490378,0,0,0.0036164676,0.0036164674,0.0,0.0,1,1,0,0,50,50,0,0,1,1,0,0,50,50,0,0
1412575280,2490378,4259850,2490378,0,0,0.099199995,0.09920001,0.0,0.0,2490378,4325386,2490378,0,0,0.003638575,0.003638575,0.0,0.0,1,1,0,0,50,50,0,0,1,1,0,0,50,50,0,0
1412774408,2490378,4259850,2490378,0,0,0.09156655,0.09156656,0.0,0.0,2490378,4325386,2490378,0,0,0.0035736328,0.0035736328,0.0,0.0,1,1,0,0,50,50,0,0,1,1,0,0,50,50,0,0
1412973456,2490378,4259850,2490378,0,0,0.07982682,0.07982682,0.0,0.0,2490378,4325386,2490378,0,0,0.0024628947,0.002462895,0.0,0.0,1,1,0,0,50,50,0,0,1,1,0,0,50,50,0,0
1413172534,2490378,4259850,2490378,0,0,0.09310485,0.09310486,0.0,0.0,2490378,4325386,2490378,0,0,0.0040599583,0.0040599583,0.0,0.0,1,1,0,0,50,50,0,0,1,1,0,0,50,50,0,0
1413371708,2490378,4259850,2490378,0,0,0.1262913,0.1262913,0.0,0.0,2490378,4325386,2490378,0,0,0.004437152,0.0044371537,0.0,0.0,1,1,0,0,50,50,0,0,1,1,0,0,50,50,0,0
1413575685,2490378,4259850,2490378,0,0,0.107505634,0.107505664,0.0,0.0,2490378,4325386,2490378,0,0,0.0038398935,0.0038398942,0.0,0.0,1,1,0,0,50,50,0,0,1,1,0,0,50,50,0,0
1413774790,2490378,4259850,2490378,0,0,0.114317164,0.114317164,0.0,0.0,2490378,4325386,2490378,0,0,0.0032935578,0.003293558,0.0,0.0,1,1,0,0,50,50,0,0,1,1,0,0,50,50,0,0
1413973854,2490378,4259850,2490378,0,0,0.11356157,0.11356165,0.0,0.0,2490378,4325386,2490378,0,0,0.005859355,0.005859357,0.0,0.0,1,1,0,0,50,50,0,0,1,1,0,0,50,50,0,0
1414177916,2490378,4259850,2490378,0,0,0.1297433,0.12974331,0.0,0.0,2490378,4325386,2490378,0,0,0.0058260392,0.0058260364,0.0,0.0,1,1,0,0,50,50,0,0,1,1,0,0,50,50,0,0
1414377078,2490378,4259850,2490378,0,0,0.12836121,0.1283612,0.0,0.0,2490378,4325386,2490378,0,0,0.004112353,0.0041123494,0.0,0.0,1,1,0,0,50,50,0,0,1,1,0,0,50,50,0,0
1414576087,2490378,4259850,2490378,0,0,0.047689985,0.047690004,0.0,0.0,2490378,4325386,2490378,0,0,0.0031667438,0.0031667422,0.0,0.0,1,1,0,0,50,50,0,0,1,1,0,0,50,50,0,0
1414775205,2490378,4259850,2490378,0,0,0.042355772,0.04235573,0.0,0.0,2490378,4325386,2490378,0,0,0.0031326835,0.003132683,0.0,0.0,1,1,0,0,50,50,0,0,1,1,0,0,50,50,0,0
1414974314,2490378,4259850,2490378,0,0,0.037220027,0.03721997,0.0,0.0,2490378,4325386,2490378,0,0,0.0032287836,0.003228785,0.0,0.0,1,1,0,0,50,50,0,0,1,1,0,0,50,50,0,0
1415178372,2490378,4259850,2490378,0,0,0.031551585,0.031551592,0.0,0.0,2490378,4325386,2490378,0,0,0.0058778375,0.0058778375,0.0,0.0,1,1,0,0,50,50,0,0,1,1,0,0,50,50,0,0
1415377400,2490378,4259850,2490378,0,0,0.03261513,0.032615118,0.0,0.0,2490378,4325386,2490378,0,0,0.0037777044,0.0037777065,0.0,0.0,1,1,0,0,50,50,0,0,1,1,0,0,50,50,0,0
1415576518,2490378,4259850,2490378,0,0,0.040071845,0.04007189,0.0,0.0,2490378,4325386,2490378,0,0,0.0017086874,0.0017086873,0.0,0.0,1,1,0,0,50,50,0,0,1,1,0,0,50,50,0,0
1415775571,2490378,4259850,2490378,0,0,0.0446154,0.04461546,0.0,0.0,2490378,4325386,2490378,0,0,0.0028473907,0.0028473907,0.0,0.0,1,1,0,0,50,50,0,0,1,1,0,0,50,50,0,0
1415974659,2490378,4259850,2490378,0,0,0.03810561,0.038105562,0.0,0.0,2490378,4325386,2490378,0,0,0.003676682,0.0036766836,0.0,0.0,1,1,0,0,50,50,0,0,1,1,0,0,50,50,0,0
1416173746,2490378,4259850,2490378,0,0,0.03300226,0.033002265,0.0,0.0,2490378,4325386,2490378,0,0,0.00508925,0.0050892495,0.0,0.0,1,1,0,0,50,50,0,0,1,1,0,0,50,50,0,0
1416372830,2490378,4259850,2490378,0,0,0.076072894,0.07607289,0.0,0.0,2490378,4325386,2490378,0,0,0.004304021,0.0043040193,0.0,0.0,1,1,0,0,50,50,0,0,1,1,0,0,50,50,0,0
1416576889,2490378,4259850,2490378,0,0,0.034554437,0.03455444,0.0,0.0,2490378,4325386,2490378,0,0,0.0033780765,0.0033780762,0.0,0.0,1,1,0,0,50,50,0,0,1,1,0,0,50,50,0,0
1416775975,2490378,4259850,2490378,0,0,0.04203569,0.04203572,0.0,0.0,2490378,4325386,2490378,0,0,0.0023044555,0.002304456,0.0,0.0,1,1,0,0,50,50,0,0,1,1,0,0,50,50,0,0
1416975064,2490378,4259850,2490378,0,0,0.04451685,0.044516873,0.0,0.0,2490378,4325386,2490378,0,0,0.0031508636,0.003150862,0.0,0.0,1,1,0,0,50,50,0,0,1,1,0,0,50,50,0,0
1417174166,2490378,4259850,2490378,0,0,0.051994935,0.051994883,0.0,0.0,2490378,4325386,2490378,0,0,0.0034908932,0.0034908901,0.0,0.0,1,1,0,0,50,50,0,0,1,1,0,0,50,50,0,0
1417373243,2490378,4259850,2490378,0,0,0.052572653,0.05257264,0.0,0.0,2490378,4325386,2490378,0,0,0.0059030773,0.005903078,0.0,0.0,1,1,0,0,50,50,0,0,1,1,0,0,50,50,0,0
1417572324,2490378,4259850,2490378,0,0,0.034830116,0.034830112,0.0,0.0,2490378,4325386,2490378,0,0,0.003980164,0.003980161,0.0,0.0,1,1,0,0,50,50,0,0,1,1,0,0,50,50,0,0
1417771453,2490378,4259850,2490378,0,0,0.043362413,0.043362405,0.0,0.0,2490378,4325386,2490378,0,0,0.0020263165,0.0020263158,0.0,0.0,1,1,0,0,50,50,0,0,1,1,0,0,50,50,0,0
1417975500,2490378,4259850,2490378,0,0,0.049106136,0.049106088,0.0,0.0,2490378,4325386,2490378,0,0,0.0031471201,0.00314712,0.0,0.0,1,1,0,0,50,50,0,0,1,1,0,0,50,50,0,0
1418174547,2490378,4259850,2490378,0,0,0.041723263,0.041723233,0.0,0.0,2490378,4325386,2490378,0,0,0.0028906877,0.0028906881,0.0,0.0,1,1,0,0,50,50,0,0,1,1,0,0,50,50,0,0
1418373670,2490378,4259850,2490378,0,0,0.042710632,0.042710613,0.0,0.0,2490378,4325386,2490378,0,0,0.0038683645,0.0038683643,0.0,0.0,1,1,0,0,50,50,0,0,1,1,0,0,50,50,0,0
1418572721,2490378,4259850,2490378,0,0,0.117968164,0.11796816,0.0,0.0,2490378,4325386,2490378,0,0,0.0052783736,0.005278374,0.0,0.0,1,1,0,0,50,50,0,0,1,1,0,0,50,50,0,0
1418776784,2490378,4259850,2490378,0,0,0.04290758,0.04290757,0.0,0.0,2490378,4325386,2490378,0,0,0.0047372817,0.004737284,0.0,0.0,1,1,0,0,50,50,0,0,1,1,0,0,50,50,0,0
1418975866,2490378,4259850,2490378,0,0,0.029255806,0.029255772,0.0,0.0,2490378,4325386,2490378,0,0,0.002824254,0.0028242548,0.0,0.0,1,1,0,0,50,50,0,0,1,1,0,0,50,50,0,0
1419174956,2490378,4259850,2490378,0,0,0.034092743,0.034092747,0.0,0.0,2490378,4325386,2490378,0,0,0.0028037494,0.002803746,0.0,0.0,1,1,0,0,50,50,0,0,1,1,0,0,50,50,0,0
1419379020,2490378,4259850,2490378,0,0,0.046464425,0.04646448,0.0,0.0,2490378,4325386,2490378,0,0,0.0033012617,0.0033012622,0.0,0.0,1,1,0,0,50,50,0,0,1,1,0,0,50,50,0,0
1419578101,2490378,4259850,2490378,0,0,0.07007739,0.07007744,0.0,0.0,2490378,4325386,2490378,0,0,0.0044760765,0.0044760737,0.0,0.0,1,1,0,0,50,50,0,0,1,1,0,0,50,50,0,0
1419777184,2490378,4259850,2490378,0,0,0.021530606,0.021530626,0.0,0.0,2490378,4325386,2490378,0,0,0.0058756145,0.0058756126,0.0,0.0,1,1,0,0,50,50,0,0,1,1,0,0,50,50,0,0
1419976267,2490378,4259850,2490378,0,0,0.035638396,0.035638392,0.0,0.0,2490378,4325386,2490378,0,0,0.0049447715,0.00494477,0.0,0.0,1,1,0,0,50,50,0,0,1,1,0,0,50,50,0,0
1420175387,2490378,4259850,2490378,0,0,0.034558464,0.03455847,0.0,0.0,2490378,4325386,2490378,0,0,0.0038476575,0.0038476568,0.0,0.0,1,1,0,0,50,50,0,0,1,1,0,0,50,50,0,0
1420374450,2490378,4259850,2490378,0,0,0.044191465,0.04419146,0.0,0.0,2490378,4325386,2490378,0,0,0.0031750477,0.0031750489,0.0,0.0,1,1,0,0,50,50,0,0,1,1,0,0,50,50,0,0
1420573607,2490378,4259850,2490378,0,0,0.04547745,0.045477416,0.0,0.0,2490378,4325386,2490378,0,0,0.0030291814,0.0030291828,0.0,0.0,1,1,0,0,50,50,0,0,1,1,0,0,50,50,0,0
1420777587,2490378,4259850,2490378,0,0,0.047051568,0.04705153,0.0,0.0,2490378,4325386,2490378,0,0,0.0040545575,0.004054559,0.0,0.0,1,1,0,0,50,50,0,0,1,1,0,0,50,50,0,0
1420976677,2490378,4259850,2490378,0,0,0.028742855,0.028742814,0.0,0.0,2490378,4325386,2490378,0,0,0.0052096937,0.0052096946,0.0,0.0,1,1,0,0,50,50,0,0,1,1,0,0,50,50,0,0
1421175787,2490378,4259850,2490378,0,0,0.034429494,0.03442949,0.0,0.0,2490378,4325386,2490378,0,0,0.005109522,0.005109522,0.0,0.0,1,1,0,0,50,50,0,0,1,1,0,0,50,50,0,0
1421374845,2490378,4259850,2490378,0,0,0.03765723,0.0376573,0.0,0.0,2490378,4325386,2490378,0,0,0.004033547,0.0040335488,0.0,0.0,1,1,0,0,50,50,0,0,1,1,0,0,50,50,0,0
1421573931,2490378,4259850,2490378,0,0,0.04112624,0.04112622,0.0,0.0,2490378,4325386,2490378,0,0,0.0030298838,0.0030298836,0.0,0.0,1,1,0,0,50,50,0,0,1,1,0,0,50,50,0,0
1421773018,2490378,4259850,2490378,0,0,0.062151715,0.062151704,0.0,0.0,2490378,4325386,2490378,0,0,0.0035136102,0.0035136112,0.0,0.0,1,1,0,0,50,50,0,0,1,1,0,0,50,50,0,0
1421972099,2490378,4259850,2490378,0,0,0.03758546,0.03758548,0.0,0.0,2490378,4325386,2490378,0,0,0.0033312112,0.0033312135,0.0,0.0,1,1,0,0,50,50,0,0,1,1,0,0,50,50,0,0
1422176162,2490378,4259850,2490378,0,0,0.035180416,0.035180382,0.0,0.0,2490378,4325386,2490378,0,0,0.004434282,0.0044342834,0.0,0.0,1,1,0,0,50,50,0,0,1,1,0,0,50,50,0,0
1422375251,2490378,4259850,2490378,0,0,0.032763954,0.032763924,0.0,0.0,2490378,4325386,2490378,0,0,0.005008595,0.005008595,0.0,0.0,1,1,0,0,50,50,0,0,1,1,0,0,50,50,0,0
1422574368,2490378,4259850,2490378,0,0,0.031485792,0.0314858,0.0,0.0,2490378,4325386,2490378,0,0,0.0041416287,0.0041416283,0.0,0.0,1,1,0,0,50,50,0,0,1,1,0,0,50,50,0,0
1422773435,2490378,4259850,2490378,0,0,0.108723804,0.10872383,0.0,0.0,2490378,4325386,2490378,0,0,0.003618914,0.003618914,0.0,0.0,1,1,0,0,50,50,0,0,1,1,0,0,50,50,0,0
1422972503,2490378,4259850,2490378,0,0,0.055120703,0.055120807,0.0,0.0,2490378,4325386,2490378,0,0,0.00230393,0.0023039328,0.0,0.0,1,1,0,0,50,50,0,0,1,1,0,0,50,50,0,0
1423171603,2490378,4259850,2490378,0,0,0.05136858,0.051368684,0.0,0.0,2490378,4325386,2490378,0,0,0.0026381626,0.00263816,0.0,0.0,1,1,0,0,50,50,0,0,1,1,0,0,50,50,0,0
1423375682,2490378,4259850,2490378,0,0,0.0332096,0.033209644,0.0,0.0,2490378,4325386,2490378,0,0,0.004447802,0.004447803,0.0,0.0,1,1,0,0,50,50,0,0,1,1,0,0,50,50,0,0
1423574738,2490378,4259850,2490378,0,0,0.10095189,0.10095188,0.0,0.0,2490378,4325386,2490378,0,0,0.004539806,0.0045398064,0.0,0.0,1,1,0,0,50,50,0,0,1,1,0,0,50,50,0,0
1423773844,2490378,4259850,2490378,0,0,0.10014929,0.10014926,0.0,0.0,2490378,4325386,2490378,0,0,0.0042145588,0.004214558,0.0,0.0,1,1,0,0,50,50,0,0,1,1,0,0,50,50,0,0
1423977949,2490378,4259850,2490378,0,0,0.037962243,0.037962355,0.0,0.0,2490378,4325386,2490378,0,0,0.0035519262,0.0035519262,0.0,0.0,1,1,0,0,50,50,0,0,1,1,0,0,50,50,0,0
1424176969,2490378,4259850,2490378,0,0,0.045491178,0.045491163,0.0,0.0,2490378,4325386,2490378,0,0,0.001715744,0.0017157446,0.0,0.0,1,1,0,0,50,50,0,0,1,1,0,0,50,50,0,0
1424376077,2490378,4259850,2490378,0,0,0.04389639,0.043896403,0.0,0.0,2490378,4325386,2490378,0,0,0.0031378164,0.0031378162,0.0,0.0,1,1,0,0,50,50,0,0,1,1,0,0,50,50,0,0
1424575146,2490378,4259850,2490378,0,0,0.065041214,0.065041184,0.0,0.0,2490378,4325386,2490378,0,0,0.0034436989,0.0034436996,0.0,0.0,1,1,0,0,50,50,0,0,1,1,0,0,50,50,0,0
1424774256,2490378,4259850,2490378,0,0,0.035672087,0.035672117,0.0,0.0,2490378,4325386,2490378,0,0,0.004221322,0.004221323,0.0,0.0,1,1,0,0,50,50,0,0,1,1,0,0,50,50,0,0
1424978307,2490378,4259850,2490378,0,0,0.036210872,0.03621088,0.0,0.0,2490378,4325386,2490378,0,0,0.0036931757,0.0036931743,0.0,0.0,1,1,0,0,50,50,0,0,1,1,0,0,50,50,0,0
1425177383,2490378,4259850,2490378,0,0,0.040503547,0.040503573,0.0,0.0,2490378,4325386,2490378,0,0,0.003374,0.0033739991,0.0,0.0,1,1,0,0,50,50,0,0,1,1,0,0,50,50,0,0
1425376460,2490378,4259850,2490378,0,0,0.04570595,0.045705885,0.0,0.0,2490378,4325386,2490378,0,0,0.0030333577,0.0030333577,0.0,0.0,1,1,0,0,50,50,0,0,1,1,0,0,50,50,0,0
1425575547,2490378,4259850,2490378,0,0,0.04268449,0.04268451,0.0,0.0,2490378,4325386,2490378,0,0,0.002631506,0.0026315048,0.0,0.0,1,1,0,0,50,50,0,0,1,1,0,0,50,50,0,0
1425774637,2490378,4259850,2490378,0,0,0.037828013,0.03782798,0.0,0.0,2490378,4325386,2490378,0,0,0.0041592335,0.0041592326,0.0,0.0,1,1,0,0,50,50,0,0,1,1,0,0,50,50,0,0
1425973723,2490378,4259850,2490378,0,0,0.03254638,0.032546442,0.0,0.0,2490378,4325386,2490378,0,0,0.003892317,0.003892317,0.0,0.0,1,1,0,0,50,50,0,0,1,1,0,0,50,50,0,0
1426172875,2490378,4259850,2490378,0,0,0.036130015,0.03612999,0.0,0.0,2490378,4325386,2490378,0,0,0.0034821602,0.00348216,0.0,0.0,1,1,0,0,50,50,0,0,1,1,0,0,50,50,0,0
1426376899,2490378,4259850,2490378,0,0,0.043556526,0.04355652,0.0,0.0,2490378,4325386,2490378,0,0,0.0034426055,0.0034426067,0.0,0.0,1,1,0,0,50,50,0,0,1,1,0,0,50,50,0,0
1426575971,2490378,4259850,2490378,0,0,0.043253966,0.04325393,0.0,0.0,2490378,4325386,2490378,0,0,0.0027163064,0.0027163054,0.0,0.0,1,1,0,0,50,50,0,0,1,1,0,0,50,50,0,0
1426775050,2490378,4259850,2490378,0,0,0.039723746,0.03972377,0.0,0.0,2490378,4325386,2490378,0,0,0.0030746022,0.0030746022,0.0,0.0,1,1,0,0,50,50,0,0,1,1,0,0,50,50,0,0
1426974155,2490378,4259850,2490378,0,0,0.05733278,0.0573328,0.0,0.0,2490378,4325386,2490378,0,0,0.0035423448,0.0035423476,0.0,0.0,1,1,0,0,50,50,0,0,1,1,0,0,50,50,0,0
1427173207,2490378,4259850,2490378,0,0,0.03575501,0.03575504,0.0,0.0,2490378,4325386,2490378,0,0,0.004379323,0.0043793237,0.0,0.0,1,1,0,0,50,50,0,0,1,1,0,0,50,50,0,0
1427372296,2490378,4259850,2490378,0,0,0.033885732,0.033885706,0.0,0.0,2490378,4325386,2490378,0,0,0.003811294,0.003811293,0.0,0.0,1,1,0,0,50,50,0,0,1,1,0,0,50,50,0,0
1427571379,2490378,4259850,2490378,0,0,0.032997746,0.032997724,0.0,0.0,2490378,4325386,2490378,0,0,0.0016987735,0.0016987734,0.0,0.0,1,1,0,0,50,50,0,0,1,1,0,0,50,50,0,0
1427775441,2490378,4259850,2490378,0,0,0.098254256,0.098254226,0.0,0.0,2490378,4325386,2490378,0,0,0.0031117953,0.0031117962,0.0,0.0,1,1,0,0,50,50,0,0,1,1,0,0,50,50,0,0
1427974527,2490378,4259850,2490378,0,0,0.047214292,0.047214232,0.0,0.0,2490378,4325386,2490378,0,0,0.0037815971,0.0037815967,0.0,0.0,1,1,0,0,50,50,0,0,1,1,0,0,50,50,0,0
1428173615,2490378,4259850,2490378,0,0,0.03955903,0.039559036,0.0,0.0,2490378,4325386,2490378,0,0,0.004219827,0.0042198263,0.0,0.0,1,1,0,0,50,50,0,0,1,1,0,0,50,50,0,0
1428377732,2490378,4259850,2490378,0,0,0.047094855,0.047094878,0.0,0.0,2490378,4325386,2490378,0,0,0.0034041195,0.003404119,0.0,0.0,1,1,0,0,50,50,0,0,1,1,0,0,50,50,0,0
1428576763,2490378,4259850,2490378,0,0,0.10484718,0.10484719,0.0,0.0,2490378,4325386,2490378,0,0,0.004152455,0.004152454,0.0,0.0,1,1,0,0,50,50,0,0,1,1,0,0,50,50,0,0
1428775883,2490378,4259850,2490378,0,0,0.035319235,0.035319235,0.0,0.0,2490378,4325386,2490378,0,0,0.0039844024,0.0039844024,0.0,0.0,1,1,0,0,50,50,0,0,1,1,0,0,50,50,0,0
1428974966,2490378,4259850,2490378,0,0,0.03960927,0.039609287,0.0,0.0,2490378,4325386,2490378,0,0,0.0031527027,0.0031527025,0.0,0.0,1,1,0,0,50,50,0,0,1,1,0,0,50,50,0,0
1429179002,2490378,4259850,2490378,0,0,0.044268347,0.044268418,0.0,0.0,2490378,4325386,2490378,0,0,0.0026560589,0.0026560605,0.0,0.0,1,1,0,0,50,50,0,0,1,1,0,0,50,50,0,0
1429378094,2490378,4259850,2490378,0,0,0.033078864,0.033078853,0.0,0.0,2490378,4325386,2490378,0,0,0.0040421966,0.004042197,0.0,0.0,1,1,0,0,50,50,0,0,1,1,0,0,50,50,0,0
1429577219,2490378,4259850,2490378,0,0,0.05319573,0.053195734,0.0,0.0,2490378,4325386,2490378,0,0,0.0043062074,0.0043062093,0.0,0.0,1,1,0,0,50,50,0,0,1,1,0,0,50,50,0,0
1429776253,2490378,4259850,2490378,0,0,0.031096216,0.031096218,0.0,0.0,2490378,4325386,2490378,0,0,0.0029899336,0.0029899315,0.0,0.0,1,1,0,0,50,50,0,0,1,1,0,0,50,50,0,0
1429975340,2490378,4259850,2490378,0,0,0.0435816,0.04358161,0.0,0.0,2490378,4325386,2490378,0,0,0.0019737298,0.0019737298,0.0,0.0,1,1,0,0,50,50,0,0,1,1,0,0,50,50,0,0
1430174425,2490378,4259850,2490378,0,0,0.045006264,0.045006268,0.0,0.0,2490378,4325386,2490378,0,0,0.0032056773,0.0032056777,0.0,0.0,1,1,0,0,50,50,0,0,1,1,0,0,50,50,0,0
1430373518,2490378,4259850,2490378,0,0,0.035455476,0.03545538,0.0,0.0,2490378,4325386,2490378,0,0,0.004414881,0.004414883,0.0,0.0,1,1,0,0,50,50,0,0,1,1,0,0,50,50,0,0
1430577578,2490378,4259850,2490378,0,0,0.03213096,0.032131057,0.0,0.0,2490378,4325386,2490378,0,0,0.004202307,0.0042023086,0.0,0.0,1,1,0,0,50,50,0,0,1,1,0,0,50,50,0,0
1430776664,2490378,4259850,2490378,0,0,0.048770364,0.048770417,0.0,0.0,2490378,4325386,2490378,0,0,0.003554928,0.0035549295,0.0,0.0,1,1,0,0,50,50,0,0,1,1,0,0,50,50,0,0
1430975747,2490378,4259850,2490378,0,0,0.03800169,0.038001683,0.0,0.0,2490378,4325386,2490378,0,0,0.001882493,0.001882494,0.0,0.0,1,1,0,0,50,50,0,0,1,1,0,0,50,50,0,0
1431174842,2490378,4259850,2490378,0,0,0.046114862,0.04611478,0.0,0.0,2490378,4325386,2490378,0,0,0.0027693696,0.002769371,0.0,0.0,1,1,0,0,50,50,0,0,1,1,0,0,50,50,0,0
1431373947,2490378,4259850,2490378,0,0,0.044360306,0.044360224,0.0,0.0,2490378,4325386,2490378,0,0,0.0034786775,0.0034786775,0.0,0.0,1,1,0,0,50,50,0,0,1,1,0,0,50,50,0,0
1431573075,2490378,4259850,2490378,0,0,0.02873599,0.028735982,0.0,0.0,2490378,4325386,2490378,0,0,0.0037736758,0.0037736772,0.0,0.0,1,1,0,0,50,50,0,0,1,1,0,0,50,50,0,0
1431772150,2490378,4259850,2490378,0,0,0.053514786,0.0535148,0.0,0.0,2490378,4325386,2490378,0,0,0.0040115435,0.0040115416,0.0,0.0,1,1,0,0,50,50,0,0,1,1,0,0,50,50,0,0
1431976152,2490378,4259850,2490378,0,0,0.06903793,0.06903795,0.0,0.0,2490378,4325386,2490378,0,0,0.0035584632,0.0035584632,0.0,0.0,1,1,0,0,50,50,0,0,1,1,0,0,50,50,0,0
1432175240,2490378,4259850,2490378,0,0,0.041797195,0.04179718,0.0,0.0,2490378,4325386,2490378,0,0,0.0033257855,0.003325784,0.0,0.0,1,1,0,0,50,50,0,0,1,1,0,0,50,50,0,0
1432374354,2490378,4259850,2490378,0,0,0.0427391,0.0427391,0.0,0.0,2490378,4325386,2490378,0,0,0.0032265096,0.0032265089,0.0,0.0,1,1,0,0,50,50,0,0,1,1,0,0,50,50,0,0
1432573409,2490378,4259850,2490378,0,0,0.045955148,0.04595508,0.0,0.0,2490378,4325386,2490378,0,0,0.0026570836,0.002657084,0.0,0.0,1,1,0,0,50,50,0,0,1,1,0,0,50,50,0,0
1432772498,2490378,4259850,2490378,0,0,0.032031156,0.03203111,0.0,0.0,2490378,4325386,2490378,0,0,0.0037488132,0.0037488143,0.0,0.0,1,1,0,0,50,50,0,0,1,1,0,0,50,50,0,0
1432976671,2490378,4259850,2490378,0,0,0.03402469,0.034024652,0.0,0.0,2490378,4325386,2490378,0,0,0.0052872156,0.005287217,0.0,0.0,1,1,0,0,50,50,0,0,1,1,0,0,50,50,0,0
1433175652,2490378,4259850,2490378,0,0,0.03397693,0.03397693,0.0,0.0,2490378,4325386,2490378,0,0,0.0039114384,0.0039114426,0.0,0.0,1,1,0,0,50,50,0,0,1,1,0,0,50,50,0,0
1433374736,2490378,4259850,2490378,0,0,0.04261535,0.04261537,0.0,0.0,2490378,4325386,2490378,0,0,0.002095183,0.0020951827,0.0,0.0,1,1,0,0,50,50,0,0,1,1,0,0,50,50,0,0
1433573846,2490378,4259850,2490378,0,0,0.050131205,0.05013116,0.0,0.0,2490378,4325386,2490378,0,0,0.002723721,0.0027237225,0.0,0.0,1,1,0,0,50,50,0,0,1,1,0,0,50,50,0,0
1433777884,2490378,4259850,2490378,0,0,0.04648606,0.046486035,0.0,0.0,2490378,4325386,2490378,0,0,0.0030541716,0.0030541637,0.0,0.0,1,1,0,0,50,50,0,0,1,1,0,0,50,50,0,0
1433977064,2490378,4259850,2490378,0,0,0.03124479,0.0312449,0.0,0.0,2490378,4325386,2490378,0,0,0.003918259,0.0039182575,0.0,0.0,1,1,0,0,50,50,0,0,1,1,0,0,50,50,0,0
1434176053,2490378,4259850,2490378,0,0,0.02924418,0.029244114,0.0,0.0,2490378,4325386,2490378,0,0,0.0049655596,0.00496556,0.0,0.0,1,1,0,0,50,50,0,0,1,1,0,0,50,50,0,0
1434375141,2490378,4259850,2490378,0,0,0.03241844,0.03241844,0.0,0.0,2490378,4325386,2490378,0,0,0.0029963162,0.002996317,0.0,0.0,1,1,0,0,50,50,0,0,1,1,0,0,50,50,0,0
1434574258,2490378,4259850,2490378,0,0,0.041452866,0.04145286,0.0,0.0,2490378,4325386,2490378,0,0,0.0029582283,0.0029582283,0.0,0.0,1,1,0,0,50,50,0,0,1,1,0,0,50,50,0,0
1434778291,2490378,4259850,2490378,0,0,0.045873873,0.04587382,0.0,0.0,2490378,4325386,2490378,0,0,0.002914079,0.0029140792,0.0,0.0,1,1,0,0,50,50,0,0,1,1,0,0,50,50,0,0
1434977379,2490378,4259850,2490378,0,0,0.041593283,0.04159331,0.0,0.0,2490378,4325386,2490378,0,0,0.0036003194,0.0036003187,0.0,0.0,1,1,0,0,50,50,0,0,1,1,0,0,50,50,0,0
1435176492,2490378,4259850,2490378,0,0,0.04917804,0.049178053,0.0,0.0,2490378,4325386,2490378,0,0,0.00499669,0.0049966895,0.0,0.0,1,1,0,0,50,50,0,0,1,1,0,0,50,50,0,0
1435375548,2490378,4259850,2490378,0,0,0.032381527,0.03238152,0.0,0.0,2490378,4325386,2490378,0,0,0.0067941416,0.0067941416,0.0,0.0,1,1,0,0,50,50,0,0,1,1,0,0,50,50,0,0
1435574636,2490378,4259850,2490378,0,0,0.033332925,0.033332977,0.0,0.0,2490378,4325386,2490378,0,0,0.0048944056,0.0048944065,0.0,0.0,1,1,0,0,50,50,0,0,1,1,0,0,50,50,0,0
1435773747,2490378,4259850,2490378,0,0,0.041281644,0.04128166,0.0,0.0,2490378,4325386,2490378,0,0,0.00249904,0.0024990395,0.0,0.0,1,1,0,0,50,50,0,0,1,1,0,0,50,50,0,0
1435972819,2490378,4259850,2490378,0,0,0.048213612,0.04821363,0.0,0.0,2490378,4325386,2490378,0,0,0.0026104862,0.0026104865,0.0,0.0,1,1,0,0,50,50,0,0,1,1,0,0,50,50,0,0
1436176868,2490378,4259850,2490378,0,0,0.046651762,0.046651755,0.0,0.0,2490378,4325386,2490378,0,0,0.0042330073,0.0042330083,0.0,0.0,1,1,0,0,50,50,0,0,1,1,0,0,50,50,0,0
1436375955,2490378,4259850,2490378,0,0,0.028683227,0.028683206,0.0,0.0,2490378,4325386,2490378,0,0,0.0049401294,0.0049401294,0.0,0.0,1,1,0,0,50,50,0,0,1,1,0,0,50,50,0,0
1436575041,2490378,4259850,2490378,0,0,0.031888556,0.031888593,0.0,0.0,2490378,4325386,2490378,0,0,0.004406386,0.004406386,0.0,0.0,1,1,0,0,50,50,0,0,1,1,0,0,50,50,0,0
1436774126,2490378,4259850,2490378,0,0,0.070577756,0.07057778,0.0,0.0,2490378,4325386,2490378,0,0,0.0040127276,0.0040127286,0.0,0.0,1,1,0,0,50,50,0,0,1,1,0,0,50,50,0,0
1436973215,2490378,4259850,2490378,0,0,0.040803857,0.040803887,0.0,0.0,2490378,4325386,2490378,0,0,0.0029019148,0.0029019143,0.0,0.0,1,1,0,0,50,50,0,0,1,1,0,0,50,50,0,0
1437172297,2490378,4259850,2490378,0,0,0.0422161,0.04221609,0.0,0.0,2490378,4325386,2490378,0,0,0.0030623644,0.0030623653,0.0,0.0,1,1,0,0,50,50,0,0,1,1,0,0,50,50,0,0
1437371448,2490378,4259850,2490378,0,0,0.08488838,0.084888384,0.0,0.0,2490378,4325386,2490378,0,0,0.0035307661,0.0035307638,0.0,0.0,1,1,0,0,50,50,0,0,1,1,0,0,50,50,0,0
1437575454,2490378,4259850,2490378,0,0,0.09124311,0.09124309,0.0,0.0,2490378,4325386,2490378,0,0,0.005359481,0.005359481,0.0,0.0,1,1,0,0,50,50,0,0,1,1,0,0,50,50,0,0
1437774536,2490378,4259850,2490378,0,0,0.08177974,0.08177972,0.0,0.0,2490378,4325386,2490378,0,0,0.0044481023,0.0044481,0.0,0.0,1,1,0,0,50,50,0,0,1,1,0,0,50,50,0,0
1437973694,2490378,4259850,2490378,0,0,0.03534996,0.035349865,0.0,0.0,2490378,4325386,2490378,0,0,0.0038267223,0.0038267218,0.0,0.0,1,1,0,0,50,50,0,0,1,1,0,0,50,50,0,0
1438172711,2490378,4259850,2490378,0,0,0.043448444,0.04344842,0.0,0.0,2490378,4325386,2490378,0,0,0.0034142144,0.003414215,0.0,0.0,1,1,0,0,50,50,0,0,1,1,0,0,50,50,0,0
1438376773,2490378,4259850,2490378,0,0,0.037194185,0.037194215,0.0,0.0,2490378,4325386,2490378,0,0,0.0035623696,0.0035623696,0.0,0.0,1,1,0,0,50,50,0,0,1,1,0,0,50,50,0,0
1438575860,2490378,4259850,2490378,0,0,0.09526975,0.095269784,0.0,0.0,2490378,4325386,2490378,0,0,0.0025692573,0.002569258,0.0,0.0,1,1,0,0,50,50,0,0,1,1,0,0,50,50,0,0
1438774949,2490378,4259850,2490378,0,0,0.060741022,0.060741004,0.0,0.0,2490378,4325386,2490378,0,0,0.003745381,0.00374538,0.0,0.0,1,1,0,0,50,50,0,0,1,1,0,0,50,50,0,0
1438979014,2490378,4259850,2490378,0,0,0.03761174,0.037611797,0.0,0.0,2490378,4325386,2490378,0,0,0.0049438984,0.0049438966,0.0,0.0,1,1,0,0,50,50,0,0,1,1,0,0,50,50,0,0
1439178093,2490378,4259850,2490378,0,0,0.03374666,0.03374668,0.0,0.0,2490378,4325386,2490378,0,0,0.0051395837,0.0051395847,0.0,0.0,1,1,0,0,50,50,0,0,1,1,0,0,50,50,0,0
1439377181,2490378,4259850,2490378,0,0,0.04096203,0.040962067,0.0,0.0,2490378,4325386,2490378,0,0,0.0032719544,0.0032719546,0.0,0.0,1,1,0,0,50,50,0,0,1,1,0,0,50,50,0,0
1439576392,2490378,4259850,2490378,0,0,0.054771807,0.0547718,0.0,0.0,2490378,4325386,2490378,0,0,0.0031854776,0.003185478,0.0,0.0,1,1,0,0,50,50,0,0,1,1,0,0,50,50,0,0
1439775355,2490378,4259850,2490378,0,0,0.09799122,0.09799119,0.0,0.0,2490378,4325386,2490378,0,0,0.0035541235,0.003554124,0.0,0.0,1,1,0,0,50,50,0,0,1,1,0,0,50,50,0,0
1439974459,2490378,4259850,2490378,0,0,0.040059805,0.040059797,0.0,0.0,2490378,4325386,2490378,0,0,0.004279898,0.004279898,0.0,0.0,1,1,0,0,50,50,0,0,1,1,0,0,50,50,0,0
1440173632,2490378,4259850,2490378,0,0,0.038505804,0.0385058,0.0,0.0,2490378,4325386,2490378,0,0,0.0037459035,0.0037459035,0.0,0.0,1,1,0,0,50,50,0,0,1,1,0,0,50,50,0,0
1440377589,2490378,4259850,2490378,0,0,0.041583292,0.04158335,0.0,0.0,2490378,4325386,2490378,0,0,0.004260034,0.0042600348,0.0,0.0,1,1,0,0,50,50,0,0,1,1,0,0,50,50,0,0
1440576680,2490378,4259850,2490378,0,0,0.040408365,0.0404084,0.0,0.0,2490378,4325386,2490378,0,0,0.0037813913,0.0037813918,0.0,0.0,1,1,0,0,50,50,0,0,1,1,0,0,50,50,0,0
1440775794,2490378,4259850,2490378,0,0,0.03684785,0.036847822,0.0,0.0,2490378,4325386,2490378,0,0,0.0031927356,0.0031927363,0.0,0.0,1,1,0,0,50,50,0,0,1,1,0,0,50,50,0,0
1440974851,2490378,4259850,2490378,0,0,0.043673597,0.0436736,0.0,0.0,2490378,4325386,2490378,0,0,0.0024706582,0.0024706589,0.0,0.0,1,1,0,0,50,50,0,0,1,1,0,0,50,50,0,0
1441173934,2490378,4259850,2490378,0,0,0.040528297,0.04052832,0.0,0.0,2490378,4325386,2490378,0,0,0.0028013845,0.0028013836,0.0,0.0,1,1,0,0,50,50,0,0,1,1,0,0,50,50,0,0
1441373042,2490378,4259850,2490378,0,0,0.04123093,0.041230854,0.0,0.0,2490378,4325386,2490378,0,0,0.00382344,0.003823441,0.0,0.0,1,1,0,0,50,50,0,0,1,1,0,0,50,50,0,0
1441572114,2490378,4259850,2490378,0,0,0.030949974,0.030949922,0.0,0.0,2490378,4325386,2490378,0,0,0.0047161267,0.0047161262,0.0,0.0,1,1,0,0,50,50,0,0,1,1,0,0,50,50,0,0
1441776173,2490378,4259850,2490378,0,0,0.03306591,0.033065867,0.0,0.0,2490378,4325386,2490378,0,0,0.004613164,0.0046131643,0.0,0.0,1,1,0,0,50,50,0,0,1,1,0,0,50,50,0,0
1441975286,2490378,4259850,2490378,0,0,0.03667759,0.0366776,0.0,0.0,2490378,4325386,2490378,0,0,0.002610651,0.0026106527,0.0,0.0,1,1,0,0,50,50,0,0,1,1,0,0,50,50,0,0
1442174346,2490378,4259850,2490378,0,0,0.048439726,0.04843976,0.0,0.0,2490378,4325386,2490378,0,0,0.0020005642,0.0020005642,0.0,0.0,1,1,0,0,50,50,0,0,1,1,0,0,50,50,0,0
1442373429,2490378,4259850,2490378,0,0,0.05168213,0.051682163,0.0,0.0,2490378,4325386,2490378,0,0,0.002609426,0.0026094266,0.0,0.0,1,1,0,0,50,50,0,0,1,1,0,0,50,50,0,0
1442572517,2490378,4259850,2490378,0,0,0.037181295,0.03718138,0.0,0.0,2490378,4325386,2490378,0,0,0.004156397,0.004156397,0.0,0.0,1,1,0,0,50,50,0,0,1,1,0,0,50,50,0,0
1442771605,2490378,4259850,2490378,0,0,0.029865522,0.029865572,0.0,0.0,2490378,4325386,2490378,0,0,0.0043626837,0.0043626837,0.0,0.0,1,1,0,0,50,50,0,0,1,1,0,0,50,50,0,0
1442976034,2490378,4259850,2490378,0,0,0.03629977,0.036299806,0.0,0.0,2490378,4325386,2490378,0,0,0.0045410367,0.0045410334,0.0,0.0,1,1,0,0,50,50,0,0,1,1,0,0,50,50,0,0
1443174756,2490378,4259850,2490378,0,0,0.037556674,0.037556678,0.0,0.0,2490378,4325386,2490378,0,0,0.0030429033,0.0030429005,0.0,0.0,1,1,0,0,50,50,0,0,1,1,0,0,50,50,0,0
1443373843,2490378,4259850,2490378,0,0,0.046834145,0.0468341,0.0,0.0,2490378,4325386,2490378,0,0,0.0026603236,0.0026603227,0.0,0.0,1,1,0,0,50,50,0,0,1,1,0,0,50,50,0,0
1443577935,2490378,4259850,2490378,0,0,0.040781043,0.04078099,0.0,0.0,2490378,4325386,2490378,0,0,0.0026830307,0.002683032,0.0,0.0,1,1,0,0,50,50,0,0,1,1,0,0,50,50,0,0
1443776992,2490378,4259850,2490378,0,0,0.041680083,0.041680075,0.0,0.0,2490378,4325386,2490378,0,0,0.0035113175,0.0035113206,0.0,0.0,1,1,0,0,50,50,0,0,1,1,0,0,50,50,0,0
1443976099,2490378,4259850,2490378,0,0,0.029591905,0.029592,0.0,0.0,2490378,4325386,2490378,0,0,0.003627943,0.0036279447,0.0,0.0,1,1,0,0,50,50,0,0,1,1,0,0,50,50,0,0
1444175213,2490378,4259850,2490378,0,0,0.030440591,0.030440617,0.0,0.0,2490378,4325386,2490378,0,0,0.0044438173,0.004443818,0.0,0.0,1,1,0,0,50,50,0,0,1,1,0,0,50,50,0,0
1444374280,2490378,4259850,2490378,0,0,0.10114379,0.1011438,0.0,0.0,2490378,4325386,2490378,0,0,0.0029389325,0.0029389323,0.0,0.0,1,1,0,0,50,50,0,0,1,1,0,0,50,50,0,0
1444578324,2490378,4259850,2490378,0,0,0.04444455,0.044444665,0.0,0.0,2490378,4325386,2490378,0,0,0.0027880655,0.0027880657,0.0,0.0,1,1,0,0,50,50,0,0,1,1,0,0,50,50,0,0
1444777400,2490378,4259850,2490378,0,0,0.044471998,0.044471927,0.0,0.0,2490378,4325386,2490378,0,0,0.002802604,0.0028026043,0.0,0.0,1,1,0,0,50,50,0,0,1,1,0,0,50,50,0,0
1444976490,2490378,4259850,2490378,0,0,0.038373895,0.03837395,0.0,0.0,2490378,4325386,2490378,0,0,0.003491066,0.0034910655,0.0,0.0,1,1,0,0,50,50,0,0,1,1,0,0,50,50,0,0
1445175665,2490378,4259850,2490378,0,0,0.0313302,0.03133018,0.0,0.0,2490378,4325386,2490378,0,0,0.003515696,0.0035156957,0.0,0.0,1,1,0,0,50,50,0,0,1,1,0,0,50,50,0,0
1445374666,2490378,4259850,2490378,0,0,0.037090145,0.037090145,0.0,0.0,2490378,4325386,2490378,0,0,0.004220898,0.0042208983,0.0,0.0,1,1,0,0,50,50,0,0,1,1,0,0,50,50,0,0
1445573750,2490378,4259850,2490378,0,0,0.03818066,0.038180724,0.0,0.0,2490378,4325386,2490378,0,0,0.004339511,0.004339511,0.0,0.0,1,1,0,0,50,50,0,0,1,1,0,0,50,50,0,0
1445772894,2490378,4259850,2490378,0,0,0.03231819,0.032318193,0.0,0.0,2490378,4325386,2490378,0,0,0.003391762,0.0033917618,0.0,0.0,1,1,0,0,50,50,0,0,1,1,0,0,50,50,0,0
1445976900,2490378,4259850,2490378,0,0,0.055910215,0.055910237,0.0,0.0,2490378,4325386,2490378,0,0,0.003473191,0.0034731915,0.0,0.0,1,1,0,0,50,50,0,0,1,1,0,0,50,50,0,0
1446176016,2490378,4259850,2490378,0,0,0.04211015,0.04211021,0.0,0.0,2490378,4325386,2490378,0,0,0.0038821453,0.0038821446,0.0,0.0,1,1,0,0,50,50,0,0,1,1,0,0,50,50,0,0
1446375104,2490378,4259850,2490378,0,0,0.04107346,0.041073516,0.0,0.0,2490378,4325386,2490378,0,0,0.0041899267,0.0041899276,0.0,0.0,1,1,0,0,50,50,0,0,1,1,0,0,50,50,0,0
1446574161,2490378,4259850,2490378,0,0,0.039770793,0.039770823,0.0,0.0,2490378,4325386,2490378,0,0,0.004810868,0.0048108683,0.0,0.0,1,1,0,0,50,50,0,0,1,1,0,0,50,50,0,0
1446773244,2490378,4259850,2490378,0,0,0.038004056,0.038004078,0.0,0.0,2490378,4325386,2490378,0,0,0.0042342036,0.0042342045,0.0,0.0,1,1,0,0,50,50,0,0,1,1,0,0,50,50,0,0
1446972357,2490378,4259850,2490378,0,0,0.03796672,0.037966702,0.0,0.0,2490378,4325386,2490378,0,0,0.003795423,0.0037954214,0.0,0.0,1,1,0,0,50,50,0,0,1,1,0,0,50,50,0,0
1447171418,2490378,4259850,2490378,0,0,0.04209174,0.042091686,0.0,0.0,2490378,4325386,2490378,0,0,0.0032161619,0.003216162,0.0,0.0,1,1,0,0,50,50,0,0,1,1,0,0,50,50,0,0
1447375489,2490378,4259850,2490378,0,0,0.039836835,0.039836865,0.0,0.0,2490378,4325386,2490378,0,0,0.0032710312,0.0032710307,0.0,0.0,1,1,0,0,50,50,0,0,1,1,0,0,50,50,0,0
1447574570,2490378,4259850,2490378,0,0,0.041784752,0.04178479,0.0,0.0,2490378,4325386,2490378,0,0,0.00337974,0.0033797403,0.0,0.0,1,1,0,0,50,50,0,0,1,1,0,0,50,50,0,0
1447773666,2490378,4259850,2490378,0,0,0.041307013,0.04130702,0.0,0.0,2490378,4325386,2490378,0,0,0.0049510207,0.004951021,0.0,0.0,1,1,0,0,50,50,0,0,1,1,0,0,50,50,0,0
1447972759,2490378,4259850,2490378,0,0,0.036594804,0.036594767,0.0,0.0,2490378,4325386,2490378,0,0,0.0044610533,0.004461053,0.0,0.0,1,1,0,0,50,50,0,0,1,1,0,0,50,50,0,0
1448176839,2490378,4259850,2490378,0,0,0.0376114,0.037611388,0.0,0.0,2490378,4325386,2490378,0,0,0.0036886388,0.0036886393,0.0,0.0,1,1,0,0,50,50,0,0,1,1,0,0,50,50,0,0
1448375900,2490378,4259850,2490378,0,0,0.055772193,0.05577221,0.0,0.0,2490378,4325386,2490378,0,0,0.0035669652,0.003566966,0.0,0.0,1,1,0,0,50,50,0,0,1,1,0,0,50,50,0,0
1448575191,2490378,4259850,2490378,0,0,0.04054828,0.040548265,0.0,0.0,2490378,4325386,2490378,0,0,0.003109415,0.0031094144,0.0,0.0,1,1,0,0,50,50,0,0,1,1,0,0,50,50,0,0
1448779050,2490378,4259850,2490378,0,0,0.044879314,0.04487931,0.0,0.0,2490378,4325386,2490378,0,0,0.0025084047,0.0025084035,0.0,0.0,1,1,0,0,50,50,0,0,1,1,0,0,50,50,0,0
1448978135,2490378,4259850,2490378,0,0,0.04002097,0.040020995,0.0,0.0,2490378,4325386,2490378,0,0,0.0038294974,0.0038294974,0.0,0.0,1,1,0,0,50,50,0,0,1,1,0,0,50,50,0,0
1449177252,2490378,4259850,2490378,0,0,0.035824116,0.035824154,0.0,0.0,2490378,4325386,2490378,0,0,0.004037936,0.004037936,0.0,0.0,1,1,0,0,50,50,0,0,1,1,0,0,50,50,0,0
1449376315,2490378,4259850,2490378,0,0,0.03984728,0.039847285,0.0,0.0,2490378,4325386,2490378,0,0,0.003732364,0.003732364,0.0,0.0,1,1,0,0,50,50,0,0,1,1,0,0,50,50,0,0
1449575399,2490378,4259850,2490378,0,0,0.037896425,0.037896425,0.0,0.0,2490378,4325386,2490378,0,0,0.003380235,0.0033802348,0.0,0.0,1,1,0,0,50,50,0,0,1,1,0,0,50,50,0,0
1449774496,2490378,4259850,2490378,0,0,0.041932743,0.04193277,0.0,0.0,2490378,4325386,2490378,0,0,0.0036659834,0.0036659832,0.0,0.0,1,1,0,0,50,50,0,0,1,1,0,0,50,50,0,0
1449973576,2490378,4259850,2490378,0,0,0.03791886,0.037918843,0.0,0.0,2490378,4325386,2490378,0,0,0.0034281493,0.0034281493,0.0,0.0,1,1,0,0,50,50,0,0,1,1,0,0,50,50,0,0
1450177665,2490378,4259850,2490378,0,0,0.04099397,0.04099399,0.0,0.0,2490378,4325386,2490378,0,0,0.0033045562,0.0033045558,0.0,0.0,1,1,0,0,50,50,0,0,1,1,0,0,50,50,0,0
1450376721,2490378,4259850,2490378,0,0,0.044723243,0.044723213,0.0,0.0,2490378,4325386,2490378,0,0,0.0035337054,0.0035337058,0.0,0.0,1,1,0,0,50,50,0,0,1,1,0,0,50,50,0,0
1450575863,2490378,4259850,2490378,0,0,0.03803217,0.03803214,0.0,0.0,2490378,4325386,2490378,0,0,0.004237067,0.004237067,0.0,0.0,1,1,0,0,50,50,0,0,1,1,0,0,50,50,0,0
1450774931,2490378,4259850,2490378,0,0,0.04017574,0.04017572,0.0,0.0,2490378,4325386,2490378,0,0,0.0037860514,0.0037860516,0.0,0.0,1,1,0,0,50,50,0,0,1,1,0,0,50,50,0,0
1450973982,2490378,4259850,2490378,0,0,0.041054823,0.041054837,0.0,0.0,2490378,4325386,2490378,0,0,0.003764531,0.0037645309,0.0,0.0,1,1,0,0,50,50,0,0,1,1,0,0,50,50,0,0
1451173084,2490378,4259850,2490378,0,0,0.043013874,0.043013886,0.0,0.0,2490378,4325386,2490378,0,0,0.0036949592,0.003694959,0.0,0.0,1,1,0,0,50,50,0,0,1,1,0,0,50,50,0,0
1451372206,2490378,4259850,2490378,0,0,0.042684626,0.042684514,0.0,0.0,2490378,4325386,2490378,0,0,0.003667452,0.0036674517,0.0,0.0,1,1,0,0,50,50,0,0,1,1,0,0,50,50,0,0
1451576298,2490378,4259850,2490378,0,0,0.04307524,0.04307522,0.0,0.0,2490378,4325386,2490378,0,0,0.0035394412,0.003539441,0.0,0.0,1,1,0,0,50,50,0,0,1,1,0,0,50,50,0,0
1451775308,2490378,4259850,2490378,0,0,0.04216513,0.04216513,0.0,0.0,2490378,4325386,2490378,0,0,0.0031078914,0.0031078926,0.0,0.0,1,1,0,0,50,50,0,0,1,1,0,0,50,50,0,0
1451974438,2490378,4259850,2490378,0,0,0.0373425,0.0373425,0.0,0.0,2490378,4325386,2490378,0,0,0.004296954,0.0042969547,0.0,0.0,1,1,0,0,50,50,0,0,1,1,0,0,50,50,0,0
1452173504,2490378,4259850,2490378,0,0,0.04142002,0.041420013,0.0,0.0,2490378,4325386,2490378,0,0,0.0042468826,0.004246882,0.0,0.0,1,1,0,0,50,50,0,0,1,1,0,0,50,50,0,0
1452372577,2490378,4259850,2490378,0,0,0.041896537,0.041896544,0.0,0.0,2490378,4325386,2490378,0,0,0.003588259,0.0035882592,0.0,0.0,1,1,0,0,50,50,0,0,1,1,0,0,50,50,0,0
1452571688,2490378,4259850,2490378,0,0,0.04446723,0.04446727,0.0,0.0,2490378,4325386,2490378,0,0,0.0031511348,0.0031511346,0.0,0.0,1,1,0,0,50,50,0,0,1,1,0,0,50,50,0,0
1452775718,2490378,4259850,2490378,0,0,0.0474582,0.04745819,0.0,0.0,2490378,4325386,2490378,0,0,0.0033973549,0.0033973532,0.0,0.0,1,1,0,0,50,50,0,0,1,1,0,0,50,50,0,0
1452974808,2490378,4259850,2490378,0,0,0.036123086,0.036123075,0.0,0.0,2490378,4325386,2490378,0,0,0.0028785078,0.0028785076,0.0,0.0,1,1,0,0,50,50,0,0,1,1,0,0,50,50,0,0
1453173893,2490378,4259850,2490378,0,0,0.039394513,0.039394513,0.0,0.0,2490378,4325386,2490378,0,0,0.0050787902,0.0050787907,0.0,0.0,1,1,0,0,50,50,0,0,1,1,0,0,50,50,0,0
1453377961,2490378,4259850,2490378,0,0,0.034351364,0.034351353,0.0,0.0,2490378,4325386,2490378,0,0,0.0046630683,0.0046630683,0.0,0.0,1,1,0,0,50,50,0,0,1,1,0,0,50,50,0,0
1453577044,2490378,4259850,2490378,0,0,0.038775742,0.038775783,0.0,0.0,2490378,4325386,2490378,0,0,0.0035052923,0.0035052928,0.0,0.0,1,1,0,0,50,50,0,0,1,1,0,0,50,50,0,0
1453776150,2490378,4259850,2490378,0,0,0.038768932,0.038768966,0.0,0.0,2490378,4325386,2490378,0,0,0.0031745255,0.0031745257,0.0,0.0,1,1,0,0,50,50,0,0,1,1,0,0,50,50,0,0
1453975241,2490378,4259850,2490378,0,0,0.042434793,0.042434793,0.0,0.0,2490378,4325386,2490378,0,0,0.0035783853,0.003578386,0.0,0.0,1,1,0,0,50,50,0,0,1,1,0,0,50,50,0,0
1454174534,2490378,4259850,2490378,0,0,0.046906095,0.046906084,0.0,0.0,2490378,4325386,2490378,0,0,0.0036787465,0.0036787428,0.0,0.0,1,1,0,0,50,50,0,0,1,1,0,0,50,50,0,0
1454378373,2490378,4259850,2490378,0,0,0.05629769,0.056297794,0.0,0.0,2490378,4325386,2490378,0,0,0.0064915842,0.006491584,0.0,0.0,1,1,0,0,50,50,0,0,1,1,0,0,50,50,0,0
1454577458,2490378,4259850,2490378,0,0,0.032634493,0.032634474,0.0,0.0,2490378,4325386,2490378,0,0,0.0062161977,0.006216198,0.0,0.0,1,1,0,0,50,50,0,0,1,1,0,0,50,50,0,0
1454776575,2490378,4259850,2490378,0,0,0.031093435,0.031093432,0.0,0.0,2490378,4325386,2490378,0,0,0.004223301,0.004223302,0.0,0.0,1,1,0,0,50,50,0,0,1,1,0,0,50,50,0,0
1454975637,2490378,4259850,2490378,0,0,0.09272711,0.09272711,0.0,0.0,2490378,4325386,2490378,0,0,0.0031512268,0.0031512259,0.0,0.0,1,1,0,0,50,50,0,0,1,1,0,0,50,50,0,0
1455174722,2490378,4259850,2490378,0,0,0.04425617,0.044256203,0.0,0.0,2490378,4325386,2490378,0,0,0.0030010026,0.0030010021,0.0,0.0,1,1,0,0,50,50,0,0,1,1,0,0,50,50,0,0
1455373809,2490378,4259850,2490378,0,0,0.04692668,0.046926666,0.0,0.0,2490378,4325386,2490378,0,0,0.0032901193,0.0032901189,0.0,0.0,1,1,0,0,50,50,0,0,1,1,0,0,50,50,0,0
1455572897,2490378,4259850,2490378,0,0,0.093577184,0.09357714,0.0,0.0,2490378,4325386,2490378,0,0,0.0046100034,0.004610005,0.0,0.0,1,1,0,0,50,50,0,0,1,1,0,0,50,50,0,0
1455776958,2490378,4259850,2490378,0,0,0.12934239,0.12934244,0.0,0.0,2490378,4325386,2490378,0,0,0.0047746035,0.0047746026,0.0,0.0,1,1,0,0,50,50,0,0,1,1,0,0,50,50,0,0
1455976080,2490378,4259850,2490378,0,0,0.056757174,0.05675721,0.0,0.0,2490378,4325386,2490378,0,0,0.004579331,0.0045793313,0.0,0.0,1,1,0,0,50,50,0,0,1,1,0,0,50,50,0,0
1456175169,2490378,4259850,2490378,0,0,0.038859006,0.038858943,0.0,0.0,2490378,4325386,2490378,0,0,0.0036212062,0.0036212048,0.0,0.0,1,1,0,0,50,50,0,0,1,1,0,0,50,50,0,0
1456374273,2490378,4259850,2490378,0,0,0.10491159,0.104911625,0.0,0.0,2490378,4325386,2490378,0,0,0.0037314568,0.0037314573,0.0,0.0,1,1,0,0,50,50,0,0,1,1,0,0,50,50,0,0
1456573309,2490378,4259850,2490378,0,0,0.12805682,0.12805687,0.0,0.0,2490378,4325386,2490378,0,0,0.0031559127,0.0031559118,0.0,0.0,1,1,0,0,50,50,0,0,1,1,0,0,50,50,0,0
1456772399,2490378,4259850,2490378,0,0,0.10848414,0.10848417,0.0,0.0,2490378,4325386,2490378,0,0,0.00398607,0.003986071,0.0,0.0,1,1,0,0,50,50,0,0,1,1,0,0,50,50,0,0
1456971527,2490378,4259850,2490378,0,0,0.13068357,0.13068354,0.0,0.0,2490378,4325386,2490378,0,0,0.004386843,0.0043868446,0.0,0.0,1,1,0,0,50,50,0,0,1,1,0,0,50,50,0,0
1457175550,2490378,4259850,2490378,0,0,0.1283701,0.12837009,0.0,0.0,2490378,4325386,2490378,0,0,0.0045569427,0.004556942,0.0,0.0,1,1,0,0,50,50,0,0,1,1,0,0,50,50,0,0
1457374641,2490378,4259850,2490378,0,0,0.12368994,0.12368996,0.0,0.0,2490378,4325386,2490378,0,0,0.0043898593,0.00438986,0.0,0.0,1,1,0,0,50,50,0,0,1,1,0,0,50,50,0,0
1457573761,2490378,4259850,2490378,0,0,0.13116758,0.13116758,0.0,0.0,2490378,4325386,2490378,0,0,0.003689714,0.003689713,0.0,0.0,1,1,0,0,50,50,0,0,1,1,0,0,50,50,0,0
1457772838,2490378,4259850,2490378,0,0,0.13712862,0.13712865,0.0,0.0,2490378,4325386,2490378,0,0,0.00312801,0.0031280103,0.0,0.0,1,1,0,0,50,50,0,0,1,1,0,0,50,50,0,0
1457976874,2490378,4259850,2490378,0,0,0.1279892,0.12798922,0.0,0.0,2490378,4325386,2490378,0,0,0.0031123739,0.0031123739,0.0,0.0,1,1,0,0,50,50,0,0,1,1,0,0,50,50,0,0
1458175964,2490378,4259850,2490378,0,0,0.12777692,0.12777689,0.0,0.0,2490378,4325386,2490378,0,0,0.0036482722,0.0036482709,0.0,0.0,1,1,0,0,50,50,0,0,1,1,0,0,50,50,0,0
1458375052,2490378,4259850,2490378,0,0,0.1354403,0.13544028,0.0,0.0,2490378,4325386,2490378,0,0,0.0040156413,0.0040156418,0.0,0.0,1,1,0,0,50,50,0,0,1,1,0,0,50,50,0,0
1458574141,2490378,4259850,2490378,0,0,0.1325046,0.13250458,0.0,0.0,2490378,4325386,2490378,0,0,0.0040331497,0.004033149,0.0,0.0,1,1,0,0,50,50,0,0,1,1,0,0,50,50,0,0
1458778203,2490378,4259850,2490378,0,0,0.12169965,0.121699676,0.0,0.0,2490378,4325386,2490378,0,0,0.003514405,0.003514406,0.0,0.0,1,1,0,0,50,50,0,0,1,1,0,0,50,50,0,0
1458977294,2490378,4259850,2490378,0,0,0.06044012,0.06044008,0.0,0.0,2490378,4325386,2490378,0,0,0.0033632228,0.0033632233,0.0,0.0,1,1,0,0,50,50,0,0,1,1,0,0,50,50,0,0
1459176379,2490378,4259850,2490378,0,0,0.03601274,0.036012787,0.0,0.0,2490378,4325386,2490378,0,0,0.0032142724,0.003214272,0.0,0.0,1,1,0,0,50,50,0,0,1,1,0,0,50,50,0,0
1459375498,2490378,4259850,2490378,0,0,0.03905418,0.039054267,0.0,0.0,2490378,4325386,2490378,0,0,0.0030976844,0.0030976846,0.0,0.0,1,1,0,0,50,50,0,0,1,1,0,0,50,50,0,0
1459574559,2490378,4259850,2490378,0,0,0.046586838,0.04658684,0.0,0.0,2490378,4325386,2490378,0,0,0.002696623,0.002696622,0.0,0.0,1,1,0,0,50,50,0,0,1,1,0,0,50,50,0,0
1459773830,2490378,4259850,2490378,0,0,0.047760118,0.047760084,0.0,0.0,2490378,4325386,2490378,0,0,0.003025964,0.0030259644,0.0,0.0,1,1,0,0,50,50,0,0,1,1,0,0,50,50,0,0
1459977706,2490378,4259850,2490378,0,0,0.04780518,0.04780522,0.0,0.0,2490378,4325386,2490378,0,0,0.004183915,0.004183915,0.0,0.0,1,1,0,0,50,50,0,0,1,1,0,0,50,50,0,0
1460176792,2490378,4259850,2490378,0,0,0.039242044,0.039242014,0.0,0.0,2490378,4325386,2490378,0,0,0.0036897315,0.0036897305,0.0,0.0,1,1,0,0,50,50,0,0,1,1,0,0,50,50,0,0
1460375928,2490378,4259850,2490378,0,0,0.041920178,0.041920166,0.0,0.0,2490378,4325386,2490378,0,0,0.0043572006,0.004357201,0.0,0.0,1,1,0,0,50,50,0,0,1,1,0,0,50,50,0,0
1460574987,2490378,4259850,2490378,0,0,0.048378754,0.048378788,0.0,0.0,2490378,4325386,2490378,0,0,0.0036479095,0.0036479104,0.0,0.0,1,1,0,0,50,50,0,0,1,1,0,0,50,50,0,0
1460774059,2490378,4259850,2490378,0,0,0.046748653,0.04674864,0.0,0.0,2490378,4325386,2490378,0,0,0.0032078952,0.0032078952,0.0,0.0,1,1,0,0,50,50,0,0,1,1,0,0,50,50,0,0
1460973146,2490378,4259850,2490378,0,0,0.071984015,0.07198402,0.0,0.0,2490378,4325386,2490378,0,0,0.004782696,0.0047826963,0.0,0.0,1,1,0,0,50,50,0,0,1,1,0,0,50,50,0,0
1461172230,2490378,4259850,2490378,0,0,0.02518964,0.02518966,0.0,0.0,2490378,4325386,2490378,0,0,0.0036178494,0.0036178494,0.0,0.0,1,1,0,0,50,50,0,0,1,1,0,0,50,50,0,0
1461376319,2490378,4259850,2490378,0,0,0.034346987,0.034347024,0.0,0.0,2490378,4325386,2490378,0,0,0.0042322013,0.0042321994,0.0,0.0,1,1,0,0,50,50,0,0,1,1,0,0,50,50,0,0
1461575396,2490378,4259850,2490378,0,0,0.018979583,0.0189797,0.0,0.0,2490378,4325386,2490378,0,0,0.0047095665,0.0047095646,0.0,0.0,1,1,0,0,50,50,0,0,1,1,0,0,50,50,0,0
1461774474,2490378,4259850,2490378,0,0,0.020191185,0.020191168,0.0,0.0,2490378,4325386,2490378,0,0,0.0040048505,0.004004852,0.0,0.0,1,1,0,0,50,50,0,0,1,1,0,0,50,50,0,0
1461973668,2490378,4259850,2490378,0,0,0.055968817,0.05596883,0.0,0.0,2490378,4325386,2490378,0,0,0.0038252932,0.0038252908,0.0,0.0,1,1,0,0,50,50,0,0,1,1,0,0,50,50,0,0
1462172653,2490378,4259850,2490378,0,0,0.02225222,0.022252243,0.0,0.0,2490378,4325386,2490378,0,0,0.0046690116,0.0046690106,0.0,0.0,1,1,0,0,50,50,0,0,1,1,0,0,50,50,0,0
1462371734,2490378,4259850,2490378,0,0,0.037636783,0.037636783,0.0,0.0,2490378,4325386,2490378,0,0,0.004232382,0.004232382,0.0,0.0,1,1,0,0,50,50,0,0,1,1,0,0,50,50,0,0
1462575853,2490378,4259850,2490378,0,0,0.11382989,0.113829866,0.0,0.0,2490378,4325386,2490378,0,0,0.0035866052,0.0035866052,0.0,0.0,1,1,0,0,50,50,0,0,1,1,0,0,50,50,0,0
1462774889,2490378,4259850,2490378,0,0,0.04720559,0.047205575,0.0,0.0,2490378,4325386,2490378,0,0,0.003703803,0.0037038024,0.0,0.0,1,1,0,0,50,50,0,0,1,1,0,0,50,50,0,0
1462974018,2490378,4259850,2490378,0,0,0.010721392,0.010721442,0.0,0.0,2490378,4325386,2490378,0,0,0.0036232604,0.0036232607,0.0,0.0,1,1,0,0,50,50,0,0,1,1,0,0,50,50,0,0
1463178090,2490378,4259850,2490378,0,0,0.040966094,0.040966123,0.0,0.0,2490378,4325386,2490378,0,0,0.0045246542,0.0045246547,0.0,0.0,1,1,0,0,50,50,0,0,1,1,0,0,50,50,0,0
1463377131,2490378,4259850,2490378,0,0,0.11488055,0.11488055,0.0,0.0,2490378,4325386,2490378,0,0,0.00493037,0.004930369,0.0,0.0,1,1,0,0,50,50,0,0,1,1,0,0,50,50,0,0
1463576218,2490378,4259850,2490378,0,0,0.11804409,0.118044086,0.0,0.0,2490378,4325386,2490378,0,0,0.0042841556,0.0042841556,0.0,0.0,1,1,0,0,50,50,0,0,1,1,0,0,50,50,0,0
1463775306,2490378,4259850,2490378,0,0,0.051119447,0.051119436,0.0,0.0,2490378,4325386,2490378,0,0,0.003115368,0.0031153683,0.0,0.0,1,1,0,0,50,50,0,0,1,1,0,0,50,50,0,0
1463974415,2490378,4259850,2490378,0,0,0.08172712,0.0817271,0.0,0.0,2490378,4325386,2490378,0,0,0.0031805171,0.0031805171,0.0,0.0,1,1,0,0,50,50,0,0,1,1,0,0,50,50,0,0
1464178477,2490378,4259850,2490378,0,0,0.12100174,0.12100174,0.0,0.0,2490378,4325386,2490378,0,0,0.003802401,0.003802401,0.0,0.0,1,1,0,0,50,50,0,0,1,1,0,0,50,50,0,0
1464377546,2490378,4259850,2490378,0,0,0.1331453,0.1331453,0.0,0.0,2490378,4325386,2490378,0,0,0.0050143762,0.0050143753,0.0,0.0,1,1,0,0,50,50,0,0,1,1,0,0,50,50,0,0
1464576638,2490378,4259850,2490378,0,0,0.0759279,0.07592789,0.0,0.0,2490378,4325386,2490378,0,0,0.0035076726,0.0035076716,0.0,0.0,1,1,0,0,50,50,0,0,1,1,0,0,50,50,0,0
1464775720,2490378,4259850,2490378,0,0,0.062388785,0.06238873,0.0,0.0,2490378,4325386,2490378,0,0,0.002246363,0.0022463615,0.0,0.0,1,1,0,0,50,50,0,0,1,1,0,0,50,50,0,0
1464974810,2490378,4259850,2490378,0,0,0.09392048,0.09392048,0.0,0.0,2490378,4325386,2490378,0,0,0.0039494764,0.003949475,0.0,0.0,1,1,0,0,50,50,0,0,1,1,0,0,50,50,0,0
1465173897,2490378,4259850,2490378,0,0,0.122061454,0.122061454,0.0,0.0,2490378,4325386,2490378,0,0,0.0037540097,0.0037540093,0.0,0.0,1,1,0,0,50,50,0,0,1,1,0,0,50,50,0,0
1465373210,2490378,4259850,2490378,0,0,0.11907901,0.119079016,0.0,0.0,2490378,4325386,2490378,0,0,0.0036110277,0.003611028,0.0,0.0,1,1,0,0,50,50,0,0,1,1,0,0,50,50,0,0
1465577048,2490378,4259850,2490378,0,0,0.029530302,0.02953035,0.0,0.0,2490378,4325386,2490378,0,0,0.0033763924,0.0033763929,0.0,0.0,1,1,0,0,50,50,0,0,1,1,0,0,50,50,0,0
1465776138,2490378,4259850,2490378,0,0,0.021243885,0.021243874,0.0,0.0,2490378,4325386,2490378,0,0,0.0036774976,0.0036774972,0.0,0.0,1,1,0,0,50,50,0,0,1,1,0,0,50,50,0,0
1465975255,2490378,4259850,2490378,0,0,0.009471176,0.009471194,0.0,0.0,2490378,4325386,2490378,0,0,0.0039781295,0.003978129,0.0,0.0,1,1,0,0,50,50,0,0,1,1,0,0,50,50,0,0
1466174320,2490378,4259850,2490378,0,0,0.023849795,0.023849826,0.0,0.0,2490378,4325386,2490378,0,0,0.0038617803,0.0038617798,0.0,0.0,1,1,0,0,50,50,0,0,1,1,0,0,50,50,0,0
1466373423,2490378,4259850,2490378,0,0,0.022957943,0.022957897,0.0,0.0,2490378,4325386,2490378,0,0,0.003988595,0.003988591,0.0,0.0,1,1,0,0,50,50,0,0,1,1,0,0,50,50,0,0
1466572489,2490378,4259850,2490378,0,0,0.025978366,0.025978412,0.0,0.0,2490378,4325386,2490378,0,0,0.0017948988,0.0017948974,0.0,0.0,1,1,0,0,50,50,0,0,1,1,0,0,50,50,0,0
1466771651,2490378,4259850,2490378,0,0,0.057804164,0.057804167,0.0,0.0,2490378,4325386,2490378,0,0,0.004808075,0.004808075,0.0,0.0,1,1,0,0,50,50,0,0,1,1,0,0,50,50,0,0
1466975648,2490378,4259850,2490378,0,0,0.08412947,0.084129445,0.0,0.0,2490378,4325386,2490378,0,0,0.0042752787,0.004275279,0.0,0.0,1,1,0,0,50,50,0,0,1,1,0,0,50,50,0,0
1467174730,2490378,4259850,2490378,0,0,0.025893155,0.02589314,0.0,0.0,2490378,4325386,2490378,0,0,0.002915383,0.002915383,0.0,0.0,1,1,0,0,50,50,0,0,1,1,0,0,50,50,0,0
1467373821,2490378,4259850,2490378,0,0,0.034468982,0.034469005,0.0,0.0,2490378,4325386,2490378,0,0,0.003242143,0.0032421434,0.0,0.0,1,1,0,0,50,50,0,0,1,1,0,0,50,50,0,0
1467572910,2490378,4259850,2490378,0,0,0.034380186,0.03438018,0.0,0.0,2490378,4325386,2490378,0,0,0.004013555,0.004013554,0.0,0.0,1,1,0,0,50,50,0,0,1,1,0,0,50,50,0,0
1467776976,2490378,4259850,2490378,0,0,0.031164294,0.031164248,0.0,0.0,2490378,4325386,2490378,0,0,0.004092221,0.0040922216,0.0,0.0,1,1,0,0,50,50,0,0,1,1,0,0,50,50,0,0
1467976070,2490378,4259850,2490378,0,0,0.04250217,0.042502142,0.0,0.0,2490378,4325386,2490378,0,0,0.0038047712,0.0038047712,0.0,0.0,1,1,0,0,50,50,0,0,1,1,0,0,50,50,0,0
1468175204,2490378,4259850,2490378,0,0,0.0065568085,0.006557037,0.0,0.0,2490378,4325386,2490378,0,0,0.0038822994,0.0038822999,0.0,0.0,1,1,0,0,50,50,0,0,1,1,0,0,50,50,0,0
1468374236,2490378,4259850,2490378,0,0,0.02538355,0.025383627,0.0,0.0,2490378,4325386,2490378,0,0,0.0035864883,0.003586488,0.0,0.0,1,1,0,0,50,50,0,0,1,1,0,0,50,50,0,0
1468578301,2490378,4259850,2490378,0,0,0.0356567,0.03565665,0.0,0.0,2490378,4325386,2490378,0,0,0.0040481584,0.0040481584,0.0,0.0,1,1,0,0,50,50,0,0,1,1,0,0,50,50,0,0
1468777437,2490378,4259850,2490378,0,0,0.02317777,0.02317776,0.0,0.0,2490378,4325386,2490378,0,0,0.003989299,0.003989299,0.0,0.0,1,1,0,0,50,50,0,0,1,1,0,0,50,50,0,0
1468976485,2490378,4259850,2490378,0,0,0.052703008,0.052703,0.0,0.0,2490378,4325386,2490378,0,0,0.0039286506,0.00392865,0.0,0.0,1,1,0,0,50,50,0,0,1,1,0,0,50,50,0,0
1469175566,2490378,4259850,2490378,0,0,0.013259401,0.013259421,0.0,0.0,2490378,4325386,2490378,0,0,0.003905897,0.0039058977,0.0,0.0,1,1,0,0,50,50,0,0,1,1,0,0,50,50,0,0
1469374659,2490378,4259850,2490378,0,0,0.037186805,0.037186857,0.0,0.0,2490378,4325386,2490378,0,0,0.0034323735,0.0034323744,0.0,0.0,1,1,0,0,50,50,0,0,1,1,0,0,50,50,0,0
1469573746,2490378,4259850,2490378,0,0,0.048538577,0.048538614,0.0,0.0,2490378,4325386,2490378,0,0,0.004244017,0.0042440174,0.0,0.0,1,1,0,0,50,50,0,0,1,1,0,0,50,50,0,0
1469777836,2490378,4259850,2490378,0,0,0.03188123,0.03188127,0.0,0.0,2490378,4325386,2490378,0,0,0.004526928,0.004526927,0.0,0.0,1,1,0,0,50,50,0,0,1,1,0,0,50,50,0,0
1469976896,2490378,4259850,2490378,0,0,0.05984425,0.059844274,0.0,0.0,2490378,4325386,2490378,0,0,0.0036810725,0.0036810734,0.0,0.0,1,1,0,0,50,50,0,0,1,1,0,0,50,50,0,0
1470176064,2490378,4259850,2490378,0,0,0.083496794,0.0834968,0.0,0.0,2490378,4325386,2490378,0,0,0.003952533,0.003952534,0.0,0.0,1,1,0,0,50,50,0,0,1,1,0,0,50,50,0,0
1470375071,2490378,4259850,2490378,0,0,0.08358897,0.08358896,0.0,0.0,2490378,4325386,2490378,0,0,0.0037679612,0.003767963,0.0,0.0,1,1,0,0,50,50,0,0,1,1,0,0,50,50,0,0
1470574164,2490378,4259850,2490378,0,0,0.10359146,0.103591435,0.0,0.0,2490378,4325386,2490378,0,0,0.0032036388,0.0032036381,0.0,0.0,1,1,0,0,50,50,0,0,1,1,0,0,50,50,0,0
1470773251,2490378,4259850,2490378,0,0,0.0941685,0.094168484,0.0,0.0,2490378,4325386,2490378,0,0,0.0038421857,0.0038421848,0.0,0.0,1,1,0,0,50,50,0,0,1,1,0,0,50,50,0,0
1470972490,2490378,4259850,2490378,0,0,0.11002616,0.11002616,0.0,0.0,2490378,4325386,2490378,0,0,0.0039374237,0.0039374237,0.0,0.0,1,1,0,0,50,50,0,0,1,1,0,0,50,50,0,0
1471176411,2490378,4259850,2490378,0,0,0.10195053,0.10195053,0.0,0.0,2490378,4325386,2490378,0,0,0.0031788005,0.003178801,0.0,0.0,1,1,0,0,50,50,0,0,1,1,0,0,50,50,0,0
1471375491,2490378,4259850,2490378,0,0,0.10803866,0.108038664,0.0,0.0,2490378,4325386,2490378,0,0,0.0037333576,0.0037333576,0.0,0.0,1,1,0,0,50,50,0,0,1,1,0,0,50,50,0,0
1471574638,2490378,4259850,2490378,0,0,0.12729426,0.12729424,0.0,0.0,2490378,4325386,2490378,0,0,0.0041457824,0.0041457815,0.0,0.0,1,1,0,0,50,50,0,0,1,1,0,0,50,50,0,0
1471773675,2490378,4259850,2490378,0,0,0.12601192,0.12601194,0.0,0.0,2490378,4325386,2490378,0,0,0.00402517,0.00402517,0.0,0.0,1,1,0,0,50,50,0,0,1,1,0,0,50,50,0,0
1471972758,2490378,4259850,2490378,0,0,0.107878774,0.10787879,0.0,0.0,2490378,4325386,2490378,0,0,0.0038317908,0.0038317908,0.0,0.0,1,1,0,0,50,50,0,0,1,1,0,0,50,50,0,0
1472171844,2490378,4259850,2490378,0,0,0.09869556,0.098695576,0.0,0.0,2490378,4325386,2490378,0,0,0.0040023616,0.004002361,0.0,0.0,1,1,0,0,50,50,0,0,1,1,0,0,50,50,0,0
1472375916,2490378,4259850,2490378,0,0,0.10191217,0.10191218,0.0,0.0,2490378,4325386,2490378,0,0,0.0031555225,0.0031555227,0.0,0.0,1,1,0,0,50,50,0,0,1,1,0,0,50,50,0,0
1472574997,2490378,4259850,2490378,0,0,0.13182503,0.13182503,0.0,0.0,2490378,4325386,2490378,0,0,0.0039781877,0.0039781877,0.0,0.0,1,1,0,0,50,50,0,0,1,1,0,0,50,50,0,0
1472774087,2490378,4259850,2490378,0,0,0.09771572,0.09771573,0.0,0.0,2490378,4325386,2490378,0,0,0.0034765918,0.0034765927,0.0,0.0,1,1,0,0,50,50,0,0,1,1,0,0,50,50,0,0
1472973176,2490378,4259850,2490378,0,0,0.102117576,0.10211758,0.0,0.0,2490378,4325386,2490378,0,0,0.0035616662,0.0035616658,0.0,0.0,1,1,0,0,50,50,0,0,1,1,0,0,50,50,0,0
1473177272,2490378,4259850,2490378,0,0,0.1244987,0.12449872,0.0,0.0,2490378,4325386,2490378,0,0,0.0033554086,0.0033554097,0.0,0.0,1,1,0,0,50,50,0,0,1,1,0,0,50,50,0,0
1473376328,2490378,4259850,2490378,0,0,0.098431565,0.09843156,0.0,0.0,2490378,4325386,2490378,0,0,0.004862075,0.004862075,0.0,0.0,1,1,0,0,50,50,0,0,1,1,0,0,50,50,0,0
1473575420,2490378,4259850,2490378,0,0,0.07658892,0.07658891,0.0,0.0,2490378,4325386,2490378,0,0,0.0036550034,0.0036550032,0.0,0.0,1,1,0,0,50,50,0,0,1,1,0,0,50,50,0,0
1473774523,2490378,4259850,2490378,0,0,0.116630636,0.116630636,0.0,0.0,2490378,4325386,2490378,0,0,0.0022126886,0.0022126893,0.0,0.0,1,1,0,0,50,50,0,0,1,1,0,0,50,50,0,0
1473978570,2490378,4259850,2490378,0,0,0.09195571,0.0919557,0.0,0.0,2490378,4325386,2490378,0,0,0.0037386557,0.0037386555,0.0,0.0,1,1,0,0,50,50,0,0,1,1,0,0,50,50,0,0
1474177702,2490378,4259850,2490378,0,0,0.08496354,0.084963575,0.0,0.0,2490378,4325386,2490378,0,0,0.0033111367,0.003311137,0.0,0.0,1,1,0,0,50,50,0,0,1,1,0,0,50,50,0,0
1474376780,2490378,4259850,2490378,0,0,0.07256062,0.07256061,0.0,0.0,2490378,4325386,2490378,0,0,0.0038277416,0.0038277414,0.0,0.0,1,1,0,0,50,50,0,0,1,1,0,0,50,50,0,0
1474575872,2490378,4259850,2490378,0,0,0.1023194,0.10231941,0.0,0.0,2490378,4325386,2490378,0,0,0.00312309,0.0031230904,0.0,0.0,1,1,0,0,50,50,0,0,1,1,0,0,50,50,0,0
1474774924,2490378,4259850,2490378,0,0,0.11701223,0.11701222,0.0,0.0,2490378,4325386,2490378,0,0,0.004404773,0.0044047725,0.0,0.0,1,1,0,0,50,50,0,0,1,1,0,0,50,50,0,0
1474974012,2490378,4259850,2490378,0,0,0.08896257,0.08896256,0.0,0.0,2490378,4325386,2490378,0,0,0.0044878223,0.004487822,0.0,0.0,1,1,0,0,50,50,0,0,1,1,0,0,50,50,0,0
1475173101,2490378,4259850,2490378,0,0,0.07888711,0.07888711,0.0,0.0,2490378,4325386,2490378,0,0,0.0034883025,0.003488302,0.0,0.0,1,1,0,0,50,50,0,0,1,1,0,0,50,50,0,0
1475377169,2490378,4259850,2490378,0,0,0.09642247,0.096422486,0.0,0.0,2490378,4325386,2490378,0,0,0.0033007509,0.0033007506,0.0,0.0,1,1,0,0,50,50,0,0,1,1,0,0,50,50,0,0
1475576275,2490378,4259850,2490378,0,0,0.091752395,0.09175237,0.0,0.0,2490378,4325386,2490378,0,0,0.0047472892,0.004747289,0.0,0.0,1,1,0,0,50,50,0,0,1,1,0,0,50,50,0,0
1475775360,2490378,4259850,2490378,0,0,0.097709924,0.097709924,0.0,0.0,2490378,4325386,2490378,0,0,0.0030201569,0.003020158,0.0,0.0,1,1,0,0,50,50,0,0,1,1,0,0,50,50,0,0
1475974432,2490378,4259850,2490378,0,0,0.088994965,0.08899491,0.0,0.0,2490378,4325386,2490378,0,0,0.0036217812,0.0036217838,0.0,0.0,1,1,0,0,50,50,0,0,1,1,0,0,50,50,0,0
1476173530,2490378,4259850,2490378,0,0,0.07832805,0.07832803,0.0,0.0,2490378,4325386,2490378,0,0,0.0032237344,0.0032237358,0.0,0.0,1,1,0,0,50,50,0,0,1,1,0,0,50,50,0,0
1476372642,2490378,4259850,2490378,0,0,0.088263944,0.0882639,0.0,0.0,2490378,4325386,2490378,0,0,0.004083812,0.0040838104,0.0,0.0,1,1,0,0,50,50,0,0,1,1,0,0,50,50,0,0
1476571836,2490378,4259850,2490378,0,0,0.080929875,0.08092987,0.0,0.0,2490378,4325386,2490378,0,0,0.003622718,0.003622718,0.0,0.0,1,1,0,0,50,50,0,0,1,1,0,0,50,50,0,0
1476775764,2490378,4259850,2490378,0,0,0.08563883,0.08563882,0.0,0.0,2490378,4325386,2490378,0,0,0.004259878,0.004259878,0.0,0.0,1,1,0,0,50,50,0,0,1,1,0,0,50,50,0,0
1476974857,2490378,4259850,2490378,0,0,0.056152202,0.056152202,0.0,0.0,2490378,4325386,2490378,0,0,0.00752383,0.0075238314,0.0,0.0,1,1,0,0,50,50,0,0,1,1,0,0,50,50,0,0
1477173970,2490378,4259850,2490378,0,0,0.07171398,0.07171396,0.0,0.0,2490378,4325386,2490378,0,0,0.0045351717,0.0045351735,0.0,0.0,1,1,0,0,50,50,0,0,1,1,0,0,50,50,0,0
1477373031,2490378,4259850,2490378,0,0,0.07056873,0.07056878,0.0,0.0,2490378,4325386,2490378,0,0,0.004033712,0.004033716,0.0,0.0,1,1,0,0,50,50,0,0,1,1,0,0,50,50,0,0
1477572119,2490378,4259850,2490378,0,0,0.06449892,0.06449897,0.0,0.0,2490378,4325386,2490378,0,0,0.0037213257,0.0037213266,0.0,0.0,1,1,0,0,50,50,0,0,1,1,0,0,50,50,0,0
1477776215,2490378,4259850,2490378,0,0,0.09129771,0.09129772,0.0,0.0,2490378,4325386,2490378,0,0,0.004091305,0.0040913057,0.0,0.0,1,1,0,0,50,50,0,0,1,1,0,0,50,50,0,0
1477975271,2490378,4259850,2490378,0,0,0.072988585,0.072988585,0.0,0.0,2490378,4325386,2490378,0,0,0.0039020062,0.0039020064,0.0,0.0,1,1,0,0,50,50,0,0,1,1,0,0,50,50,0,0
1478174365,2490378,4259850,2490378,0,0,0.072583556,0.072583534,0.0,0.0,2490378,4325386,2490378,0,0,0.004425086,0.0044250833,0.0,0.0,1,1,0,0,50,50,0,0,1,1,0,0,50,50,0,0
1478378427,2490378,4259850,2490378,0,0,0.0706593,0.07065932,0.0,0.0,2490378,4325386,2490378,0,0,0.0031316446,0.0031316436,0.0,0.0,1,1,0,0,50,50,0,0,1,1,0,0,50,50,0,0
1478577514,2490378,4259850,2490378,0,0,0.07470884,0.07470888,0.0,0.0,2490378,4325386,2490378,0,0,0.0045105643,0.0045105633,0.0,0.0,1,1,0,0,50,50,0,0,1,1,0,0,50,50,0,0
1478776618,2490378,4259850,2490378,0,0,0.07254917,0.072549194,0.0,0.0,2490378,4325386,2490378,0,0,0.0037506626,0.003750663,0.0,0.0,1,1,0,0,50,50,0,0,1,1,0,0,50,50,0,0
1478975700,2490378,4259850,2490378,0,0,0.08898044,0.088980496,0.0,0.0,2490378,4325386,2490378,0,0,0.0038010788,0.0038010767,0.0,0.0,1,1,0,0,50,50,0,0,1,1,0,0,50,50,0,0
1479174781,2490378,4259850,2490378,0,0,0.097681716,0.09768171,0.0,0.0,2490378,4325386,2490378,0,0,0.0036160394,0.0036160394,0.0,0.0,1,1,0,0,50,50,0,0,1,1,0,0,50,50,0,0
1479373960,2490378,4259850,2490378,0,0,0.08550133,0.08550134,0.0,0.0,2490378,4325386,2490378,0,0,0.004756894,0.0047568954,0.0,0.0,1,1,0,0,50,50,0,0,1,1,0,0,50,50,0,0
1479577966,2490378,4259850,2490378,0,0,0.080217876,0.0802179,0.0,0.0,2490378,4325386,2490378,0,0,0.0046619535,0.004661954,0.0,0.0,1,1,0,0,50,50,0,0,1,1,0,0,50,50,0,0
1479777025,2490378,4259850,2490378,0,0,0.098740295,0.0987403,0.0,0.0,2490378,4325386,2490378,0,0,0.0038619344,0.0038619342,0.0,0.0,1,1,0,0,50,50,0,0,1,1,0,0,50,50,0,0
1479976142,2490378,4259850,2490378,0,0,0.10755197,0.107551984,0.0,0.0,2490378,4325386,2490378,0,0,0.0045249434,0.004524942,0.0,0.0,1,1,0,0,50,50,0,0,1,1,0,0,50,50,0,0
1480175207,2490378,4259850,2490378,0,0,0.09909052,0.09909052,0.0,0.0,2490378,4325386,2490378,0,0,0.003648144,0.0036481444,0.0,0.0,1,1,0,0,50,50,0,0,1,1,0,0,50,50,0,0
1480374292,2490378,4259850,2490378,0,0,0.11873445,0.118734464,0.0,0.0,2490378,4325386,2490378,0,0,0.0039875484,0.0039875493,0.0,0.0,1,1,0,0,50,50,0,0,1,1,0,0,50,50,0,0
1480573381,2490378,4259850,2490378,0,0,0.11666959,0.11666961,0.0,0.0,2490378,4325386,2490378,0,0,0.0035600124,0.003560013,0.0,0.0,1,1,0,0,50,50,0,0,1,1,0,0,50,50,0,0
1480772473,2490378,4259850,2490378,0,0,0.11719954,0.117199555,0.0,0.0,2490378,4325386,2490378,0,0,0.0043599466,0.0043599466,0.0,0.0,1,1,0,0,50,50,0,0,1,1,0,0,50,50,0,0
1480976534,2490378,4259850,2490378,0,0,0.112719536,0.11271951,0.0,0.0,2490378,4325386,2490378,0,0,0.0034848698,0.0034848696,0.0,0.0,1,1,0,0,50,50,0,0,1,1,0,0,50,50,0,0
1481175659,2490378,4259850,2490378,0,0,0.10380617,0.103806175,0.0,0.0,2490378,4325386,2490378,0,0,0.0030519448,0.003051945,0.0,0.0,1,1,0,0,50,50,0,0,1,1,0,0,50,50,0,0
1481374714,2490378,4259850,2490378,0,0,0.18994205,0.18994196,0.0,0.0,2490378,4325386,2490378,0,0,0.005657653,0.0056576547,0.0,0.0,1,1,0,0,50,50,0,0,1,1,0,0,50,50,0,0
1481573809,2490378,4259850,2490378,0,0,0.3390407,0.33904085,0.0,0.0,2490378,4325386,2490378,0,0,0.010102216,0.010102208,0.0,0.0,1,1,0,0,50,50,0,0,1,1,0,0,50,50,0,0
1481772888,2490378,4259850,2490378,0,0,0.10595805,0.105958074,0.0,0.0,2490378,4325386,2490378,0,0,0.0041324254,0.004132426,0.0,0.0,1,1,0,0,50,50,0,0,1,1,0,0,50,50,0,0
1481971978,2490378,4259850,2490378,0,0,0.08972654,0.08972663,0.0,0.0,2490378,4325386,2490378,0,0,0.0034837455,0.003483744,0.0,0.0,1,1,0,0,50,50,0,0,1,1,0,0,50,50,0,0
1482176051,2490378,4259850,2490378,0,0,0.06550798,0.06550798,0.0,0.0,2490378,4325386,2490378,0,0,0.00372391,0.003723909,0.0,0.0,1,1,0,0,50,50,0,0,1,1,0,0,50,50,0,0
1482375134,2490378,4259850,2490378,0,0,0.057488512,0.057488605,0.0,0.0,2490378,4325386,2490378,0,0,0.0028038262,0.0028038274,0.0,0.0,1,1,0,0,50,50,0,0,1,1,0,0,50,50,0,0
1482574221,2490378,4259850,2490378,0,0,0.059094463,0.059094474,0.0,0.0,2490378,4325386,2490378,0,0,0.0038597083,0.003859709,0.0,0.0,1,1,0,0,50,50,0,0,1,1,0,0,50,50,0,0
1482773383,2490378,4259850,2490378,0,0,0.080594994,0.0805951,0.0,0.0,2490378,4325386,2490378,0,0,0.0043084393,0.0043084384,0.0,0.0,1,1,0,0,50,50,0,0,1,1,0,0,50,50,0,0
1482977376,2490378,4259850,2490378,0,0,0.085609004,0.08560898,0.0,0.0,2490378,4325386,2490378,0,0,0.003720215,0.003720214,0.0,0.0,1,1,0,0,50,50,0,0,1,1,0,0,50,50,0,0
1483176462,2490378,4259850,2490378,0,0,0.080118075,0.08011808,0.0,0.0,2490378,4325386,2490378,0,0,0.0035010537,0.0035010525,0.0,0.0,1,1,0,0,50,50,0,0,1,1,0,0,50,50,0,0
1483375553,2490378,4259850,2490378,0,0,0.10270494,0.10270485,0.0,0.0,2490378,4325386,2490378,0,0,0.004065242,0.004065242,0.0,0.0,1,1,0,0,50,50,0,0,1,1,0,0,50,50,0,0
1483574646,2490378,4259850,2490378,0,0,0.038694084,0.038694084,0.0,0.0,2490378,4325386,2490378,0,0,0.0035188633,0.003518863,0.0,0.0,1,1,0,0,50,50,0,0,1,1,0,0,50,50,0,0
1483778713,2490378,4259850,2490378,0,0,0.02690682,0.026906846,0.0,0.0,2490378,4325386,2490378,0,0,0.003658331,0.0036583308,0.0,0.0,1,1,0,0,50,50,0,0,1,1,0,0,50,50,0,0
1483977798,2490378,4259850,2490378,0,0,0.011834376,0.011834359,0.0,0.0,2490378,4325386,2490378,0,0,0.0028371708,0.0028371715,0.0,0.0,1,1,0,0,50,50,0,0,1,1,0,0,50,50,0,0
1484176934,2490378,4259850,2490378,0,0,0.039294694,0.039294776,0.0,0.0,2490378,4325386,2490378,0,0,0.0041418355,0.0041418346,0.0,0.0,1,1,0,0,50,50,0,0,1,1,0,0,50,50,0,0
1484375976,2490378,4259850,2490378,0,0,0.02198785,0.021987865,0.0,0.0,2490378,4325386,2490378,0,0,0.0043415073,0.0043415073,0.0,0.0,1,1,0,0,50,50,0,0,1,1,0,0,50,50,0,0
1484575061,2490378,4259850,2490378,0,0,0.041031424,0.04103146,0.0,0.0,2490378,4325386,2490378,0,0,0.0035133422,0.0035133422,0.0,0.0,1,1,0,0,50,50,0,0,1,1,0,0,50,50,0,0
1484774153,2490378,4259850,2490378,0,0,0.025044437,0.0250444,0.0,0.0,2490378,4325386,2490378,0,0,0.0042845453,0.004284545,0.0,0.0,1,1,0,0,50,50,0,0,1,1,0,0,50,50,0,0
1484973238,2490378,4259850,2490378,0,0,0.021972442,0.021972466,0.0,0.0,2490378,4325386,2490378,0,0,0.003839953,0.0038399522,0.0,0.0,1,1,0,0,50,50,0,0,1,1,0,0,50,50,0,0
1485177307,2490378,4259850,2490378,0,0,0.019193385,0.019193377,0.0,0.0,2490378,4325386,2490378,0,0,0.0036709588,0.003670959,0.0,0.0,1,1,0,0,50,50,0,0,1,1,0,0,50,50,0,0
1485376396,2490378,4259850,2490378,0,0,0.02539733,0.025397295,0.0,0.0,2490378,4325386,2490378,0,0,0.0038390814,0.0038390798,0.0,0.0,1,1,0,0,50,50,0,0,1,1,0,0,50,50,0,0
1485575513,2490378,4259850,2490378,0,0,0.023317076,0.023316976,0.0,0.0,2490378,4325386,2490378,0,0,0.005055361,0.0050553596,0.0,0.0,1,1,0,0,50,50,0,0,1,1,0,0,50,50,0,0
1485774573,2490378,4259850,2490378,0,0,0.0188922,0.018892221,0.0,0.0,2490378,4325386,2490378,0,0,0.0035484154,0.0035484133,0.0,0.0,1,1,0,0,50,50,0,0,1,1,0,0,50,50,0,0
1485973680,2490378,4259850,2490378,0,0,0.05016486,0.05016485,0.0,0.0,2490378,4325386,2490378,0,0,0.004432273,0.0044322717,0.0,0.0,1,1,0,0,50,50,0,0,1,1,0,0,50,50,0,0
1486172749,2490378,4259850,2490378,0,0,0.048355523,0.04835555,0.0,0.0,2490378,4325386,2490378,0,0,0.004134423,0.0041344226,0.0,0.0,1,1,0,0,50,50,0,0,1,1,0,0,50,50,0,0
1486371862,2490378,4259850,2490378,0,0,0.053178206,0.05317824,0.0,0.0,2490378,4325386,2490378,0,0,0.0045089256,0.0045089265,0.0,0.0,1,1,0,0,50,50,0,0,1,1,0,0,50,50,0,0
1486575922,2490378,4259850,2490378,0,0,0.09792435,0.09792434,0.0,0.0,2490378,4325386,2490378,0,0,0.0043383045,0.0043383054,0.0,0.0,1,1,0,0,50,50,0,0,1,1,0,0,50,50,0,0
1486774999,2490378,4259850,2490378,0,0,0.10799691,0.107996896,0.0,0.0,2490378,4325386,2490378,0,0,0.0045577134,0.0045577143,0.0,0.0,1,1,0,0,50,50,0,0,1,1,0,0,50,50,0,0
1486974084,2490378,4259850,2490378,0,0,0.12511206,0.1251121,0.0,0.0,2490378,4325386,2490378,0,0,0.0042946455,0.004294646,0.0,0.0,1,1,0,0,50,50,0,0,1,1,0,0,50,50,0,0
1487173169,2490378,4259850,2490378,0,0,0.117313616,0.11731361,0.0,0.0,2490378,4325386,2490378,0,0,0.0038765147,0.0038765147,0.0,0.0,1,1,0,0,50,50,0,0,1,1,0,0,50,50,0,0
1487372290,2490378,4259850,2490378,0,0,0.11479014,0.11479015,0.0,0.0,2490378,4325386,2490378,0,0,0.0030535383,0.0030535376,0.0,0.0,1,1,0,0,50,50,0,0,1,1,0,0,50,50,0,0
1487576327,2490378,4259850,2490378,0,0,0.10563276,0.10563276,0.0,0.0,2490378,4325386,2490378,0,0,0.0035431047,0.0035431045,0.0,0.0,1,1,0,0,50,50,0,0,1,1,0,0,50,50,0,0
1487775425,2490378,4259850,2490378,0,0,0.08973814,0.08973813,0.0,0.0,2490378,4325386,2490378,0,0,0.0031396071,0.003139607,0.0,0.0,1,1,0,0,50,50,0,0,1,1,0,0,50,50,0,0
1487974501,2490378,4259850,2490378,0,0,0.07099297,0.07099295,0.0,0.0,2490378,4325386,2490378,0,0,0.003308818,0.0033088184,0.0,0.0,1,1,0,0,50,50,0,0,1,1,0,0,50,50,0,0
1488178574,2490378,4259850,2490378,0,0,0.068922,0.068921976,0.0,0.0,2490378,4325386,2490378,0,0,0.004047814,0.0040478134,0.0,0.0,1,1,0,0,50,50,0,0,1,1,0,0,50,50,0,0
1488377690,2490378,4259850,2490378,0,0,0.11534395,0.11534394,0.0,0.0,2490378,4325386,2490378,0,0,0.0033298181,0.0033298174,0.0,0.0,1,1,0,0,50,50,0,0,1,1,0,0,50,50,0,0
1488576751,2490378,4259850,2490378,0,0,0.099698976,0.099699,0.0,0.0,2490378,4325386,2490378,0,0,0.0036578046,0.0036578043,0.0,0.0,1,1,0,0,50,50,0,0,1,1,0,0,50,50,0,0
1488775917,2490378,4259850,2490378,0,0,0.10891666,0.10891665,0.0,0.0,2490378,4325386,2490378,0,0,0.0038606056,0.0038606063,0.0,0.0,1,1,0,0,50,50,0,0,1,1,0,0,50,50,0,0
1488974931,2490378,4259850,2490378,0,0,0.1333114,0.1333114,0.0,0.0,2490378,4325386,2490378,0,0,0.0030297702,0.0030297702,0.0,0.0,1,1,0,0,50,50,0,0,1,1,0,0,50,50,0,0
1489174046,2490378,4259850,2490378,0,0,0.12980802,0.12980801,0.0,0.0,2490378,4325386,2490378,0,0,0.0040343353,0.0040343357,0.0,0.0,1,1,0,0,50,50,0,0,1,1,0,0,50,50,0,0
1489378079,2490378,4259850,2490378,0,0,0.124558605,0.1245586,0.0,0.0,2490378,4325386,2490378,0,0,0.002501996,0.002501996,0.0,0.0,1,1,0,0,50,50,0,0,1,1,0,0,50,50,0,0
1489577168,2490378,4259850,2490378,0,0,0.11040781,0.11040782,0.0,0.0,2490378,4325386,2490378,0,0,0.0036973557,0.0036973553,0.0,0.0,1,1,0,0,50,50,0,0,1,1,0,0,50,50,0,0
1489776258,2490378,4259850,2490378,0,0,0.037661623,0.037661616,0.0,0.0,2490378,4325386,2490378,0,0,0.0036569077,0.0036569068,0.0,0.0,1,1,0,0,50,50,0,0,1,1,0,0,50,50,0,0
1489975348,2490378,4259850,2490378,0,0,0.02603607,0.026036078,0.0,0.0,2490378,4325386,2490378,0,0,0.0035262767,0.0035262755,0.0,0.0,1,1,0,0,50,50,0,0,1,1,0,0,50,50,0,0
1490174437,2490378,4259850,2490378,0,0,0.020779978,0.02077996,0.0,0.0,2490378,4325386,2490378,0,0,0.005350661,0.0053506596,0.0,0.0,1,1,0,0,50,50,0,0,1,1,0,0,50,50,0,0
1490373531,2490378,4259850,2490378,0,0,0.050752107,0.05075214,0.0,0.0,2490378,4325386,2490378,0,0,0.004115376,0.004115376,0.0,0.0,1,1,0,0,50,50,0,0,1,1,0,0,50,50,0,0
1490572614,2490378,4259850,2490378,0,0,0.059195112,0.05919511,0.0,0.0,2490378,4325386,2490378,0,0,0.0029967837,0.0029967818,0.0,0.0,1,1,0,0,50,50,0,0,1,1,0,0,50,50,0,0
1490776716,2490378,4259850,2490378,0,0,0.09853032,0.09853033,0.0,0.0,2490378,4325386,2490378,0,0,0.0038804575,0.0038804573,0.0,0.0,1,1,0,0,50,50,0,0,1,1,0,0,50,50,0,0
1490975767,2490378,4259850,2490378,0,0,0.068430156,0.06843014,0.0,0.0,2490378,4325386,2490378,0,0,0.0037417277,0.003741728,0.0,0.0,1,1,0,0,50,50,0,0,1,1,0,0,50,50,0,0
1491174892,2490378,4259850,2490378,0,0,0.09903477,0.09903481,0.0,0.0,2490378,4325386,2490378,0,0,0.0033823187,0.0033823198,0.0,0.0,1,1,0,0,50,50,0,0,1,1,0,0,50,50,0,0
1491373964,2490378,4259850,2490378,0,0,0.110874526,0.11087453,0.0,0.0,2490378,4325386,2490378,0,0,0.004096774,0.004096773,0.0,0.0,1,1,0,0,50,50,0,0,1,1,0,0,50,50,0,0
1491573034,2490378,4259850,2490378,0,0,0.13300139,0.1330014,0.0,0.0,2490378,4325386,2490378,0,0,0.0049623493,0.00496235,0.0,0.0,1,1,0,0,50,50,0,0,1,1,0,0,50,50,0,0
1491772154,2490378,4259850,2490378,0,0,0.100051865,0.10005185,0.0,0.0,2490378,4325386,2490378,0,0,0.0039834967,0.0039834958,0.0,0.0,1,1,0,0,50,50,0,0,1,1,0,0,50,50,0,0
1491971213,2490378,4259850,2490378,0,0,0.11377078,0.11377079,0.0,0.0,2490378,4325386,2490378,0,0,0.0031774763,0.0031774763,0.0,0.0,1,1,0,0,50,50,0,0,1,1,0,0,50,50,0,0
1492175287,2490378,4259850,2490378,0,0,0.12914981,0.1291498,0.0,0.0,2490378,4325386,2490378,0,0,0.0037588058,0.0037588056,0.0,0.0,1,1,0,0,50,50,0,0,1,1,0,0,50,50,0,0
1492374374,2490378,4259850,2490378,0,0,0.05705694,0.05705696,0.0,0.0,2490378,4325386,2490378,0,0,0.0024766468,0.0024766468,0.0,0.0,1,1,0,0,50,50,0,0,1,1,0,0,50,50,0,0
1492573479,2490378,4259850,2490378,0,0,0.041503806,0.041503772,0.0,0.0,2490378,4325386,2490378,0,0,0.00329769,0.0032976908,0.0,0.0,1,1,0,0,50,50,0,0,1,1,0,0,50,50,0,0
1492777552,2490378,4259850,2490378,0,0,0.108791865,0.10879187,0.0,0.0,2490378,4325386,2490378,0,0,0.0044803405,0.0044803424,0.0,0.0,1,1,0,0,50,50,0,0,1,1,0,0,50,50,0,0
1492976611,2490378,4259850,2490378,0,0,0.10274779,0.10274778,0.0,0.0,2490378,4325386,2490378,0,0,0.0030617926,0.0030617933,0.0,0.0,1,1,0,0,50,50,0,0,1,1,0,0,50,50,0,0
1493175703,2490378,4259850,2490378,0,0,0.12122714,0.121227145,0.0,0.0,2490378,4325386,2490378,0,0,0.0045413305,0.0045413296,0.0,0.0,1,1,0,0,50,50,0,0,1,1,0,0,50,50,0,0
1493374789,2490378,4259850,2490378,0,0,0.051368285,0.051368248,0.0,0.0,2490378,4325386,2490378,0,0,0.004455707,0.004455703,0.0,0.0,1,1,0,0,50,50,0,0,1,1,0,0,50,50,0,0
1493578859,2490378,4259850,2490378,0,0,0.03465827,0.03465825,0.0,0.0,2490378,4325386,2490378,0,0,0.0032266944,0.003226694,0.0,0.0,1,1,0,0,50,50,0,0,1,1,0,0,50,50,0,0
1493777947,2490378,4259850,2490378,0,0,0.04365596,0.043655958,0.0,0.0,2490378,4325386,2490378,0,0,0.004412369,0.004412368,0.0,0.0,1,1,0,0,50,50,0,0,1,1,0,0,50,50,0,0
1493977061,2490378,4259850,2490378,0,0,0.048941758,0.048941765,0.0,0.0,2490378,4325386,2490378,0,0,0.003938056,0.0039380565,0.0,0.0,1,1,0,0,50,50,0,0,1,1,0,0,50,50,0,0
1494176142,2490378,4259850,2490378,0,0,0.089237235,0.08923727,0.0,0.0,2490378,4325386,2490378,0,0,0.003149084,0.0031490847,0.0,0.0,1,1,0,0,50,50,0,0,1,1,0,0,50,50,0,0
1494375217,2490378,4259850,2490378,0,0,0.06574765,0.06574768,0.0,0.0,2490378,4325386,2490378,0,0,0.003973474,0.003973474,0.0,0.0,1,1,0,0,50,50,0,0,1,1,0,0,50,50,0,0
1494574302,2490378,4259850,2490378,0,0,0.024862459,0.024862463,0.0,0.0,2490378,4325386,2490378,0,0,0.0044734445,0.0044734445,0.0,0.0,1,1,0,0,50,50,0,0,1,1,0,0,50,50,0,0
1494773428,2490378,4259850,2490378,0,0,0.072787955,0.07278797,0.0,0.0,2490378,4325386,2490378,0,0,0.0036405085,0.0036405078,0.0,0.0,1,1,0,0,50,50,0,0,1,1,0,0,50,50,0,0
1494977457,2490378,4259850,2490378,0,0,0.11285416,0.11285415,0.0,0.0,2490378,4325386,2490378,0,0,0.0032161453,0.0032161442,0.0,0.0,1,1,0,0,50,50,0,0,1,1,0,0,50,50,0,0
1495176558,2490378,4259850,2490378,0,0,0.084707394,0.08470741,0.0,0.0,2490378,4325386,2490378,0,0,0.0036357057,0.0036357052,0.0,0.0,1,1,0,0,50,50,0,0,1,1,0,0,50,50,0,0
1495375638,2490378,4259850,2490378,0,0,0.062337387,0.06233738,0.0,0.0,2490378,4325386,2490378,0,0,0.0043106293,0.0043106293,0.0,0.0,1,1,0,0,50,50,0,0,1,1,0,0,50,50,0,0
1495574722,2490378,4259850,2490378,0,0,0.110221915,0.11022192,0.0,0.0,2490378,4325386,2490378,0,0,0.0038188784,0.0038188782,0.0,0.0,1,1,0,0,50,50,0,0,1,1,0,0,50,50,0,0
1495773841,2490378,4259850,2490378,0,0,0.12525405,0.12525405,0.0,0.0,2490378,4325386,2490378,0,0,0.003490438,0.0034904378,0.0,0.0,1,1,0,0,50,50,0,0,1,1,0,0,50,50,0,0
1495972927,2490378,4259850,2490378,0,0,0.11744119,0.11744117,0.0,0.0,2490378,4325386,2490378,0,0,0.0042828135,0.0042828135,0.0,0.0,1,1,0,0,50,50,0,0,1,1,0,0,50,50,0,0
1496171987,2490378,4259850,2490378,0,0,0.12328978,0.123289764,0.0,0.0,2490378,4325386,2490378,0,0,0.0035924336,0.003592434,0.0,0.0,1,1,0,0,50,50,0,0,1,1,0,0,50,50,0,0
1496376057,2490378,4259850,2490378,0,0,0.09996442,0.09996438,0.0,0.0,2490378,4325386,2490378,0,0,0.0039587663,0.0039587663,0.0,0.0,1,1,0,0,50,50,0,0,1,1,0,0,50,50,0,0
1496575144,2490378,4259850,2490378,0,0,0.097846515,0.09784652,0.0,0.0,2490378,4325386,2490378,0,0,0.0032802313,0.0032802317,0.0,0.0,1,1,0,0,50,50,0,0,1,1,0,0,50,50,0,0
1496774262,2490378,4259850,2490378,0,0,0.09683433,0.096834354,0.0,0.0,2490378,4325386,2490378,0,0,0.0033800954,0.003380095,0.0,0.0,1,1,0,0,50,50,0,0,1,1,0,0,50,50,0,0
1496973321,2490378,4259850,2490378,0,0,0.12505452,0.12505454,0.0,0.0,2490378,4325386,2490378,0,0,0.0037336543,0.0037336517,0.0,0.0,1,1,0,0,50,50,0,0,1,1,0,0,50,50,0,0
1497172416,2490378,4259850,2490378,0,0,0.1028367,0.102836706,0.0,0.0,2490378,4325386,2490378,0,0,0.005026346,0.005026345,0.0,0.0,1,1,0,0,50,50,0,0,1,1,0,0,50,50,0,0
1497376525,2490378,4259850,2490378,0,0,0.12429048,0.124290496,0.0,0.0,2490378,4325386,2490378,0,0,0.0032569754,0.0032569754,0.0,0.0,1,1,0,0,50,50,0,0,1,1,0,0,50,50,0,0
1497575568,2490378,4259850,2490378,0,0,0.108610086,0.10861011,0.0,0.0,2490378,4325386,2490378,0,0,0.0040481775,0.004048177,0.0,0.0,1,1,0,0,50,50,0,0,1,1,0,0,50,50,0,0
1497774658,2490378,4259850,2490378,0,0,0.11786555,0.117865555,0.0,0.0,2490378,4325386,2490378,0,0,0.0039890003,0.0039890003,0.0,0.0,1,1,0,0,50,50,0,0,1,1,0,0,50,50,0,0
1497973745,2490378,4259850,2490378,0,0,0.07862493,0.07862494,0.0,0.0,2490378,4325386,2490378,0,0,0.0044669686,0.0044669695,0.0,0.0,1,1,0,0,50,50,0,0,1,1,0,0,50,50,0,0
1498177812,2490378,4259850,2490378,0,0,0.104075044,0.104075044,0.0,0.0,2490378,4325386,2490378,0,0,0.0038009058,0.003800906,0.0,0.0,1,1,0,0,50,50,0,0,1,1,0,0,50,50,0,0
1498376900,2490378,4259850,2490378,0,0,0.10728112,0.10728114,0.0,0.0,2490378,4325386,2490378,0,0,0.0031733548,0.0031733548,0.0,0.0,1,1,0,0,50,50,0,0,1,1,0,0,50,50,0,0
1498575991,2490378,4259850,2490378,0,0,0.07310665,0.07310666,0.0,0.0,2490378,4325386,2490378,0,0,0.0037571546,0.0037571543,0.0,0.0,1,1,0,0,50,50,0,0,1,1,0,0,50,50,0,0
1498775080,2490378,4259850,2490378,0,0,0.09676073,0.09676071,0.0,0.0,2490378,4325386,2490378,0,0,0.0039078663,0.003907867,0.0,0.0,1,1,0,0,50,50,0,0,1,1,0,0,50,50,0,0
1498974188,2490378,4259850,2490378,0,0,0.10335652,0.103356525,0.0,0.0,2490378,4325386,2490378,0,0,0.0036563212,0.0036563207,0.0,0.0,1,1,0,0,50,50,0,0,1,1,0,0,50,50,0,0
1499178235,2490378,4259850,2490378,0,0,0.063450135,0.06345014,0.0,0.0,2490378,4325386,2490378,0,0,0.0032445122,0.0032445113,0.0,0.0,1,1,0,0,50,50,0,0,1,1,0,0,50,50,0,0
1499377322,2490378,4259850,2490378,0,0,0.102125704,0.10212574,0.0,0.0,2490378,4325386,2490378,0,0,0.0035844522,0.003584452,0.0,0.0,1,1,0,0,50,50,0,0,1,1,0,0,50,50,0,0
1499576452,2490378,4259850,2490378,0,0,0.118078984,0.118078984,0.0,0.0,2490378,4325386,2490378,0,0,0.004597112,0.0045971097,0.0,0.0,1,1,0,0,50,50,0,0,1,1,0,0,50,50,0,0
1499775500,2490378,4259850,2490378,0,0,0.12820597,0.12820596,0.0,0.0,2490378,4325386,2490378,0,0,0.003731187,0.0037311888,0.0,0.0,1,1,0,0,50,50,0,0,1,1,0,0,50,50,0,0
1499974586,2490378,4259850,2490378,0,0,0.10500178,0.105001785,0.0,0.0,2490378,4325386,2490378,0,0,0.0037674974,0.0037674978,0.0,0.0,1,1,0,0,50,50,0,0,1,1,0,0,50,50,0,0
1500173746,2490378,4259850,2490378,0,0,0.12092493,0.12092493,0.0,0.0,2490378,4325386,2490378,0,0,0.003676368,0.0036763672,0.0,0.0,1,1,0,0,50,50,0,0,1,1,0,0,50,50,0,0
1500372800,2490378,4259850,2490378,0,0,0.08497274,0.084972754,0.0,0.0,2490378,4325386,2490378,0,0,0.003773426,0.0037734252,0.0,0.0,1,1,0,0,50,50,0,0,1,1,0,0,50,50,0,0
1500576833,2490378,4259850,2490378,0,0,0.117494404,0.11749441,0.0,0.0,2490378,4325386,2490378,0,0,0.004402723,0.004402723,0.0,0.0,1,1,0,0,50,50,0,0,1,1,0,0,50,50,0,0
1500775920,2490378,4259850,2490378,0,0,0.096523315,0.09652332,0.0,0.0,2490378,4325386,2490378,0,0,0.004354261,0.0043542604,0.0,0.0,1,1,0,0,50,50,0,0,1,1,0,0,50,50,0,0
1500975035,2490378,4259850,2490378,0,0,0.076091014,0.07609103,0.0,0.0,2490378,4325386,2490378,0,0,0.0041255336,0.0041255355,0.0,0.0,1,1,0,0,50,50,0,0,1,1,0,0,50,50,0,0
1501174099,2490378,4259850,2490378,0,0,0.10695951,0.1069595,0.0,0.0,2490378,4325386,2490378,0,0,0.0037107912,0.0037107908,0.0,0.0,1,1,0,0,50,50,0,0,1,1,0,0,50,50,0,0
1501373189,2490378,4259850,2490378,0,0,0.091967836,0.09196782,0.0,0.0,2490378,4325386,2490378,0,0,0.0053756093,0.0053756107,0.0,0.0,1,1,0,0,50,50,0,0,1,1,0,0,50,50,0,0
1501572276,2490378,4259850,2490378,0,0,0.0951395,0.095139496,0.0,0.0,2490378,4325386,2490378,0,0,0.0025288605,0.0025288602,0.0,0.0,1,1,0,0,50,50,0,0,1,1,0,0,50,50,0,0
1501771392,2490378,4259850,2490378,0,0,0.43208736,0.43208745,0.0,0.0,2490378,4325386,2490378,0,0,0.0065836,0.006583601,0.0,0.0,1,1,0,0,50,50,0,0,1,1,0,0,50,50,0,0
1501975468,2490378,4259850,2490378,0,0,0.1383077,0.1383077,0.0,0.0,2490378,4325386,2490378,0,0,0.005753988,0.0057539884,0.0,0.0,1,1,0,0,50,50,0,0,1,1,0,0,50,50,0,0
1502174535,2490378,4259850,2490378,0,0,0.08027868,0.08027864,0.0,0.0,2490378,4325386,2490378,0,0,0.0054565812,0.0054565775,0.0,0.0,1,1,0,0,50,50,0,0,1,1,0,0,50,50,0,0
1502373643,2490378,4259850,2490378,0,0,0.11124231,0.1112423,0.0,0.0,2490378,4325386,2490378,0,0,0.0037659355,0.0037659353,0.0,0.0,1,1,0,0,50,50,0,0,1,1,0,0,50,50,0,0
1502572703,2490378,4259850,2490378,0,0,0.122831196,0.12283118,0.0,0.0,2490378,4325386,2490378,0,0,0.0038674555,0.0038674548,0.0,0.0,1,1,0,0,50,50,0,0,1,1,0,0,50,50,0,0
1502776773,2490378,4259850,2490378,0,0,0.12456119,0.124561176,0.0,0.0,2490378,4325386,2490378,0,0,0.0041634873,0.0041634873,0.0,0.0,1,1,0,0,50,50,0,0,1,1,0,0,50,50,0,0
1502975877,2490378,4259850,2490378,0,0,0.116098195,0.11609817,0.0,0.0,2490378,4325386,2490378,0,0,0.003503646,0.0035036458,0.0,0.0,1,1,0,0,50,50,0,0,1,1,0,0,50,50,0,0
1503174959,2490378,4259850,2490378,0,0,0.12113387,0.1211339,0.0,0.0,2490378,4325386,2490378,0,0,0.0035798883,0.0035798883,0.0,0.0,1,1,0,0,50,50,0,0,1,1,0,0,50,50,0,0
1503379018,2490378,4259850,2490378,0,0,0.12318146,0.12318143,0.0,0.0,2490378,4325386,2490378,0,0,0.0031821928,0.0031821928,0.0,0.0,1,1,0,0,50,50,0,0,1,1,0,0,50,50,0,0
1503578099,2490378,4259850,2490378,0,0,0.12193552,0.121935524,0.0,0.0,2490378,4325386,2490378,0,0,0.003414269,0.003414269,0.0,0.0,1,1,0,0,50,50,0,0,1,1,0,0,50,50,0,0
1503777187,2490378,4259850,2490378,0,0,0.12214743,0.12214743,0.0,0.0,2490378,4325386,2490378,0,0,0.0035266567,0.0035266567,0.0,0.0,1,1,0,0,50,50,0,0,1,1,0,0,50,50,0,0
1503976277,2490378,4259850,2490378,0,0,0.12381222,0.1238122,0.0,0.0,2490378,4325386,2490378,0,0,0.0035432184,0.0035432184,0.0,0.0,1,1,0,0,50,50,0,0,1,1,0,0,50,50,0,0
1504175388,2490378,4259850,2490378,0,0,0.12155547,0.12155548,0.0,0.0,2490378,4325386,2490378,0,0,0.003448335,0.003448335,0.0,0.0,1,1,0,0,50,50,0,0,1,1,0,0,50,50,0,0
1504374458,2490378,4259850,2490378,0,0,0.1213201,0.12132009,0.0,0.0,2490378,4325386,2490378,0,0,0.0040840246,0.0040840246,0.0,0.0,1,1,0,0,50,50,0,0,1,1,0,0,50,50,0,0
1504573544,2490378,4259850,2490378,0,0,0.12570645,0.12570645,0.0,0.0,2490378,4325386,2490378,0,0,0.0037540612,0.0037540612,0.0,0.0,1,1,0,0,50,50,0,0,1,1,0,0,50,50,0,0
1504777611,2490378,4259850,2490378,0,0,0.12090537,0.12090537,0.0,0.0,2490378,4325386,2490378,0,0,0.0033544262,0.0033544262,0.0,0.0,1,1,0,0,50,50,0,0,1,1,0,0,50,50,0,0
1504976763,2490378,4259850,2490378,0,0,0.121057,0.121057004,0.0,0.0,2490378,4325386,2490378,0,0,0.0033612326,0.0033612326,0.0,0.0,1,1,0,0,50,50,0,0,1,1,0,0,50,50,0,0
1505175815,2490378,4259850,2490378,0,0,0.12272942,0.12272941,0.0,0.0,2490378,4325386,2490378,0,0,0.0034146972,0.0034146972,0.0,0.0,1,1,0,0,50,50,0,0,1,1,0,0,50,50,0,0
1505374876,2490378,4259850,2490378,0,0,0.12537287,0.12537286,0.0,0.0,2490378,4325386,2490378,0,0,0.0036936237,0.0036936235,0.0,0.0,1,1,0,0,50,50,0,0,1,1,0,0,50,50,0,0
1505573982,2490378,4259850,2490378,0,0,0.122470856,0.12247085,0.0,0.0,2490378,4325386,2490378,0,0,0.004081216,0.004081216,0.0,0.0,1,1,0,0,50,50,0,0,1,1,0,0,50,50,0,0
1505773082,2490378,4259850,2490378,0,0,0.118961036,0.11896103,0.0,0.0,2490378,4325386,2490378,0,0,0.003699387,0.003699387,0.0,0.0,1,1,0,0,50,50,0,0,1,1,0,0,50,50,0,0
1505972144,2490378,4259850,2490378,0,0,0.12141692,0.12141689,0.0,0.0,2490378,4325386,2490378,0,0,0.0036251685,0.0036251685,0.0,0.0,1,1,0,0,50,50,0,0,1,1,0,0,50,50,0,0
1506176212,2490378,4259850,2490378,0,0,0.12095221,0.1209522,0.0,0.0,2490378,4325386,2490378,0,0,0.003557206,0.003557206,0.0,0.0,1,1,0,0,50,50,0,0,1,1,0,0,50,50,0,0
1506375331,2490378,4259850,2490378,0,0,0.12570916,0.12570916,0.0,0.0,2490378,4325386,2490378,0,0,0.0036428345,0.003642834,0.0,0.0,1,1,0,0,50,50,0,0,1,1,0,0,50,50,0,0
1506574388,2490378,4259850,2490378,0,0,0.12388893,0.12388893,0.0,0.0,2490378,4325386,2490378,0,0,0.003569814,0.003569814,0.0,0.0,1,1,0,0,50,50,0,0,1,1,0,0,50,50,0,0
1506773480,2490378,4259850,2490378,0,0,0.1234857,0.12348571,0.0,0.0,2490378,4325386,2490378,0,0,0.0032166175,0.0032166175,0.0,0.0,1,1,0,0,50,50,0,0,1,1,0,0,50,50,0,0
1506972565,2490378,4259850,2490378,0,0,0.12373624,0.12373623,0.0,0.0,2490378,4325386,2490378,0,0,0.0036468569,0.0036468569,0.0,0.0,1,1,0,0,50,50,0,0,1,1,0,0,50,50,0,0
1507171659,2490378,4259850,2490378,0,0,0.12595505,0.12595505,0.0,0.0,2490378,4325386,2490378,0,0,0.003186439,0.003186439,0.0,0.0,1,1,0,0,50,50,0,0,1,1,0,0,50,50,0,0
1507375799,2490378,4259850,2490378,0,0,0.12271844,0.122718446,0.0,0.0,2490378,4325386,2490378,0,0,0.003950992,0.003950992,0.0,0.0,1,1,0,0,50,50,0,0,1,1,0,0,50,50,0,0
1507574811,2490378,4259850,2490378,0,0,0.12287967,0.122879684,0.0,0.0,2490378,4325386,2490378,0,0,0.0036871727,0.0036871727,0.0,0.0,1,1,0,0,50,50,0,0,1,1,0,0,50,50,0,0
1507773899,2490378,4259850,2490378,0,0,0.118817665,0.11881766,0.0,0.0,2490378,4325386,2490378,0,0,0.0037809599,0.0037809599,0.0,0.0,1,1,0,0,50,50,0,0,1,1,0,0,50,50,0,0
1507978004,2490378,4259850,2490378,0,0,0.123115145,0.123115145,0.0,0.0,2490378,4325386,2490378,0,0,0.004296581,0.004296581,0.0,0.0,1,1,0,0,50,50,0,0,1,1,0,0,50,50,0,0
1508177081,2490378,4259850,2490378,0,0,0.12320643,0.12320643,0.0,0.0,2490378,4325386,2490378,0,0,0.0043220096,0.0043220096,0.0,0.0,1,1,0,0,50,50,0,0,1,1,0,0,50,50,0,0
1508376144,2490378,4259850,2490378,0,0,0.12328141,0.12328142,0.0,0.0,2490378,4325386,2490378,0,0,0.003952376,0.0039523756,0.0,0.0,1,1,0,0,50,50,0,0,1,1,0,0,50,50,0,0
1508575254,2490378,4259850,2490378,0,0,0.12292062,0.12292064,0.0,0.0,2490378,4325386,2490378,0,0,0.003875607,0.0038756074,0.0,0.0,1,1,0,0,50,50,0,0,1,1,0,0,50,50,0,0
1508774321,2490378,4259850,2490378,0,0,0.12529577,0.12529579,0.0,0.0,2490378,4325386,2490378,0,0,0.004049747,0.0040497473,0.0,0.0,1,1,0,0,50,50,0,0,1,1,0,0,50,50,0,0
1508978392,2490378,4259850,2490378,0,0,0.12326386,0.123263866,0.0,0.0,2490378,4325386,2490378,0,0,0.0036796527,0.0036796532,0.0,0.0,1,1,0,0,50,50,0,0,1,1,0,0,50,50,0,0
1509177480,2490378,4259850,2490378,0,0,0.12412413,0.124124125,0.0,0.0,2490378,4325386,2490378,0,0,0.0039168084,0.0039168084,0.0,0.0,1,1,0,0,50,50,0,0,1,1,0,0,50,50,0,0
1509376569,2490378,4259850,2490378,0,0,0.12118245,0.12118245,0.0,0.0,2490378,4325386,2490378,0,0,0.0033716105,0.0033716105,0.0,0.0,1,1,0,0,50,50,0,0,1,1,0,0,50,50,0,0
1509575657,2490378,4259850,2490378,0,0,0.12229398,0.12229398,0.0,0.0,2490378,4325386,2490378,0,0,0.003949741,0.003949741,0.0,0.0,1,1,0,0,50,50,0,0,1,1,0,0,50,50,0,0
1509774747,2490378,4259850,2490378,0,0,0.12186216,0.12186216,0.0,0.0,2490378,4325386,2490378,0,0,0.0033548023,0.0033548023,0.0,0.0,1,1,0,0,50,50,0,0,1,1,0,0,50,50,0,0
1509973835,2490378,4259850,2490378,0,0,0.12547675,0.12547675,0.0,0.0,2490378,4325386,2490378,0,0,0.0032764657,0.0032764657,0.0,0.0,1,1,0,0,50,50,0,0,1,1,0,0,50,50,0,0
1510172923,2490378,4259850,2490378,0,0,0.1257667,0.1257667,0.0,0.0,2490378,4325386,2490378,0,0,0.0035329566,0.0035329568,0.0,0.0,1,1,0,0,50,50,0,0,1,1,0,0,50,50,0,0
1510376988,2490378,4259850,2490378,0,0,0.123729825,0.123729825,0.0,0.0,2490378,4325386,2490378,0,0,0.003843506,0.0038435063,0.0,0.0,1,1,0,0,50,50,0,0,1,1,0,0,50,50,0,0
1510576075,2490378,4259850,2490378,0,0,0.122909546,0.122909546,0.0,0.0,2490378,4325386,2490378,0,0,0.0036394186,0.0036394184,0.0,0.0,1,1,0,0,50,50,0,0,1,1,0,0,50,50,0,0
1510775193,2490378,4259850,2490378,0,0,0.12233541,0.12233542,0.0,0.0,2490378,4325386,2490378,0,0,0.0032824366,0.0032824364,0.0,0.0,1,1,0,0,50,50,0,0,1,1,0,0,50,50,0,0
1510974256,2490378,4259850,2490378,0,0,0.124954715,0.12495471,0.0,0.0,2490378,4325386,2490378,0,0,0.003498274,0.0034982737,0.0,0.0,1,1,0,0,50,50,0,0,1,1,0,0,50,50,0,0
1511173343,2490378,4259850,2490378,0,0,0.121166684,0.12116669,0.0,0.0,2490378,4325386,2490378,0,0,0.004155341,0.004155341,0.0,0.0,1,1,0,0,50,50,0,0,1,1,0,0,50,50,0,0
1511372478,2490378,4259850,2490378,0,0,0.12469416,0.124694176,0.0,0.0,2490378,4325386,2490378,0,0,0.0040209573,0.0040209573,0.0,0.0,1,1,0,0,50,50,0,0,1,1,0,0,50,50,0,0
1511571520,2490378,4259850,2490378,0,0,0.12220591,0.1222059,0.0,0.0,2490378,4325386,2490378,0,0,0.0035549055,0.003554906,0.0,0.0,1,1,0,0,50,50,0,0,1,1,0,0,50,50,0,0
1511775588,2490378,4259850,2490378,0,0,0.12788326,0.12788324,0.0,0.0,2490378,4325386,2490378,0,0,0.0038930655,0.0038930655,0.0,0.0,1,1,0,0,50,50,0,0,1,1,0,0,50,50,0,0
1511974680,2490378,4259850,2490378,0,0,0.12524328,0.12524326,0.0,0.0,2490378,4325386,2490378,0,0,0.0037953982,0.0037953982,0.0,0.0,1,1,0,0,50,50,0,0,1,1,0,0,50,50,0,0
1512173766,2490378,4259850,2490378,0,0,0.123108394,0.1231084,0.0,0.0,2490378,4325386,2490378,0,0,0.0042278115,0.0042278115,0.0,0.0,1,1,0,0,50,50,0,0,1,1,0,0,50,50,0,0
1512372856,2490378,4259850,2490378,0,0,0.12340381,0.12340381,0.0,0.0,2490378,4325386,2490378,0,0,0.003831957,0.0038319572,0.0,0.0,1,1,0,0,50,50,0,0,1,1,0,0,50,50,0,0
1512576922,2490378,4259850,2490378,0,0,0.12608168,0.12608168,0.0,0.0,2490378,4325386,2490378,0,0,0.0036935331,0.0036935338,0.0,0.0,1,1,0,0,50,50,0,0,1,1,0,0,50,50,0,0
1512776010,2490378,4259850,2490378,0,0,0.12433265,0.12433266,0.0,0.0,2490378,4325386,2490378,0,0,0.0037955733,0.0037955733,0.0,0.0,1,1,0,0,50,50,0,0,1,1,0,0,50,50,0,0
1512975117,2490378,4259850,2490378,0,0,0.12436461,0.12436461,0.0,0.0,2490378,4325386,2490378,0,0,0.0038852599,0.00388526,0.0,0.0,1,1,0,0,50,50,0,0,1,1,0,0,50,50,0,0
1513174186,2490378,4259850,2490378,0,0,0.12330815,0.12330816,0.0,0.0,2490378,4325386,2490378,0,0,0.0041948813,0.0041948813,0.0,0.0,1,1,0,0,50,50,0,0,1,1,0,0,50,50,0,0
1513378255,2490378,4259850,2490378,0,0,0.12269758,0.1226976,0.0,0.0,2490378,4325386,2490378,0,0,0.003631362,0.003631362,0.0,0.0,1,1,0,0,50,50,0,0,1,1,0,0,50,50,0,0
